0.0 	 0.0 
0.1 	 0.0025778128399328165 
0.2 	 0.004843630374513311 
0.3 	 0.00588050201326795 
0.4 	 0.006237875107149032 
0.5 	 0.006315915087356467 
0.6 	 0.006306128878456765 
0.7 	 0.006281502077910187 
0.8 	 0.0062627722484768795 
0.9 	 0.006252094646949187 
1.0 	 0.0062469718227332735 
1.1 	 0.006244859678158556 
1.2 	 0.006244135646491045 
1.3 	 0.006243959943511608 
1.4 	 0.006243960348413756 
1.5 	 0.006243996448570188 
1.6 	 0.006244026560426126 
1.7 	 0.006244044398360564 
1.8 	 0.006244053189171603 
1.9 	 0.00624405691113383 
2.0 	 0.006244058234921428 
2.1 	 0.006244058584569734 
2.2 	 0.006244058607580749 
2.3 	 0.006244058555649879 
2.4 	 0.006244058507536568 
2.5 	 0.006244058477864817 
2.6 	 0.006244058462837248 
2.7 	 0.006244058456311529 
2.8 	 0.006244058453910168 
2.9 	 0.006244058453226722 
3.0 	 0.0062440584531470115 
3.1 	 0.00624405845321769 
3.2 	 0.006244058453293557 
3.3 	 0.006244058453347963 
3.4 	 0.0062440584533691446 
3.5 	 0.006244058453381582 
3.6 	 0.006244058453386037 
3.7 	 0.0062440584533858656 
3.8 	 0.006244058453387382 
3.9 	 0.006244058453386333 
4.0 	 0.006244058453388089 
4.1 	 0.006244058453389148 
4.2 	 0.006244058453387773 
4.3 	 0.006244058453386346 
4.4 	 0.006244058453385224 
4.5 	 0.006244058453385684 
4.6 	 0.006244058453390967 
4.7 	 0.00624405845338695 
4.8 	 0.006244058453385455 
4.9 	 0.006244058453387915 
5.0 	 0.00624405845338509 
5.1 	 0.006244058453382831 
5.2 	 0.006244058453384459 
5.3 	 0.0062440584533855785 
5.4 	 0.00624405845338552 
5.5 	 0.006244058453385492 
5.6 	 0.0062440584533876445 
5.7 	 0.0062440584533875205 
5.8 	 0.006244058453381253 
5.9 	 0.006244058453384305 
6.0 	 0.006244058453390504 
6.1 	 0.006244058453381691 
6.2 	 0.006244058453386292 
6.3 	 0.00624405845338406 
6.4 	 0.006244058453385259 
6.5 	 0.00624405845338595 
6.6 	 0.006244058453386122 
6.7 	 0.006244058453386665 
6.8 	 0.006244058453385213 
6.9 	 0.006244058453387653 
7.0 	 0.006244058453386229 
7.1 	 0.006244058453388664 
7.2 	 0.006244058453388895 
7.3 	 0.0062440584533816615 
7.4 	 0.006244058453382135 
7.5 	 0.006244058453385382 
7.6 	 0.006244058453388829 
7.7 	 0.006244058453383539 
7.8 	 0.006244058453388275 
7.9 	 0.006244058453386824 
8.0 	 0.006244058453386139 
8.1 	 0.00624405845338833 
8.2 	 0.006244058453383799 
8.3 	 0.006244058453388363 
8.4 	 0.006244058453386972 
8.5 	 0.00624405845338389 
8.6 	 0.006244058453387796 
8.7 	 0.0062440584533867555 
8.8 	 0.006244058453386893 
8.9 	 0.006244058453385281 
9.0 	 0.006244058453385701 
9.1 	 0.006244058453382588 
9.2 	 0.006244058453388163 
9.3 	 0.006244058453383242 
9.4 	 0.006244058453386476 
9.5 	 0.006244058453384505 
9.6 	 0.006244058453384999 
9.7 	 0.006244058453389878 
9.8 	 0.006244058453386349 
9.9 	 0.006244058453385239 
10.0 	 0.006244058453384795 
10.1 	 0.006244058453389857 
10.2 	 0.006244058453383686 
10.3 	 0.006244058453387016 
10.4 	 0.006244058453386071 
10.5 	 0.006244058453385946 
10.6 	 0.006244058453388832 
10.7 	 0.006244058453386828 
10.8 	 0.006244058453388928 
10.9 	 0.006244058453386948 
11.0 	 0.006244058453384533 
11.1 	 0.0062440584533880765 
11.2 	 0.006244058453386513 
11.3 	 0.006244058453386257 
11.4 	 0.006244058453389824 
11.5 	 0.00624405845338607 
11.6 	 0.006244058453384521 
11.7 	 0.006244058453388277 
11.8 	 0.00624405845338593 
11.9 	 0.006244058453384815 
12.0 	 0.006244058453385305 
12.1 	 0.006244058453384825 
12.2 	 0.00624405845338588 
12.3 	 0.006244058453387006 
12.4 	 0.006244058453384382 
12.5 	 0.0062440584533802225 
12.6 	 0.006244058453388033 
12.7 	 0.006244058453386224 
12.8 	 0.006244058453384791 
12.9 	 0.006244058453389692 
13.0 	 0.0062440584533848065 
13.1 	 0.006244058453390554 
13.2 	 0.006244058453388776 
13.3 	 0.00624405845338449 
13.4 	 0.006244058453387881 
13.5 	 0.0062440584533853885 
13.6 	 0.006244058453383196 
13.7 	 0.006244058453389103 
13.8 	 0.0062440584533860295 
13.9 	 0.006244058453384342 
14.0 	 0.006244058453383645 
14.1 	 0.0062440584533892465 
14.2 	 0.006244058453385209 
14.3 	 0.006244058453388355 
14.4 	 0.00624405845338497 
14.5 	 0.006244058453386136 
14.6 	 0.0062440584533849704 
14.7 	 0.006244058453388319 
14.8 	 0.006244058453389623 
14.9 	 0.00624405845338655 
15.0 	 0.006244058453385225 
15.1 	 0.006244058453388659 
15.2 	 0.006244058453386295 
15.3 	 0.006244058453388102 
15.4 	 0.006244058453387252 
15.5 	 0.006244058453388121 
15.6 	 0.006244058453385239 
15.7 	 0.006244058453387404 
15.8 	 0.006244058453387875 
15.9 	 0.006244058453382814 
16.0 	 0.006244058453387648 
16.1 	 0.006244058453383856 
16.2 	 0.0062440584533877295 
16.3 	 0.006244058453384404 
16.4 	 0.006244058453385238 
16.5 	 0.006244058453386565 
16.6 	 0.006244058453387234 
16.7 	 0.006244058453387224 
16.8 	 0.006244058453385934 
16.9 	 0.006244058453389421 
17.0 	 0.006244058453384309 
17.1 	 0.006244058453385633 
17.2 	 0.0062440584533836226 
17.3 	 0.006244058453387186 
17.4 	 0.006244058453379886 
17.5 	 0.006244058453386139 
17.6 	 0.006244058453387857 
17.7 	 0.006244058453387299 
17.8 	 0.006244058453383274 
17.9 	 0.006244058453385068 
18.0 	 0.006244058453388604 
18.1 	 0.006244058453385081 
18.2 	 0.006244058453386131 
18.3 	 0.006244058453385176 
18.4 	 0.006244058453382974 
18.5 	 0.006244058453385385 
18.6 	 0.006244058453386906 
18.7 	 0.006244058453385058 
18.8 	 0.006244058453382175 
18.9 	 0.006244058453387729 
19.0 	 0.006244058453385766 
19.1 	 0.006244058453388177 
19.2 	 0.006244058453385797 
19.3 	 0.006244058453390069 
19.4 	 0.0062440584533881216 
19.5 	 0.006244058453387681 
19.6 	 0.006244058453385754 
19.7 	 0.006244058453389453 
19.8 	 0.006244058453387436 
19.9 	 0.0062440584533849895 
20.0 	 0.006244058453388353 
20.1 	 0.00624405845338297 
20.2 	 0.0062440584533865065 
20.3 	 0.006244058453385636 
20.4 	 0.006244058453385827 
20.5 	 0.006244058453387299 
20.6 	 0.006244058453384145 
20.7 	 0.006244058453385622 
20.8 	 0.006244058453388361 
20.9 	 0.006244058453383839 
21.0 	 0.0062440584533864935 
21.1 	 0.006244058453387185 
21.2 	 0.0062440584533871935 
21.3 	 0.006244058453387399 
21.4 	 0.006244058453387343 
21.5 	 0.006244058453386963 
21.6 	 0.006244058453383461 
21.7 	 0.006244058453384783 
21.8 	 0.006244058453388316 
21.9 	 0.0062440584533856565 
22.0 	 0.006244058453385809 
22.1 	 0.0062440584533880765 
22.2 	 0.006244058453387735 
22.3 	 0.006244058453383531 
22.4 	 0.006244058453385092 
22.5 	 0.006244058453390609 
22.6 	 0.0062440584533848195 
22.7 	 0.006244058453383949 
22.8 	 0.006244058453389629 
22.9 	 0.006244058453389577 
23.0 	 0.006244058453384143 
23.1 	 0.006244058453382327 
23.2 	 0.006244058453387432 
23.3 	 0.006244058453384761 
23.4 	 0.006244058453384112 
23.5 	 0.0062440584533839764 
23.6 	 0.006244058453383647 
23.7 	 0.006244058453389165 
23.8 	 0.00624405845338761 
23.9 	 0.006244058453383647 
24.0 	 0.006244058453387768 
24.1 	 0.006244058453387067 
24.2 	 0.006244058453385739 
24.3 	 0.006244058453386706 
24.4 	 0.006244058453383774 
24.5 	 0.006244058453385734 
24.6 	 0.006244058453391451 
24.7 	 0.006244058453387707 
24.8 	 0.006244058453385885 
24.9 	 0.006244058453385449 
25.0 	 0.006244058453386522 
25.1 	 0.006244058453388123 
25.2 	 0.006244058453383444 
25.3 	 0.006244058453384129 
25.4 	 0.006244058453385914 
25.5 	 0.00624405845338431 
25.6 	 0.006244058453381691 
25.7 	 0.006244058453384353 
25.8 	 0.006244058453388892 
25.9 	 0.006244058453386311 
26.0 	 0.006244058453388667 
26.1 	 0.006244058453385574 
26.2 	 0.006244058453382981 
26.3 	 0.006244058453384813 
26.4 	 0.006244058453383476 
26.5 	 0.006244058453386369 
26.6 	 0.006244058453385413 
26.7 	 0.006244058453387453 
26.8 	 0.0062440584533863565 
26.9 	 0.006244058453387486 
27.0 	 0.00624405845338402 
27.1 	 0.00624405845338638 
27.2 	 0.006244058453390686 
27.3 	 0.006244058453381884 
27.4 	 0.006244058453386439 
27.5 	 0.006244058453386706 
27.6 	 0.00624405845338386 
27.7 	 0.006244058453382984 
27.8 	 0.0062440584533867815 
27.9 	 0.006244058453386493 
28.0 	 0.006244058453388361 
28.1 	 0.006244058453382592 
28.2 	 0.006244058453388768 
28.3 	 0.006244058453389385 
28.4 	 0.006244058453385879 
28.5 	 0.006244058453387289 
28.6 	 0.0062440584533845775 
28.7 	 0.00624405845338607 
28.8 	 0.006244058453386089 
28.9 	 0.006244058453387829 
29.0 	 0.0062440584533840875 
29.1 	 0.0062440584533861145 
29.2 	 0.0062440584533876055 
29.3 	 0.006244058453385298 
29.4 	 0.006244058453385474 
29.5 	 0.00624405845338845 
29.6 	 0.006244058453390328 
29.7 	 0.006244058453387154 
29.8 	 0.006244058453385609 
29.9 	 0.006244058453383425 
30.0 	 0.00624405845338891 
30.1 	 0.006244058453384632 
30.2 	 0.006244058453385131 
30.3 	 0.006244058453387908 
30.4 	 0.006244058453385688 
30.5 	 0.0062440584533865065 
30.6 	 0.006244058453382561 
30.7 	 0.00624405845338545 
30.8 	 0.006244058453386988 
30.9 	 0.006244058453387248 
31.0 	 0.006244058453386347 
31.1 	 0.00624405845338673 
31.2 	 0.006244058453386716 
31.3 	 0.006244058453386768 
31.4 	 0.006244058453386891 
31.5 	 0.006244058453386988 
31.6 	 0.006244058453391131 
31.7 	 0.006244058453386257 
31.8 	 0.0062440584533845255 
31.9 	 0.006244058453384325 
32.0 	 0.006244058453386312 
32.1 	 0.006244058453382324 
32.2 	 0.006244058453388321 
32.3 	 0.006244058453388214 
32.4 	 0.0062440584533827725 
32.5 	 0.006244058453384486 
32.6 	 0.006244058453385518 
32.7 	 0.0062440584533859245 
32.8 	 0.006244058453386599 
32.9 	 0.006244058453384614 
33.0 	 0.006244058453385448 
33.1 	 0.006244058453381916 
33.2 	 0.006244058453383003 
33.3 	 0.00624405845338239 
33.4 	 0.006244058453384832 
33.5 	 0.006244058453387426 
33.6 	 0.006244058453387857 
33.7 	 0.006244058453388147 
33.8 	 0.006244058453383873 
33.9 	 0.006244058453384122 
34.0 	 0.0062440584533881155 
34.1 	 0.006244058453386222 
34.2 	 0.006244058453386839 
34.3 	 0.006244058453385433 
34.4 	 0.006244058453386653 
34.5 	 0.0062440584533847475 
34.6 	 0.006244058453387014 
34.7 	 0.006244058453385873 
34.8 	 0.0062440584533881025 
34.9 	 0.006244058453387231 
35.0 	 0.0062440584533838776 
35.1 	 0.006244058453388286 
35.2 	 0.006244058453385017 
35.3 	 0.006244058453386781 
35.4 	 0.006244058453388238 
35.5 	 0.006244058453387622 
35.6 	 0.006244058453388327 
35.7 	 0.006244058453387064 
35.8 	 0.0062440584533848455 
35.9 	 0.006244058453388715 
36.0 	 0.00624405845338655 
36.1 	 0.006244058453390058 
36.2 	 0.0062440584533842314 
36.3 	 0.006244058453381721 
36.4 	 0.006244058453385922 
36.5 	 0.006244058453385233 
36.6 	 0.006244058453387607 
36.7 	 0.0062440584533880105 
36.8 	 0.006244058453386111 
36.9 	 0.006244058453385224 
37.0 	 0.0062440584533842635 
37.1 	 0.0062440584533838776 
37.2 	 0.006244058453386323 
37.3 	 0.006244058453386726 
37.4 	 0.006244058453386329 
37.5 	 0.006244058453389256 
37.6 	 0.006244058453386837 
37.7 	 0.006244058453384593 
37.8 	 0.006244058453385749 
37.9 	 0.006244058453385707 
38.0 	 0.006244058453384996 
38.1 	 0.006244058453387632 
38.2 	 0.006244058453385041 
38.3 	 0.006244058453386559 
38.4 	 0.006244058453386665 
38.5 	 0.006244058453386168 
38.6 	 0.006244058453381261 
38.7 	 0.006244058453387846 
38.8 	 0.006244058453385909 
38.9 	 0.0062440584533836165 
39.0 	 0.006244058453388669 
39.1 	 0.006244058453387121 
39.2 	 0.006244058453383228 
39.3 	 0.006244058453385949 
39.4 	 0.0062440584533823085 
39.5 	 0.006244058453383471 
39.6 	 0.006244058453389569 
39.7 	 0.006244058453386953 
39.8 	 0.006244058453384494 
39.9 	 0.0062440584533828905 
40.0 	 0.0062440584533854995 
40.1 	 0.006244058453384058 
40.2 	 0.006244058453384317 
40.3 	 0.006244058453391419 
40.4 	 0.00624405845338464 
40.5 	 0.006244058453387675 
40.6 	 0.006244058453386784 
40.7 	 0.00624405845338805 
40.8 	 0.0062440584533825835 
40.9 	 0.006244058453384259 
41.0 	 0.006244058453386319 
41.1 	 0.006244058453384761 
41.2 	 0.00624405845338713 
41.3 	 0.006244058453385419 
41.4 	 0.006244058453385419 
41.5 	 0.006244058453382617 
41.6 	 0.006244058453388105 
41.7 	 0.006244058453387855 
41.8 	 0.006244058453382614 
41.9 	 0.00624405845338245 
42.0 	 0.006244058453384756 
42.1 	 0.006244058453387897 
42.2 	 0.006244058453385439 
42.3 	 0.006244058453388906 
42.4 	 0.00624405845338725 
42.5 	 0.006244058453385497 
42.6 	 0.006244058453387482 
42.7 	 0.006244058453387697 
42.8 	 0.006244058453389425 
42.9 	 0.006244058453384533 
43.0 	 0.006244058453385649 
43.1 	 0.006244058453386934 
43.2 	 0.006244058453389124 
43.3 	 0.006244058453385625 
43.4 	 0.006244058453383442 
43.5 	 0.00624405845338724 
43.6 	 0.006244058453390064 
43.7 	 0.00624405845338411 
43.8 	 0.0062440584533871935 
43.9 	 0.006244058453384537 
44.0 	 0.006244058453387278 
44.1 	 0.00624405845339006 
44.2 	 0.006244058453383454 
44.3 	 0.006244058453383694 
44.4 	 0.006244058453385401 
44.5 	 0.006244058453389439 
44.6 	 0.006244058453387508 
44.7 	 0.0062440584533870165 
44.8 	 0.0062440584533861206 
44.9 	 0.006244058453385286 
45.0 	 0.0062440584533858924 
45.1 	 0.0062440584533854605 
45.2 	 0.006244058453383111 
45.3 	 0.006244058453387195 
45.4 	 0.006244058453382154 
45.5 	 0.00624405845338645 
45.6 	 0.006244058453385289 
45.7 	 0.006244058453387236 
45.8 	 0.0062440584533834794 
45.9 	 0.006244058453390263 
46.0 	 0.006244058453383205 
46.1 	 0.006244058453387089 
46.2 	 0.006244058453385641 
46.3 	 0.0062440584533859185 
46.4 	 0.006244058453386651 
46.5 	 0.006244058453387297 
46.6 	 0.006244058453387263 
46.7 	 0.006244058453383216 
46.8 	 0.006244058453387623 
46.9 	 0.006244058453383784 
47.0 	 0.006244058453387231 
47.1 	 0.006244058453389597 
47.2 	 0.006244058453383 
47.3 	 0.006244058453384819 
47.4 	 0.006244058453385993 
47.5 	 0.006244058453384325 
47.6 	 0.0062440584533863305 
47.7 	 0.006244058453385484 
47.8 	 0.006244058453386857 
47.9 	 0.006244058453385733 
48.0 	 0.006244058453390282 
48.1 	 0.006244058453380145 
48.2 	 0.006244058453381868 
48.3 	 0.006244058453387607 
48.4 	 0.006244058453384547 
48.5 	 0.0062440584533854405 
48.6 	 0.0062440584533865725 
48.7 	 0.006244058453386784 
48.8 	 0.006244058453387205 
48.9 	 0.006244058453383715 
49.0 	 0.006244058453386327 
49.1 	 0.006244058453386762 
49.2 	 0.006244058453386774 
49.3 	 0.006244058453385914 
49.4 	 0.0062440584533839 
49.5 	 0.006244058453385251 
49.6 	 0.006244058453387428 
49.7 	 0.006244058453387427 
49.8 	 0.006244058453388258 
49.9 	 0.006244058453383183 
50.0 	 0.006244058453387682 
50.1 	 0.0062440584533868075 
50.2 	 0.006244058453384805 
50.3 	 0.006244058453388553 
50.4 	 0.006244058453387865 
50.5 	 0.006244058453385238 
50.6 	 0.006244058453388328 
50.7 	 0.0062440584533853755 
50.8 	 0.006244058453387774 
50.9 	 0.006244058453384774 
51.0 	 0.0062440584533865525 
51.1 	 0.00624405845338789 
51.2 	 0.00624405845338707 
51.3 	 0.00624405845338286 
51.4 	 0.006244058453385899 
51.5 	 0.006244058453386261 
51.6 	 0.0062440584533869645 
51.7 	 0.0062440584533844145 
51.8 	 0.006244058453386901 
51.9 	 0.006244058453389108 
52.0 	 0.006244058453387259 
52.1 	 0.006244058453386533 
52.2 	 0.0062440584533873696 
52.3 	 0.006244058453383882 
52.4 	 0.0062440584533863305 
52.5 	 0.006244058453386247 
52.6 	 0.006244058453388787 
52.7 	 0.006244058453385364 
52.8 	 0.006244058453383542 
52.9 	 0.00624405845338884 
53.0 	 0.006244058453387448 
53.1 	 0.006244058453386398 
53.2 	 0.006244058453379549 
53.3 	 0.0062440584533914175 
53.4 	 0.00624405845338523 
53.5 	 0.006244058453386564 
53.6 	 0.006244058453385031 
53.7 	 0.006244058453384836 
53.8 	 0.006244058453389179 
53.9 	 0.006244058453386121 
54.0 	 0.006244058453386132 
54.1 	 0.0062440584533806544 
54.2 	 0.0062440584533867815 
54.3 	 0.006244058453383368 
54.4 	 0.006244058453389824 
54.5 	 0.006244058453385671 
54.6 	 0.006244058453380102 
54.7 	 0.006244058453382977 
54.8 	 0.006244058453386022 
54.9 	 0.0062440584533862585 
55.0 	 0.006244058453385821 
55.1 	 0.006244058453386291 
55.2 	 0.006244058453388094 
55.3 	 0.006244058453387642 
55.4 	 0.006244058453387514 
55.5 	 0.006244058453387204 
55.6 	 0.006244058453388093 
55.7 	 0.006244058453388068 
55.8 	 0.006244058453384327 
55.9 	 0.006244058453383503 
56.0 	 0.006244058453385486 
56.1 	 0.006244058453388701 
56.2 	 0.006244058453387248 
56.3 	 0.006244058453385646 
56.4 	 0.00624405845338651 
56.5 	 0.006244058453386476 
56.6 	 0.006244058453385829 
56.7 	 0.00624405845338718 
56.8 	 0.006244058453385353 
56.9 	 0.006244058453386287 
57.0 	 0.006244058453387648 
57.1 	 0.0062440584533884885 
57.2 	 0.006244058453387822 
57.3 	 0.006244058453387409 
57.4 	 0.006244058453385936 
57.5 	 0.00624405845338727 
57.6 	 0.006244058453386195 
57.7 	 0.0062440584533861206 
57.8 	 0.006244058453384986 
57.9 	 0.006244058453385862 
58.0 	 0.006244058453387619 
58.1 	 0.006244058453388995 
58.2 	 0.006244058453386077 
58.3 	 0.006244058453384991 
58.4 	 0.006244058453385372 
58.5 	 0.006244058453386299 
58.6 	 0.006244058453388117 
58.7 	 0.006244058453385047 
58.8 	 0.006244058453386582 
58.9 	 0.006244058453387778 
59.0 	 0.006244058453386881 
59.1 	 0.006244058453387744 
59.2 	 0.006244058453386615 
59.3 	 0.006244058453388325 
59.4 	 0.006244058453387791 
59.5 	 0.006244058453385392 
59.6 	 0.006244058453387151 
59.7 	 0.00624405845338716 
59.8 	 0.006244058453384558 
59.9 	 0.006244058453386761 
60.0 	 0.0062440584533876515 
60.1 	 0.006244058453385413 
60.2 	 0.006244058453386723 
60.3 	 0.006244058453385188 
60.4 	 0.00624405845338403 
60.5 	 0.006244058453385172 
60.6 	 0.006244058453383236 
60.7 	 0.006244058453385013 
60.8 	 0.006244058453386582 
60.9 	 0.0062440584533901555 
61.0 	 0.006244058453384391 
61.1 	 0.006244058453382134 
61.2 	 0.006244058453387638 
61.3 	 0.006244058453384811 
61.4 	 0.006244058453390882 
61.5 	 0.006244058453383886 
61.6 	 0.0062440584533842245 
61.7 	 0.006244058453384825 
61.8 	 0.00624405845338914 
61.9 	 0.006244058453388561 
62.0 	 0.006244058453383045 
62.1 	 0.006244058453384966 
62.2 	 0.006244058453383192 
62.3 	 0.006244058453386764 
62.4 	 0.006244058453383838 
62.5 	 0.0062440584533887036 
62.6 	 0.006244058453385207 
62.7 	 0.006244058453383683 
62.8 	 0.006244058453387402 
62.9 	 0.006244058453386278 
63.0 	 0.006244058453386794 
63.1 	 0.0062440584533848134 
63.2 	 0.00624405845338663 
63.3 	 0.006244058453385698 
63.4 	 0.006244058453383493 
63.5 	 0.006244058453387901 
63.6 	 0.006244058453386388 
63.7 	 0.006244058453385025 
63.8 	 0.006244058453384134 
63.9 	 0.006244058453388939 
64.0 	 0.006244058453387214 
64.1 	 0.006244058453383246 
64.2 	 0.006244058453387006 
64.3 	 0.006244058453387665 
64.4 	 0.006244058453386106 
64.5 	 0.006244058453386278 
64.6 	 0.0062440584533889135 
64.7 	 0.0062440584533856305 
64.8 	 0.00624405845338813 
64.9 	 0.006244058453386538 
65.0 	 0.0062440584533843555 
65.1 	 0.006244058453385645 
65.2 	 0.00624405845339071 
65.3 	 0.006244058453384922 
65.4 	 0.006244058453387417 
65.5 	 0.006244058453382148 
65.6 	 0.006244058453382777 
65.7 	 0.0062440584533862715 
65.8 	 0.006244058453388839 
65.9 	 0.0062440584533879516 
66.0 	 0.00624405845338538 
66.1 	 0.006244058453387635 
66.2 	 0.006244058453386121 
66.3 	 0.006244058453384777 
66.4 	 0.006244058453385443 
66.5 	 0.006244058453385535 
66.6 	 0.006244058453386766 
66.7 	 0.006244058453385253 
66.8 	 0.00624405845338722 
66.9 	 0.006244058453383504 
67.0 	 0.006244058453390327 
67.1 	 0.00624405845338958 
67.2 	 0.006244058453387012 
67.3 	 0.006244058453384373 
67.4 	 0.00624405845338741 
67.5 	 0.006244058453384555 
67.6 	 0.0062440584533894495 
67.7 	 0.006244058453385903 
67.8 	 0.006244058453387661 
67.9 	 0.006244058453388333 
68.0 	 0.006244058453386069 
68.1 	 0.006244058453383614 
68.2 	 0.006244058453389001 
68.3 	 0.0062440584533823285 
68.4 	 0.006244058453390066 
68.5 	 0.006244058453386539 
68.6 	 0.006244058453385472 
68.7 	 0.006244058453383143 
68.8 	 0.006244058453384018 
68.9 	 0.006244058453384983 
69.0 	 0.0062440584533832106 
69.1 	 0.0062440584533884555 
69.2 	 0.0062440584533877035 
69.3 	 0.006244058453386909 
69.4 	 0.006244058453390325 
69.5 	 0.006244058453386351 
69.6 	 0.006244058453387099 
69.7 	 0.006244058453386319 
69.8 	 0.006244058453384504 
69.9 	 0.0062440584533865395 
70.0 	 0.006244058453385885 
70.1 	 0.006244058453388526 
70.2 	 0.006244058453387268 
70.3 	 0.006244058453385615 
70.4 	 0.006244058453384825 
70.5 	 0.006244058453383476 
70.6 	 0.0062440584533867555 
70.7 	 0.006244058453389258 
70.8 	 0.006244058453385419 
70.9 	 0.006244058453388281 
71.0 	 0.006244058453387884 
71.1 	 0.0062440584533828974 
71.2 	 0.006244058453385443 
71.3 	 0.0062440584533897175 
71.4 	 0.006244058453390522 
71.5 	 0.006244058453388905 
71.6 	 0.006244058453387736 
71.7 	 0.006244058453385715 
71.8 	 0.006244058453387386 
71.9 	 0.006244058453387418 
72.0 	 0.006244058453389971 
72.1 	 0.006244058453389898 
72.2 	 0.0062440584533848854 
72.3 	 0.006244058453386301 
72.4 	 0.006244058453385672 
72.5 	 0.006244058453387862 
72.6 	 0.006244058453386544 
72.7 	 0.00624405845338296 
72.8 	 0.006244058453383885 
72.9 	 0.006244058453387837 
73.0 	 0.006244058453385605 
73.1 	 0.006244058453384743 
73.2 	 0.0062440584533847805 
73.3 	 0.006244058453388738 
73.4 	 0.0062440584533868014 
73.5 	 0.006244058453382077 
73.6 	 0.0062440584533871865 
73.7 	 0.006244058453384516 
73.8 	 0.006244058453384603 
73.9 	 0.006244058453385638 
74.0 	 0.006244058453386055 
74.1 	 0.006244058453388684 
74.2 	 0.006244058453383154 
74.3 	 0.006244058453386373 
74.4 	 0.0062440584533812035 
74.5 	 0.006244058453383884 
74.6 	 0.006244058453387216 
74.7 	 0.006244058453385263 
74.8 	 0.00624405845338698 
74.9 	 0.006244058453385494 
75.0 	 0.006244058453385979 
75.1 	 0.006244058453387412 
75.2 	 0.006244058453383887 
75.3 	 0.006244058453385677 
75.4 	 0.006244058453389574 
75.5 	 0.006244058453387725 
75.6 	 0.006244058453385831 
75.7 	 0.006244058453388787 
75.8 	 0.006244058453385056 
75.9 	 0.006244058453384074 
76.0 	 0.006244058453385368 
76.1 	 0.00624405845338547 
76.2 	 0.006244058453388989 
76.3 	 0.006244058453381406 
76.4 	 0.006244058453388314 
76.5 	 0.006244058453385485 
76.6 	 0.00624405845338833 
76.7 	 0.00624405845338716 
76.8 	 0.006244058453390525 
76.9 	 0.00624405845338833 
77.0 	 0.00624405845338304 
77.1 	 0.006244058453387547 
77.2 	 0.006244058453384749 
77.3 	 0.006244058453391086 
77.4 	 0.006244058453383317 
77.5 	 0.006244058453385197 
77.6 	 0.00624405845338721 
77.7 	 0.006244058453384351 
77.8 	 0.006244058453387686 
77.9 	 0.006244058453382323 
78.0 	 0.006244058453384822 
78.1 	 0.006244058453382963 
78.2 	 0.006244058453385249 
78.3 	 0.0062440584533871605 
78.4 	 0.006244058453385371 
78.5 	 0.0062440584533876116 
78.6 	 0.006244058453389386 
78.7 	 0.006244058453384251 
78.8 	 0.0062440584533887036 
78.9 	 0.00624405845338815 
79.0 	 0.006244058453389869 
79.1 	 0.00624405845338698 
79.2 	 0.006244058453388074 
79.3 	 0.006244058453385217 
79.4 	 0.0062440584533855915 
79.5 	 0.006244058453382562 
79.6 	 0.006244058453386993 
79.7 	 0.006244058453389194 
79.8 	 0.006244058453384764 
79.9 	 0.006244058453388067 
80.0 	 0.0062440584533844535 
80.1 	 0.006244058453384829 
80.2 	 0.006244058453383729 
80.3 	 0.006244058453386955 
80.4 	 0.006244058453383622 
80.5 	 0.006244058453390318 
80.6 	 0.006244058453388315 
80.7 	 0.006244058453387234 
80.8 	 0.00624405845338677 
80.9 	 0.006244058453380925 
81.0 	 0.006244058453382132 
81.1 	 0.006244058453386093 
81.2 	 0.006244058453383771 
81.3 	 0.006244058453385403 
81.4 	 0.006244058453384254 
81.5 	 0.006244058453386277 
81.6 	 0.00624405845338559 
81.7 	 0.006244058453384805 
81.8 	 0.006244058453384517 
81.9 	 0.006244058453387002 
82.0 	 0.006244058453388099 
82.1 	 0.00624405845338391 
82.2 	 0.0062440584533852254 
82.3 	 0.006244058453385142 
82.4 	 0.006244058453383652 
82.5 	 0.00624405845338833 
82.6 	 0.006244058453387482 
82.7 	 0.0062440584533879325 
82.8 	 0.0062440584533885795 
82.9 	 0.006244058453388638 
83.0 	 0.006244058453386868 
83.1 	 0.006244058453385255 
83.2 	 0.0062440584533886186 
83.3 	 0.006244058453386128 
83.4 	 0.006244058453388092 
83.5 	 0.006244058453386249 
83.6 	 0.0062440584533846235 
83.7 	 0.006244058453384487 
83.8 	 0.006244058453385275 
83.9 	 0.006244058453384583 
84.0 	 0.006244058453386487 
84.1 	 0.006244058453385997 
84.2 	 0.006244058453386957 
84.3 	 0.006244058453386124 
84.4 	 0.006244058453385163 
84.5 	 0.0062440584533861795 
84.6 	 0.006244058453386076 
84.7 	 0.00624405845338984 
84.8 	 0.0062440584533846235 
84.9 	 0.006244058453385675 
85.0 	 0.006244058453385213 
85.1 	 0.00624405845338406 
85.2 	 0.006244058453386129 
85.3 	 0.006244058453385473 
85.4 	 0.006244058453386761 
85.5 	 0.0062440584533843295 
85.6 	 0.006244058453386106 
85.7 	 0.006244058453385189 
85.8 	 0.006244058453386972 
85.9 	 0.006244058453389594 
86.0 	 0.00624405845338608 
86.1 	 0.006244058453382927 
86.2 	 0.0062440584533870296 
86.3 	 0.006244058453389478 
86.4 	 0.006244058453386364 
86.5 	 0.006244058453388313 
86.6 	 0.00624405845338827 
86.7 	 0.00624405845338713 
86.8 	 0.006244058453385887 
86.9 	 0.006244058453387202 
87.0 	 0.006244058453387016 
87.1 	 0.006244058453384342 
87.2 	 0.006244058453387182 
87.3 	 0.0062440584533871935 
87.4 	 0.006244058453385446 
87.5 	 0.006244058453387079 
87.6 	 0.006244058453390043 
87.7 	 0.006244058453386302 
87.8 	 0.00624405845338877 
87.9 	 0.00624405845338929 
88.0 	 0.006244058453389111 
88.1 	 0.006244058453386323 
88.2 	 0.006244058453386121 
88.3 	 0.006244058453386398 
88.4 	 0.006244058453387643 
88.5 	 0.006244058453385433 
88.6 	 0.006244058453388758 
88.7 	 0.0062440584533849895 
88.8 	 0.006244058453385436 
88.9 	 0.006244058453384304 
89.0 	 0.006244058453385625 
89.1 	 0.006244058453388521 
89.2 	 0.006244058453387462 
89.3 	 0.006244058453386388 
89.4 	 0.006244058453384975 
89.5 	 0.006244058453383681 
89.6 	 0.006244058453385895 
89.7 	 0.006244058453386883 
89.8 	 0.006244058453385329 
89.9 	 0.006244058453389005 
90.0 	 0.006244058453385627 
90.1 	 0.006244058453385638 
90.2 	 0.0062440584533884754 
90.3 	 0.006244058453387409 
90.4 	 0.006244058453392121 
90.5 	 0.006244058453391028 
90.6 	 0.006244058453389425 
90.7 	 0.006244058453384987 
90.8 	 0.006244058453388738 
90.9 	 0.0062440584533871284 
91.0 	 0.006244058453389769 
91.1 	 0.006244058453384405 
91.2 	 0.006244058453386803 
91.3 	 0.006244058453386095 
91.4 	 0.00624405845338829 
91.5 	 0.006244058453386732 
91.6 	 0.00624405845338784 
91.7 	 0.006244058453386471 
91.8 	 0.006244058453386528 
91.9 	 0.0062440584533888675 
92.0 	 0.0062440584533866115 
92.1 	 0.006244058453385709 
92.2 	 0.006244058453384977 
92.3 	 0.00624405845338582 
92.4 	 0.00624405845338806 
92.5 	 0.0062440584533852185 
92.6 	 0.0062440584533836364 
92.7 	 0.006244058453382081 
92.8 	 0.006244058453386524 
92.9 	 0.006244058453384805 
93.0 	 0.006244058453387635 
93.1 	 0.006244058453386102 
93.2 	 0.0062440584533849704 
93.3 	 0.006244058453386127 
93.4 	 0.006244058453391047 
93.5 	 0.006244058453386776 
93.6 	 0.006244058453384565 
93.7 	 0.0062440584533847675 
93.8 	 0.006244058453384041 
93.9 	 0.006244058453386869 
94.0 	 0.006244058453387398 
94.1 	 0.006244058453385392 
94.2 	 0.006244058453385595 
94.3 	 0.00624405845338361 
94.4 	 0.006244058453386338 
94.5 	 0.006244058453385529 
94.6 	 0.006244058453386776 
94.7 	 0.006244058453388182 
94.8 	 0.0062440584533844466 
94.9 	 0.00624405845338678 
95.0 	 0.006244058453384725 
95.1 	 0.0062440584533834664 
95.2 	 0.006244058453385362 
95.3 	 0.006244058453383504 
95.4 	 0.0062440584533863305 
95.5 	 0.00624405845338482 
95.6 	 0.006244058453386182 
95.7 	 0.006244058453385218 
95.8 	 0.006244058453386312 
95.9 	 0.00624405845338384 
96.0 	 0.006244058453388308 
96.1 	 0.006244058453386506 
96.2 	 0.006244058453383671 
96.3 	 0.0062440584533861535 
96.4 	 0.0062440584533847475 
96.5 	 0.006244058453384198 
96.6 	 0.006244058453384692 
96.7 	 0.006244058453386061 
96.8 	 0.0062440584533829824 
96.9 	 0.006244058453387691 
97.0 	 0.006244058453384784 
97.1 	 0.00624405845338594 
97.2 	 0.006244058453386314 
97.3 	 0.006244058453385604 
97.4 	 0.006244058453384292 
97.5 	 0.006244058453387716 
97.6 	 0.006244058453384202 
97.7 	 0.006244058453389876 
97.8 	 0.00624405845338654 
97.9 	 0.0062440584533873114 
98.0 	 0.0062440584533863175 
98.1 	 0.006244058453383697 
98.2 	 0.006244058453388198 
98.3 	 0.006244058453387073 
98.4 	 0.006244058453387461 
98.5 	 0.006244058453385478 
98.6 	 0.006244058453388321 
98.7 	 0.0062440584533854405 
98.8 	 0.006244058453385862 
98.9 	 0.00624405845338626 
99.0 	 0.006244058453383116 
99.1 	 0.006244058453387084 
99.2 	 0.006244058453386577 
99.3 	 0.006244058453385912 
99.4 	 0.006244058453387432 
99.5 	 0.0062440584533887825 
99.6 	 0.006244058453388733 
99.7 	 0.006244058453386129 
99.8 	 0.006244058453384817 
99.9 	 0.006244058453380306 
100.0 	 0.006244058453385728 
100.1 	 0.006244058453387006 
100.2 	 0.006244058453386579 
100.3 	 0.006244058453382791 
100.4 	 0.006244058453387031 
100.5 	 0.006244058453384595 
100.6 	 0.006244058453386156 
100.7 	 0.006244058453387064 
100.8 	 0.006244058453386184 
100.9 	 0.006244058453387204 
101.0 	 0.00624405845338947 
101.1 	 0.006244058453385238 
101.2 	 0.006244058453384758 
101.3 	 0.006244058453386894 
101.4 	 0.0062440584533841725 
101.5 	 0.0062440584533868075 
101.6 	 0.006244058453390487 
101.7 	 0.006244058453390066 
101.8 	 0.006244058453383281 
101.9 	 0.006244058453385899 
102.0 	 0.00624405845338596 
102.1 	 0.006244058453383964 
102.2 	 0.006244058453388117 
102.3 	 0.006244058453387639 
102.4 	 0.006244058453391004 
102.5 	 0.006244058453389324 
102.6 	 0.006244058453384604 
102.7 	 0.006244058453385401 
102.8 	 0.006244058453382786 
102.9 	 0.006244058453387635 
103.0 	 0.0062440584533876 
103.1 	 0.00624405845338509 
103.2 	 0.006244058453385207 
103.3 	 0.006244058453389495 
103.4 	 0.006244058453383534 
103.5 	 0.00624405845338777 
103.6 	 0.0062440584533853 
103.7 	 0.006244058453384647 
103.8 	 0.006244058453387791 
103.9 	 0.006244058453386493 
104.0 	 0.0062440584533867615 
104.1 	 0.006244058453384112 
104.2 	 0.00624405845338981 
104.3 	 0.0062440584533883115 
104.4 	 0.006244058453384785 
104.5 	 0.006244058453383207 
104.6 	 0.006244058453385851 
104.7 	 0.006244058453384098 
104.8 	 0.006244058453387146 
104.9 	 0.006244058453385862 
105.0 	 0.0062440584533849704 
105.1 	 0.006244058453388319 
105.2 	 0.006244058453387587 
105.3 	 0.006244058453384082 
105.4 	 0.006244058453386082 
105.5 	 0.006244058453390358 
105.6 	 0.006244058453384852 
105.7 	 0.006244058453390825 
105.8 	 0.00624405845338184 
105.9 	 0.006244058453386464 
106.0 	 0.006244058453386942 
106.1 	 0.006244058453388319 
106.2 	 0.006244058453384676 
106.3 	 0.00624405845338647 
106.4 	 0.006244058453385217 
106.5 	 0.006244058453387004 
106.6 	 0.006244058453388535 
106.7 	 0.006244058453383903 
106.8 	 0.006244058453383643 
106.9 	 0.006244058453382796 
107.0 	 0.006244058453385678 
107.1 	 0.006244058453384438 
107.2 	 0.00624405845337965 
107.3 	 0.006244058453382739 
107.4 	 0.006244058453382963 
107.5 	 0.006244058453388769 
107.6 	 0.006244058453386476 
107.7 	 0.006244058453387408 
107.8 	 0.006244058453386892 
107.9 	 0.006244058453386544 
108.0 	 0.006244058453389404 
108.1 	 0.006244058453385303 
108.2 	 0.006244058453386405 
108.3 	 0.006244058453388087 
108.4 	 0.006244058453387864 
108.5 	 0.006244058453383714 
108.6 	 0.006244058453384041 
108.7 	 0.0062440584533867095 
108.8 	 0.00624405845338447 
108.9 	 0.006244058453387611 
109.0 	 0.006244058453388886 
109.1 	 0.006244058453383834 
109.2 	 0.006244058453382996 
109.3 	 0.00624405845338478 
109.4 	 0.006244058453389722 
109.5 	 0.006244058453387911 
109.6 	 0.006244058453384728 
109.7 	 0.006244058453388091 
109.8 	 0.006244058453383672 
109.9 	 0.006244058453385665 
110.0 	 0.0062440584533865065 
110.1 	 0.006244058453382688 
110.2 	 0.00624405845338757 
110.3 	 0.006244058453382645 
110.4 	 0.006244058453384179 
110.5 	 0.006244058453387501 
110.6 	 0.006244058453386729 
110.7 	 0.0062440584533882855 
110.8 	 0.00624405845338543 
110.9 	 0.006244058453384297 
111.0 	 0.006244058453386749 
111.1 	 0.006244058453385944 
111.2 	 0.006244058453385357 
111.3 	 0.006244058453386394 
111.4 	 0.006244058453384834 
111.5 	 0.00624405845338432 
111.6 	 0.006244058453387967 
111.7 	 0.006244058453386134 
111.8 	 0.006244058453390214 
111.9 	 0.0062440584533865065 
112.0 	 0.006244058453387408 
112.1 	 0.006244058453384795 
112.2 	 0.006244058453385454 
112.3 	 0.006244058453384153 
112.4 	 0.006244058453383423 
112.5 	 0.006244058453386338 
112.6 	 0.006244058453385126 
112.7 	 0.006244058453385512 
112.8 	 0.006244058453384811 
112.9 	 0.006244058453382344 
113.0 	 0.006244058453388315 
113.1 	 0.006244058453384041 
113.2 	 0.006244058453388644 
113.3 	 0.006244058453386704 
113.4 	 0.006244058453389608 
113.5 	 0.006244058453384948 
113.6 	 0.006244058453389091 
113.7 	 0.006244058453386312 
113.8 	 0.006244058453387315 
113.9 	 0.00624405845338582 
114.0 	 0.006244058453387267 
114.1 	 0.006244058453387043 
114.2 	 0.0062440584533850225 
114.3 	 0.006244058453387326 
114.4 	 0.00624405845338517 
114.5 	 0.006244058453389381 
114.6 	 0.006244058453384411 
114.7 	 0.0062440584533866115 
114.8 	 0.006244058453384817 
114.9 	 0.00624405845338594 
115.0 	 0.0062440584533872655 
115.1 	 0.006244058453388355 
115.2 	 0.006244058453385332 
115.3 	 0.006244058453385572 
115.4 	 0.006244058453385864 
115.5 	 0.006244058453387192 
115.6 	 0.0062440584533883054 
115.7 	 0.006244058453385448 
115.8 	 0.0062440584533875985 
115.9 	 0.006244058453388619 
116.0 	 0.006244058453390237 
116.1 	 0.006244058453388303 
116.2 	 0.006244058453385907 
116.3 	 0.006244058453389385 
116.4 	 0.006244058453383402 
116.5 	 0.006244058453386107 
116.6 	 0.006244058453383172 
116.7 	 0.00624405845338537 
116.8 	 0.006244058453384305 
116.9 	 0.0062440584533849175 
117.0 	 0.00624405845338592 
117.1 	 0.006244058453383953 
117.2 	 0.006244058453392043 
117.3 	 0.006244058453386326 
117.4 	 0.00624405845338744 
117.5 	 0.0062440584533867615 
117.6 	 0.006244058453387173 
117.7 	 0.006244058453384237 
117.8 	 0.0062440584533901495 
117.9 	 0.0062440584533851795 
118.0 	 0.006244058453388101 
118.1 	 0.006244058453383236 
118.2 	 0.006244058453387437 
118.3 	 0.006244058453389883 
118.4 	 0.00624405845338701 
118.5 	 0.006244058453385843 
118.6 	 0.0062440584533892925 
118.7 	 0.006244058453385459 
118.8 	 0.0062440584533862056 
118.9 	 0.00624405845338416 
119.0 	 0.0062440584533873045 
119.1 	 0.006244058453386839 
119.2 	 0.00624405845338415 
119.3 	 0.006244058453386962 
119.4 	 0.006244058453384945 
119.5 	 0.006244058453386726 
119.6 	 0.006244058453386085 
119.7 	 0.0062440584533871675 
119.8 	 0.006244058453383139 
119.9 	 0.006244058453389836 
120.0 	 0.006244058453385944 
120.1 	 0.0062440584533871996 
120.2 	 0.006244058453388419 
120.3 	 0.006244058453391874 
120.4 	 0.006244058453387969 
120.5 	 0.006244058453380937 
120.6 	 0.006244058453389353 
120.7 	 0.0062440584533832045 
120.8 	 0.006244058453384795 
120.9 	 0.006244058453387461 
121.0 	 0.006244058453387674 
121.1 	 0.006244058453386364 
121.2 	 0.006244058453387508 
121.3 	 0.006244058453385087 
121.4 	 0.00624405845338883 
121.5 	 0.006244058453385555 
121.6 	 0.006244058453388826 
121.7 	 0.00624405845338797 
121.8 	 0.00624405845338458 
121.9 	 0.006244058453387764 
122.0 	 0.006244058453383519 
122.1 	 0.006244058453384387 
122.2 	 0.006244058453385304 
122.3 	 0.006244058453383703 
122.4 	 0.00624405845338433 
122.5 	 0.006244058453388735 
122.6 	 0.006244058453389099 
122.7 	 0.0062440584533867026 
122.8 	 0.006244058453389455 
122.9 	 0.006244058453385244 
123.0 	 0.006244058453387857 
123.1 	 0.006244058453387697 
123.2 	 0.00624405845338197 
123.3 	 0.006244058453385022 
123.4 	 0.00624405845338479 
123.5 	 0.00624405845338699 
123.6 	 0.0062440584533841985 
123.7 	 0.006244058453388585 
123.8 	 0.006244058453381399 
123.9 	 0.006244058453382537 
124.0 	 0.006244058453383823 
124.1 	 0.0062440584533882066 
124.2 	 0.006244058453386862 
124.3 	 0.006244058453388703 
124.4 	 0.006244058453385373 
124.5 	 0.0062440584533868405 
124.6 	 0.006244058453387138 
124.7 	 0.006244058453384835 
124.8 	 0.006244058453386394 
124.9 	 0.0062440584533855455 
125.0 	 0.006244058453385271 
125.1 	 0.006244058453385879 
125.2 	 0.006244058453384098 
125.3 	 0.006244058453385887 
125.4 	 0.006244058453386804 
125.5 	 0.006244058453383504 
125.6 	 0.006244058453385493 
125.7 	 0.0062440584533839764 
125.8 	 0.006244058453383271 
125.9 	 0.006244058453384931 
126.0 	 0.006244058453382897 
126.1 	 0.006244058453389187 
126.2 	 0.006244058453382718 
126.3 	 0.006244058453387461 
126.4 	 0.006244058453387798 
126.5 	 0.006244058453385948 
126.6 	 0.006244058453383818 
126.7 	 0.006244058453389803 
126.8 	 0.0062440584533856 
126.9 	 0.006244058453387233 
127.0 	 0.006244058453385029 
127.1 	 0.006244058453389005 
127.2 	 0.006244058453385311 
127.3 	 0.006244058453384953 
127.4 	 0.006244058453388013 
127.5 	 0.00624405845338676 
127.6 	 0.006244058453386556 
127.7 	 0.006244058453387643 
127.8 	 0.006244058453386842 
127.9 	 0.0062440584533873964 
128.0 	 0.006244058453385859 
128.1 	 0.006244058453385451 
128.2 	 0.006244058453385045 
128.3 	 0.006244058453386707 
128.4 	 0.006244058453384065 
128.5 	 0.0062440584533836685 
128.6 	 0.0062440584533911304 
128.7 	 0.00624405845338674 
128.8 	 0.006244058453386548 
128.9 	 0.006244058453381441 
129.0 	 0.006244058453385669 
129.1 	 0.006244058453382727 
129.2 	 0.00624405845338434 
129.3 	 0.006244058453383005 
129.4 	 0.006244058453385017 
129.5 	 0.006244058453389603 
129.6 	 0.006244058453387212 
129.7 	 0.0062440584533893975 
129.8 	 0.006244058453385454 
129.9 	 0.006244058453385456 
130.0 	 0.006244058453386309 
130.1 	 0.006244058453383908 
130.2 	 0.006244058453386318 
130.3 	 0.006244058453385671 
130.4 	 0.006244058453384417 
130.5 	 0.006244058453386873 
130.6 	 0.00624405845338881 
130.7 	 0.00624405845338942 
130.8 	 0.0062440584533883245 
130.9 	 0.006244058453387729 
131.0 	 0.006244058453385934 
131.1 	 0.006244058453385875 
131.2 	 0.0062440584533885275 
131.3 	 0.006244058453386061 
131.4 	 0.006244058453383099 
131.5 	 0.006244058453382395 
131.6 	 0.006244058453383493 
131.7 	 0.0062440584533906005 
131.8 	 0.0062440584533808 
131.9 	 0.006244058453384558 
132.0 	 0.006244058453387208 
132.1 	 0.006244058453386758 
132.2 	 0.006244058453385497 
132.3 	 0.006244058453384805 
132.4 	 0.006244058453388286 
132.5 	 0.006244058453389857 
132.6 	 0.0062440584533871865 
132.7 	 0.006244058453387259 
132.8 	 0.006244058453385552 
132.9 	 0.006244058453386768 
133.0 	 0.006244058453386283 
133.1 	 0.006244058453388787 
133.2 	 0.006244058453383462 
133.3 	 0.0062440584533839105 
133.4 	 0.006244058453386082 
133.5 	 0.006244058453390995 
133.6 	 0.00624405845338461 
133.7 	 0.0062440584533849834 
133.8 	 0.006244058453383646 
133.9 	 0.0062440584533834075 
134.0 	 0.006244058453386579 
134.1 	 0.0062440584533825306 
134.2 	 0.006244058453386974 
134.3 	 0.006244058453385837 
134.4 	 0.006244058453384046 
134.5 	 0.0062440584533862845 
134.6 	 0.006244058453386081 
134.7 	 0.006244058453382395 
134.8 	 0.006244058453386349 
134.9 	 0.006244058453382934 
135.0 	 0.006244058453388498 
135.1 	 0.0062440584533882265 
135.2 	 0.0062440584533869775 
135.3 	 0.006244058453387382 
135.4 	 0.006244058453387031 
135.5 	 0.0062440584533841464 
135.6 	 0.006244058453387857 
135.7 	 0.006244058453388106 
135.8 	 0.006244058453389084 
135.9 	 0.006244058453385964 
136.0 	 0.006244058453385403 
136.1 	 0.006244058453386764 
136.2 	 0.006244058453388123 
136.3 	 0.006244058453387411 
136.4 	 0.006244058453383162 
136.5 	 0.00624405845338757 
136.6 	 0.006244058453384141 
136.7 	 0.006244058453386796 
136.8 	 0.006244058453384068 
136.9 	 0.006244058453384555 
137.0 	 0.0062440584533842705 
137.1 	 0.006244058453388778 
137.2 	 0.006244058453383125 
137.3 	 0.006244058453388966 
137.4 	 0.006244058453386753 
137.5 	 0.006244058453391165 
137.6 	 0.00624405845338763 
137.7 	 0.0062440584533856106 
137.8 	 0.0062440584533854405 
137.9 	 0.006244058453385221 
138.0 	 0.006244058453385687 
138.1 	 0.0062440584533854405 
138.2 	 0.00624405845338415 
138.3 	 0.0062440584533870165 
138.4 	 0.006244058453385255 
138.5 	 0.006244058453384561 
138.6 	 0.006244058453383649 
138.7 	 0.006244058453384839 
138.8 	 0.006244058453387441 
138.9 	 0.0062440584533849965 
139.0 	 0.006244058453388361 
139.1 	 0.006244058453389861 
139.2 	 0.006244058453387447 
139.3 	 0.006244058453386003 
139.4 	 0.006244058453385082 
139.5 	 0.006244058453384805 
139.6 	 0.006244058453383639 
139.7 	 0.006244058453384712 
139.8 	 0.00624405845338788 
139.9 	 0.006244058453385604 
140.0 	 0.006244058453385884 
140.1 	 0.006244058453389954 
140.2 	 0.006244058453384778 
140.3 	 0.006244058453385053 
140.4 	 0.00624405845338487 
140.5 	 0.006244058453388319 
140.6 	 0.006244058453385053 
140.7 	 0.006244058453386604 
140.8 	 0.006244058453389939 
140.9 	 0.006244058453384362 
141.0 	 0.006244058453386297 
141.1 	 0.006244058453388947 
141.2 	 0.006244058453385407 
141.3 	 0.006244058453384646 
141.4 	 0.0062440584533870035 
141.5 	 0.0062440584533853555 
141.6 	 0.00624405845338935 
141.7 	 0.00624405845338523 
141.8 	 0.0062440584533881216 
141.9 	 0.0062440584533859115 
142.0 	 0.006244058453387946 
142.1 	 0.006244058453385631 
142.2 	 0.006244058453385456 
142.3 	 0.006244058453388074 
142.4 	 0.006244058453383891 
142.5 	 0.006244058453384769 
142.6 	 0.006244058453383684 
142.7 	 0.006244058453387741 
142.8 	 0.006244058453386638 
142.9 	 0.006244058453388194 
143.0 	 0.006244058453386588 
143.1 	 0.006244058453383958 
143.2 	 0.006244058453383259 
143.3 	 0.006244058453386192 
143.4 	 0.006244058453386544 
143.5 	 0.006244058453388813 
143.6 	 0.006244058453382081 
143.7 	 0.006244058453389429 
143.8 	 0.0062440584533856825 
143.9 	 0.00624405845338672 
144.0 	 0.006244058453382769 
144.1 	 0.006244058453383017 
144.2 	 0.006244058453388309 
144.3 	 0.006244058453383892 
144.4 	 0.00624405845338366 
144.5 	 0.006244058453386544 
144.6 	 0.006244058453386389 
144.7 	 0.0062440584533855195 
144.8 	 0.006244058453379196 
144.9 	 0.006244058453386132 
145.0 	 0.00624405845339181 
145.1 	 0.006244058453389374 
145.2 	 0.006244058453383509 
145.3 	 0.00624405845338707 
145.4 	 0.00624405845338618 
145.5 	 0.00624405845338709 
145.6 	 0.006244058453383495 
145.7 	 0.006244058453383459 
145.8 	 0.006244058453384115 
145.9 	 0.0062440584533875855 
146.0 	 0.006244058453382946 
146.1 	 0.006244058453385793 
146.2 	 0.006244058453383606 
146.3 	 0.006244058453386785 
146.4 	 0.006244058453387638 
146.5 	 0.006244058453386183 
146.6 	 0.006244058453387474 
146.7 	 0.006244058453384978 
146.8 	 0.006244058453385662 
146.9 	 0.006244058453384375 
147.0 	 0.006244058453388566 
147.1 	 0.006244058453382483 
147.2 	 0.0062440584533890574 
147.3 	 0.006244058453384817 
147.4 	 0.006244058453383668 
147.5 	 0.00624405845338494 
147.6 	 0.006244058453386524 
147.7 	 0.006244058453384112 
147.8 	 0.006244058453387849 
147.9 	 0.006244058453390088 
148.0 	 0.006244058453388864 
148.1 	 0.006244058453386704 
148.2 	 0.006244058453388923 
148.3 	 0.006244058453386745 
148.4 	 0.0062440584533876645 
148.5 	 0.006244058453385961 
148.6 	 0.006244058453389258 
148.7 	 0.006244058453387456 
148.8 	 0.006244058453388069 
148.9 	 0.006244058453387218 
149.0 	 0.006244058453389156 
149.1 	 0.006244058453380797 
149.2 	 0.006244058453382536 
149.3 	 0.0062440584533814255 
149.4 	 0.006244058453389333 
149.5 	 0.0062440584533862515 
149.6 	 0.006244058453390263 
149.7 	 0.006244058453384763 
149.8 	 0.00624405845338189 
149.9 	 0.00624405845338566 
150.0 	 0.006244058453387104 
150.1 	 0.006244058453383422 
150.2 	 0.006244058453384361 
150.3 	 0.0062440584533881285 
150.4 	 0.0062440584533861405 
150.5 	 0.0062440584533843095 
150.6 	 0.006244058453384367 
150.7 	 0.006244058453385227 
150.8 	 0.006244058453388 
150.9 	 0.006244058453388637 
151.0 	 0.006244058453388575 
151.1 	 0.0062440584533872715 
151.2 	 0.006244058453385812 
151.3 	 0.006244058453383736 
151.4 	 0.006244058453387609 
151.5 	 0.006244058453381237 
151.6 	 0.006244058453387665 
151.7 	 0.006244058453385897 
151.8 	 0.006244058453385066 
151.9 	 0.006244058453386663 
152.0 	 0.0062440584533874815 
152.1 	 0.0062440584533878215 
152.2 	 0.006244058453386673 
152.3 	 0.006244058453390116 
152.4 	 0.0062440584533842 
152.5 	 0.006244058453385051 
152.6 	 0.006244058453385588 
152.7 	 0.006244058453383514 
152.8 	 0.006244058453387592 
152.9 	 0.006244058453384783 
153.0 	 0.006244058453388242 
153.1 	 0.006244058453386556 
153.2 	 0.006244058453386131 
153.3 	 0.006244058453388761 
153.4 	 0.006244058453385396 
153.5 	 0.006244058453383671 
153.6 	 0.006244058453384935 
153.7 	 0.006244058453384925 
153.8 	 0.0062440584533847154 
153.9 	 0.006244058453389029 
154.0 	 0.006244058453384846 
154.1 	 0.006244058453389702 
154.2 	 0.006244058453388798 
154.3 	 0.006244058453388759 
154.4 	 0.006244058453383495 
154.5 	 0.006244058453385051 
154.6 	 0.006244058453387681 
154.7 	 0.006244058453382852 
154.8 	 0.006244058453385264 
154.9 	 0.006244058453388778 
155.0 	 0.006244058453385381 
155.1 	 0.0062440584533896065 
155.2 	 0.006244058453387196 
155.3 	 0.0062440584533852315 
155.4 	 0.006244058453385003 
155.5 	 0.006244058453384131 
155.6 	 0.006244058453385277 
155.7 	 0.006244058453384765 
155.8 	 0.006244058453389861 
155.9 	 0.006244058453384339 
156.0 	 0.006244058453384753 
156.1 	 0.00624405845338641 
156.2 	 0.006244058453386564 
156.3 	 0.0062440584533838585 
156.4 	 0.00624405845339073 
156.5 	 0.006244058453387386 
156.6 	 0.006244058453386983 
156.7 	 0.0062440584533856565 
156.8 	 0.006244058453383968 
156.9 	 0.006244058453384825 
157.0 	 0.00624405845338411 
157.1 	 0.006244058453388054 
157.2 	 0.006244058453384519 
157.3 	 0.00624405845338826 
157.4 	 0.006244058453389403 
157.5 	 0.0062440584533832826 
157.6 	 0.0062440584533847735 
157.7 	 0.006244058453385083 
157.8 	 0.0062440584533835 
157.9 	 0.006244058453384098 
158.0 	 0.006244058453387421 
158.1 	 0.006244058453387202 
158.2 	 0.0062440584533885 
158.3 	 0.0062440584533834526 
158.4 	 0.006244058453389688 
158.5 	 0.006244058453387437 
158.6 	 0.00624405845338462 
158.7 	 0.006244058453386085 
158.8 	 0.006244058453384878 
158.9 	 0.006244058453384573 
159.0 	 0.006244058453385652 
159.1 	 0.006244058453385215 
159.2 	 0.006244058453385941 
159.3 	 0.0062440584533857355 
159.4 	 0.006244058453385349 
159.5 	 0.006244058453389478 
159.6 	 0.006244058453387682 
159.7 	 0.00624405845338156 
159.8 	 0.006244058453385006 
159.9 	 0.006244058453384556 
160.0 	 0.00624405845338631 
160.1 	 0.0062440584533864744 
160.2 	 0.006244058453383785 
160.3 	 0.006244058453388942 
160.4 	 0.006244058453386857 
160.5 	 0.006244058453387077 
160.6 	 0.0062440584533885925 
160.7 	 0.006244058453386994 
160.8 	 0.006244058453383154 
160.9 	 0.006244058453385521 
161.0 	 0.006244058453385526 
161.1 	 0.006244058453385981 
161.2 	 0.006244058453384497 
161.3 	 0.006244058453383489 
161.4 	 0.006244058453386069 
161.5 	 0.0062440584533854 
161.6 	 0.006244058453383722 
161.7 	 0.006244058453390967 
161.8 	 0.006244058453382793 
161.9 	 0.0062440584533847415 
162.0 	 0.006244058453389809 
162.1 	 0.0062440584533909466 
162.2 	 0.006244058453386027 
162.3 	 0.006244058453385413 
162.4 	 0.006244058453382989 
162.5 	 0.00624405845338797 
162.6 	 0.00624405845338794 
162.7 	 0.006244058453384408 
162.8 	 0.006244058453386172 
162.9 	 0.006244058453382896 
163.0 	 0.006244058453383038 
163.1 	 0.006244058453387908 
163.2 	 0.006244058453382776 
163.3 	 0.006244058453385239 
163.4 	 0.006244058453386756 
163.5 	 0.006244058453387307 
163.6 	 0.006244058453388373 
163.7 	 0.006244058453383533 
163.8 	 0.006244058453387434 
163.9 	 0.006244058453386828 
164.0 	 0.00624405845338587 
164.1 	 0.006244058453388685 
164.2 	 0.006244058453382305 
164.3 	 0.006244058453385378 
164.4 	 0.006244058453384765 
164.5 	 0.006244058453384589 
164.6 	 0.00624405845338841 
164.7 	 0.006244058453386617 
164.8 	 0.006244058453381279 
164.9 	 0.006244058453388294 
165.0 	 0.006244058453390161 
165.1 	 0.006244058453385976 
165.2 	 0.0062440584533870165 
165.3 	 0.00624405845338719 
165.4 	 0.006244058453385578 
165.5 	 0.006244058453384759 
165.6 	 0.006244058453383224 
165.7 	 0.0062440584533861145 
165.8 	 0.006244058453386954 
165.9 	 0.006244058453386327 
166.0 	 0.006244058453384202 
166.1 	 0.00624405845338293 
166.2 	 0.006244058453384775 
166.3 	 0.0062440584533857025 
166.4 	 0.006244058453386523 
166.5 	 0.006244058453388741 
166.6 	 0.006244058453385241 
166.7 	 0.006244058453383979 
166.8 	 0.006244058453388989 
166.9 	 0.006244058453387395 
167.0 	 0.0062440584533880105 
167.1 	 0.006244058453384692 
167.2 	 0.006244058453387607 
167.3 	 0.006244058453384323 
167.4 	 0.006244058453388118 
167.5 	 0.006244058453386595 
167.6 	 0.006244058453388296 
167.7 	 0.0062440584533838064 
167.8 	 0.006244058453387625 
167.9 	 0.006244058453385361 
168.0 	 0.006244058453386837 
168.1 	 0.006244058453385494 
168.2 	 0.006244058453391253 
168.3 	 0.006244058453386885 
168.4 	 0.006244058453386085 
168.5 	 0.0062440584533877104 
168.6 	 0.0062440584533868335 
168.7 	 0.006244058453385468 
168.8 	 0.006244058453388749 
168.9 	 0.00624405845338367 
169.0 	 0.006244058453388026 
169.1 	 0.00624405845338319 
169.2 	 0.006244058453386934 
169.3 	 0.006244058453382159 
169.4 	 0.006244058453386328 
169.5 	 0.0062440584533864935 
169.6 	 0.006244058453385698 
169.7 	 0.006244058453385208 
169.8 	 0.006244058453385443 
169.9 	 0.006244058453385846 
170.0 	 0.006244058453387204 
170.1 	 0.0062440584533819 
170.2 	 0.00624405845338482 
170.3 	 0.0062440584533876445 
170.4 	 0.0062440584533897635 
170.5 	 0.006244058453384063 
170.6 	 0.006244058453386099 
170.7 	 0.006244058453389817 
170.8 	 0.00624405845338443 
170.9 	 0.00624405845338466 
171.0 	 0.0062440584533869845 
171.1 	 0.006244058453388145 
171.2 	 0.006244058453388628 
171.3 	 0.006244058453388051 
171.4 	 0.006244058453387639 
171.5 	 0.006244058453383207 
171.6 	 0.006244058453383678 
171.7 	 0.006244058453388976 
171.8 	 0.0062440584533885925 
171.9 	 0.006244058453387205 
172.0 	 0.0062440584533856435 
172.1 	 0.00624405845338219 
172.2 	 0.006244058453384155 
172.3 	 0.006244058453388523 
172.4 	 0.006244058453383186 
172.5 	 0.006244058453388741 
172.6 	 0.006244058453382735 
172.7 	 0.006244058453386861 
172.8 	 0.006244058453388939 
172.9 	 0.006244058453388973 
173.0 	 0.0062440584533841065 
173.1 	 0.006244058453387038 
173.2 	 0.006244058453384254 
173.3 	 0.006244058453386552 
173.4 	 0.006244058453391193 
173.5 	 0.006244058453386384 
173.6 	 0.0062440584533856 
173.7 	 0.0062440584533846955 
173.8 	 0.006244058453385327 
173.9 	 0.0062440584533890895 
174.0 	 0.006244058453389407 
174.1 	 0.006244058453385169 
174.2 	 0.006244058453388054 
174.3 	 0.006244058453382586 
174.4 	 0.0062440584533885336 
174.5 	 0.0062440584533846955 
174.6 	 0.006244058453386653 
174.7 	 0.006244058453383281 
174.8 	 0.006244058453386033 
174.9 	 0.0062440584533875725 
175.0 	 0.006244058453388647 
175.1 	 0.006244058453383775 
175.2 	 0.006244058453384361 
175.3 	 0.0062440584533867746 
175.4 	 0.006244058453386502 
175.5 	 0.006244058453388182 
175.6 	 0.006244058453388365 
175.7 	 0.006244058453386012 
175.8 	 0.006244058453386059 
175.9 	 0.0062440584533844925 
176.0 	 0.006244058453383764 
176.1 	 0.0062440584533857025 
176.2 	 0.006244058453386142 
176.3 	 0.006244058453386111 
176.4 	 0.006244058453388717 
176.5 	 0.006244058453384322 
176.6 	 0.006244058453386089 
176.7 	 0.006244058453385807 
176.8 	 0.006244058453381754 
176.9 	 0.006244058453386151 
177.0 	 0.006244058453384143 
177.1 	 0.006244058453386361 
177.2 	 0.006244058453388562 
177.3 	 0.006244058453382791 
177.4 	 0.006244058453384242 
177.5 	 0.0062440584533843746 
177.6 	 0.006244058453385353 
177.7 	 0.0062440584533847016 
177.8 	 0.006244058453383898 
177.9 	 0.0062440584533865655 
178.0 	 0.006244058453387042 
178.1 	 0.006244058453387925 
178.2 	 0.006244058453385629 
178.3 	 0.006244058453381019 
178.4 	 0.006244058453386538 
178.5 	 0.006244058453385033 
178.6 	 0.006244058453387549 
178.7 	 0.006244058453384748 
178.8 	 0.006244058453385372 
178.9 	 0.006244058453386354 
179.0 	 0.006244058453385337 
179.1 	 0.006244058453389005 
179.2 	 0.006244058453385826 
179.3 	 0.00624405845338596 
179.4 	 0.006244058453386082 
179.5 	 0.006244058453387389 
179.6 	 0.006244058453387167 
179.7 	 0.0062440584533876 
179.8 	 0.006244058453386043 
179.9 	 0.006244058453385773 
180.0 	 0.006244058453386762 
180.1 	 0.0062440584533841065 
180.2 	 0.006244058453383257 
180.3 	 0.006244058453392823 
180.4 	 0.0062440584533886324 
180.5 	 0.006244058453386434 
180.6 	 0.00624405845338635 
180.7 	 0.006244058453385663 
180.8 	 0.0062440584533874355 
180.9 	 0.006244058453385665 
181.0 	 0.006244058453386119 
181.1 	 0.006244058453387299 
181.2 	 0.006244058453388698 
181.3 	 0.006244058453382174 
181.4 	 0.0062440584533900705 
181.5 	 0.006244058453382154 
181.6 	 0.006244058453386306 
181.7 	 0.00624405845338673 
181.8 	 0.006244058453386462 
181.9 	 0.006244058453382981 
182.0 	 0.006244058453383765 
182.1 	 0.00624405845338816 
182.2 	 0.006244058453386192 
182.3 	 0.006244058453385968 
182.4 	 0.006244058453384283 
182.5 	 0.0062440584533864285 
182.6 	 0.006244058453383146 
182.7 	 0.0062440584533869446 
182.8 	 0.006244058453385357 
182.9 	 0.006244058453387306 
183.0 	 0.006244058453386749 
183.1 	 0.0062440584533880825 
183.2 	 0.00624405845338273 
183.3 	 0.006244058453383592 
183.4 	 0.006244058453388265 
183.5 	 0.006244058453386349 
183.6 	 0.006244058453383885 
183.7 	 0.006244058453383014 
183.8 	 0.006244058453382334 
183.9 	 0.006244058453383906 
184.0 	 0.006244058453382513 
184.1 	 0.006244058453384484 
184.2 	 0.006244058453386885 
184.3 	 0.0062440584533850155 
184.4 	 0.006244058453389278 
184.5 	 0.006244058453385914 
184.6 	 0.006244058453383047 
184.7 	 0.006244058453384314 
184.8 	 0.006244058453383874 
184.9 	 0.006244058453386554 
185.0 	 0.0062440584533896455 
185.1 	 0.006244058453383535 
185.2 	 0.006244058453385486 
185.3 	 0.0062440584533862194 
185.4 	 0.006244058453388555 
185.5 	 0.006244058453386292 
185.6 	 0.006244058453384706 
185.7 	 0.006244058453383469 
185.8 	 0.0062440584533847345 
185.9 	 0.006244058453388223 
186.0 	 0.006244058453384883 
186.1 	 0.006244058453388313 
186.2 	 0.006244058453382731 
186.3 	 0.006244058453383418 
186.4 	 0.006244058453383216 
186.5 	 0.006244058453384706 
186.6 	 0.006244058453388352 
186.7 	 0.0062440584533858924 
186.8 	 0.006244058453390123 
186.9 	 0.006244058453385217 
187.0 	 0.006244058453383785 
187.1 	 0.0062440584533878735 
187.2 	 0.00624405845338762 
187.3 	 0.006244058453384339 
187.4 	 0.006244058453388536 
187.5 	 0.006244058453383759 
187.6 	 0.006244058453386578 
187.7 	 0.00624405845338232 
187.8 	 0.0062440584533859245 
187.9 	 0.006244058453386617 
188.0 	 0.006244058453386611 
188.1 	 0.006244058453388336 
188.2 	 0.006244058453387012 
188.3 	 0.0062440584533872134 
188.4 	 0.006244058453389906 
188.5 	 0.006244058453386358 
188.6 	 0.006244058453384205 
188.7 	 0.006244058453385261 
188.8 	 0.006244058453386633 
188.9 	 0.006244058453387279 
189.0 	 0.00624405845338513 
189.1 	 0.006244058453386558 
189.2 	 0.006244058453387733 
189.3 	 0.006244058453382162 
189.4 	 0.006244058453387009 
189.5 	 0.00624405845338844 
189.6 	 0.006244058453384053 
189.7 	 0.006244058453385187 
189.8 	 0.006244058453385002 
189.9 	 0.006244058453389268 
190.0 	 0.006244058453381534 
190.1 	 0.006244058453386726 
190.2 	 0.006244058453385724 
190.3 	 0.006244058453389546 
190.4 	 0.006244058453386494 
190.5 	 0.006244058453388119 
190.6 	 0.006244058453383601 
190.7 	 0.006244058453388561 
190.8 	 0.006244058453385463 
190.9 	 0.006244058453382211 
191.0 	 0.006244058453391812 
191.1 	 0.006244058453383305 
191.2 	 0.006244058453388589 
191.3 	 0.0062440584533910316 
191.4 	 0.006244058453384532 
191.5 	 0.006244058453387428 
191.6 	 0.0062440584533876575 
191.7 	 0.006244058453382652 
191.8 	 0.006244058453385839 
191.9 	 0.006244058453386415 
192.0 	 0.006244058453385631 
192.1 	 0.006244058453387462 
192.2 	 0.006244058453385853 
192.3 	 0.006244058453384763 
192.4 	 0.0062440584533845775 
192.5 	 0.006244058453387844 
192.6 	 0.006244058453386207 
192.7 	 0.006244058453386942 
192.8 	 0.006244058453388563 
192.9 	 0.006244058453384347 
193.0 	 0.006244058453383212 
193.1 	 0.006244058453381985 
193.2 	 0.0062440584533854605 
193.3 	 0.0062440584533854215 
193.4 	 0.0062440584533851855 
193.5 	 0.006244058453384319 
193.6 	 0.0062440584533856106 
193.7 	 0.006244058453389169 
193.8 	 0.0062440584533878215 
193.9 	 0.006244058453387733 
194.0 	 0.006244058453385731 
194.1 	 0.006244058453386594 
194.2 	 0.00624405845338392 
194.3 	 0.006244058453387586 
194.4 	 0.0062440584533885075 
194.5 	 0.006244058453385249 
194.6 	 0.006244058453386762 
194.7 	 0.006244058453387997 
194.8 	 0.00624405845338761 
194.9 	 0.0062440584533854015 
195.0 	 0.006244058453386416 
195.1 	 0.006244058453388947 
195.2 	 0.00624405845338631 
195.3 	 0.006244058453384392 
195.4 	 0.006244058453383289 
195.5 	 0.0062440584533834794 
195.6 	 0.0062440584533863365 
195.7 	 0.006244058453385669 
195.8 	 0.006244058453385269 
195.9 	 0.006244058453384798 
196.0 	 0.006244058453387782 
196.1 	 0.00624405845338587 
196.2 	 0.006244058453382542 
196.3 	 0.00624405845338773 
196.4 	 0.006244058453387021 
196.5 	 0.006244058453383882 
196.6 	 0.006244058453385 
196.7 	 0.00624405845338391 
196.8 	 0.006244058453386815 
196.9 	 0.006244058453384193 
197.0 	 0.006244058453382166 
197.1 	 0.006244058453383329 
197.2 	 0.00624405845338947 
197.3 	 0.00624405845338639 
197.4 	 0.00624405845338535 
197.5 	 0.006244058453384004 
197.6 	 0.006244058453387574 
197.7 	 0.006244058453389674 
197.8 	 0.006244058453382892 
197.9 	 0.006244058453385361 
198.0 	 0.0062440584533871605 
198.1 	 0.006244058453386035 
198.2 	 0.006244058453383877 
198.3 	 0.006244058453388567 
198.4 	 0.00624405845338415 
198.5 	 0.006244058453386698 
198.6 	 0.006244058453386173 
198.7 	 0.006244058453386331 
198.8 	 0.006244058453386472 
198.9 	 0.006244058453390941 
199.0 	 0.00624405845338946 
199.1 	 0.006244058453386298 
199.2 	 0.006244058453388076 
199.3 	 0.006244058453386866 
199.4 	 0.006244058453386489 
199.5 	 0.006244058453388268 
199.6 	 0.006244058453387677 
199.7 	 0.0062440584533817135 
199.8 	 0.006244058453388674 
199.9 	 0.006244058453386931 
200.0 	 0.00624405845338845 
