0.0 	 0.0 
0.1 	 0.004876554651967939 
0.2 	 0.014754022930088897 
0.3 	 0.02614316619364254 
0.4 	 0.03689206519669102 
0.5 	 0.04558077394986554 
0.6 	 0.051362202891464884 
0.7 	 0.05387193733764663 
0.8 	 0.05315771652105374 
0.9 	 0.04961382670361907 
1.0 	 0.04391184169154966 
1.1 	 0.03692207311336072 
1.2 	 0.029623716908028237 
1.3 	 0.02300454477234374 
1.4 	 0.017947883224422548 
1.5 	 0.015091488188200768 
1.6 	 0.014652290169942734 
1.7 	 0.01632576467066616 
1.8 	 0.019426253873232473 
1.9 	 0.02316476254891753 
2.0 	 0.02684268824348132 
2.1 	 0.029930555972738224 
2.2 	 0.03208762732888181 
2.3 	 0.03315640530244219 
2.4 	 0.03314414101096552 
2.5 	 0.032195404837896076 
2.6 	 0.030557549332239132 
2.7 	 0.028540530819105778 
2.8 	 0.02647280879850522 
2.9 	 0.024656480072093256 
3.0 	 0.023325358390865393 
3.1 	 0.022613301198661093 
3.2 	 0.022540219996019833 
3.3 	 0.02302146431620269 
3.4 	 0.023897613143322973 
3.5 	 0.02497414984223583 
3.6 	 0.02605922109617762 
3.7 	 0.02699245962303461 
3.8 	 0.02766158162772274 
3.9 	 0.028009490749712186 
4.0 	 0.02803285992977397 
4.1 	 0.02777426683557008 
4.2 	 0.027309919033119003 
4.3 	 0.026734806550466037 
4.4 	 0.026147140976738314 
4.5 	 0.025633981202033366 
4.6 	 0.025259879093042108 
4.7 	 0.025059891289227764 
4.8 	 0.025038490496562628 
4.9 	 0.025172531440531054 
5.0 	 0.02541928490748311 
5.1 	 0.02572568879854914 
5.2 	 0.026037912706637453 
5.3 	 0.02630971484017443 
5.4 	 0.026507445253980647 
5.5 	 0.026613147582665128 
5.6 	 0.026624816003597312 
5.7 	 0.026554297914895348 
5.8 	 0.026423592937855827 
5.9 	 0.026260266546583023 
6.0 	 0.02609271136369604 
6.1 	 0.02594592564310066 
6.2 	 0.02583834249082512 
6.3 	 0.025779784192545105 
6.4 	 0.02577192927498223 
6.5 	 0.025808366563094633 
6.6 	 0.025877319891327195 
6.7 	 0.025963964073263974 
6.8 	 0.026053055565968875 
6.9 	 0.02613150986529205 
7.0 	 0.02618944809755198 
7.1 	 0.026221379912891137 
7.2 	 0.026226428850866217 
7.3 	 0.026207763073616407 
7.4 	 0.026171535803374984 
7.5 	 0.026125556037703893 
7.6 	 0.026077917660454985 
7.7 	 0.026035787529955973 
7.8 	 0.02600450219211407 
7.9 	 0.025987054308600342 
8.0 	 0.025983978976220297 
8.1 	 0.02599363161721824 
8.2 	 0.02601275815816352 
8.3 	 0.026037201644749746 
8.4 	 0.02606263379224505 
8.5 	 0.026085206609411837 
8.6 	 0.026102041713742846 
8.7 	 0.02611150982835696 
8.8 	 0.026113289456477055 
8.9 	 0.026108226451968298 
9.0 	 0.026098042369761428 
9.1 	 0.02608495755797335 
9.2 	 0.02607129765833033 
9.3 	 0.026059140345714504 
9.4 	 0.026050046531635052 
9.5 	 0.026044904679539124 
9.6 	 0.02604389633287719 
9.7 	 0.026046571129456443 
9.8 	 0.026052004397630335 
9.9 	 0.026059001712841433 
10.0 	 0.026066313096839957 
10.1 	 0.026072824058928176 
10.2 	 0.026077699148200708 
10.3 	 0.02608046380794759 
10.4 	 0.026081021190020558 
10.5 	 0.026079610958084535 
10.6 	 0.0260767248894101 
10.7 	 0.026072998188822662 
10.8 	 0.026069095993334023 
10.9 	 0.026065612218965587 
11.0 	 0.026062993543269936 
11.1 	 0.026061495855981824 
11.2 	 0.026061174797021976 
11.3 	 0.02606190679509011 
11.4 	 0.02606343305114885 
11.5 	 0.026065416695945826 
11.6 	 0.026067502945214736 
11.7 	 0.026069373171874088 
11.8 	 0.02607078599275204 
11.9 	 0.026071601291042537 
12.0 	 0.026071786111354446 
12.1 	 0.026071404133340685 
12.2 	 0.026070592579008903 
12.3 	 0.02606953169400949 
12.4 	 0.026068412292453807 
12.5 	 0.026067406363066946 
12.6 	 0.02606664459798133 
12.7 	 0.026066203165771542 
12.8 	 0.026066100373134834 
12.9 	 0.026066302306691495 
13.0 	 0.026066735340478757 
13.1 	 0.02606730267655596 
13.2 	 0.02606790189627725 
13.3 	 0.026068440789055434 
13.4 	 0.02606884937714194 
13.5 	 0.02606908692070044 
13.6 	 0.02606914360801441 
13.7 	 0.02606903746583826 
13.8 	 0.02606880765145699 
13.9 	 0.026068505646331536 
14.0 	 0.02606818594960218 
14.1 	 0.026067897701673025 
14.2 	 0.026067678317733857 
14.3 	 0.026067549758198957 
14.4 	 0.02606751758760227 
14.5 	 0.02606757254809216 
14.6 	 0.026067694051611894 
14.7 	 0.026067854806341887 
14.8 	 0.026068025745454 
14.9 	 0.026068180503655405 
15.0 	 0.026068298860245573 
15.1 	 0.026068368798955258 
15.2 	 0.026068387082791925 
15.3 	 0.026068358470817985 
15.4 	 0.026068293882206 
15.5 	 0.026068207923024812 
15.6 	 0.026068116225880778 
15.7 	 0.02606803301739029 
15.8 	 0.02606796923753058 
15.9 	 0.026067931408692645 
16.0 	 0.026067921314706536 
16.1 	 0.026067936421694374 
16.2 	 0.026067970872868655 
16.3 	 0.026068016828144126 
16.4 	 0.0260680659012113 
16.5 	 0.026068110467984143 
16.6 	 0.026068144672372597 
16.7 	 0.026068165025556922 
16.8 	 0.026068170570383367 
16.9 	 0.026068162650956586 
17.0 	 0.02606814437962475 
17.1 	 0.026068119924274186 
17.2 	 0.026068093746638387 
17.3 	 0.026068069909824024 
17.4 	 0.02606805154551244 
17.5 	 0.026068040534561132 
17.6 	 0.02606803741564358 
17.7 	 0.02606804150184678 
17.8 	 0.02606805115783195 
17.9 	 0.026068064174182004 
18.0 	 0.026068078170995247 
18.1 	 0.026068090968037062 
18.2 	 0.026068100873054466 
18.3 	 0.026068106857968627 
18.4 	 0.026068108613550325 
18.5 	 0.02606810649177272 
18.6 	 0.026068101359993785 
18.7 	 0.026068094400726837 
18.8 	 0.026068086893795833 
18.9 	 0.026068080015229606 
19.0 	 0.026068074679973987 
19.1 	 0.026068071445375884 
19.2 	 0.02606807048092415 
19.3 	 0.02606807159928792 
19.4 	 0.026068074335375283 
19.5 	 0.026068078054697394 
19.6 	 0.026068082070997048 
19.7 	 0.02606808575429091 
19.8 	 0.02606808861497144 
19.9 	 0.026068090354922288 
20.0 	 0.02606809088313205 
20.1 	 0.02606809029871786 
20.2 	 0.02606808884860056 
20.3 	 0.026068086869942126 
20.4 	 0.026068084727759525 
20.5 	 0.026068082757796353 
20.6 	 0.026068081221957237 
20.7 	 0.026068080280965193 
20.8 	 0.02606807998575577 
20.9 	 0.026068080285974102 
21.0 	 0.02606808105196904 
21.1 	 0.026068082105017192 
21.2 	 0.02606808325038216 
21.3 	 0.026068084307888102 
21.4 	 0.026068085136051883 
21.5 	 0.02606808564709477 
21.6 	 0.02606808581207251 
21.7 	 0.026068085656675653 
21.8 	 0.026068085249678557 
21.9 	 0.026068084686732943 
22.0 	 0.026068084072555578 
22.1 	 0.026068083504283045 
22.2 	 0.026068083058383686 
22.3 	 0.026068082782383054 
22.4 	 0.026068082692080257 
22.5 	 0.026068082773810113 
22.6 	 0.026068082990710676 
22.7 	 0.026068083291466374 
22.8 	 0.026068083619968797 
22.9 	 0.026068083924187992 
23.0 	 0.026068084163226608 
23.1 	 0.026068084311665844 
23.2 	 0.026068084361008843 
23.3 	 0.026068084318465443 
23.4 	 0.02606808420359278 
23.5 	 0.0260680840436447 
23.6 	 0.02606808386844954 
23.7 	 0.026068083705748056 
23.8 	 0.026068083577420374 
23.9 	 0.02606808349717079 
24.0 	 0.026068083469722076 
24.1 	 0.026068083491452093 
24.2 	 0.026068083552104354 
24.3 	 0.02606808363722629 
24.4 	 0.026068083730894236 
24.5 	 0.02606808381822113 
24.6 	 0.026068083887409808 
24.7 	 0.02606808393095366 
24.8 	 0.026068083946211292 
24.9 	 0.026068083935003674 
25.0 	 0.026068083902786296 
25.1 	 0.026068083857292503 
25.2 	 0.02606808380707307 
25.3 	 0.026068083760153054 
25.4 	 0.026068083722923314 
25.5 	 0.026068083699412516 
25.6 	 0.02606808369109259 
25.7 	 0.026068083696975483 
25.8 	 0.026068083714129088 
25.9 	 0.02606808373843046 
26.0 	 0.026068083765279672 
26.1 	 0.02606808379039593 
26.2 	 0.026068083810340627 
26.3 	 0.026068083822985325 
26.4 	 0.026068083827526307 
26.5 	 0.026068083824482228 
26.6 	 0.02606808381540318 
26.7 	 0.02606808380248409 
26.8 	 0.02606808378817023 
26.9 	 0.026068083774738775 
27.0 	 0.02606808376402342 
27.1 	 0.02606808375719211 
27.2 	 0.026068083754676608 
27.3 	 0.026068083756218725 
27.4 	 0.026068083761014053 
27.5 	 0.026068083767883537 
27.6 	 0.026068083775540686 
27.7 	 0.02606808378274876 
27.8 	 0.026068083788518735 
27.9 	 0.026068083792229774 
28.0 	 0.026068083793620734 
28.1 	 0.026068083792822324 
28.2 	 0.026068083790283948 
28.3 	 0.026068083786609207 
28.4 	 0.026068083782505306 
28.5 	 0.0260680837786337 
28.6 	 0.026068083775524567 
28.7 	 0.026068083773532643 
28.8 	 0.026068083772773688 
28.9 	 0.026068083773184068 
29.0 	 0.026068083774541454 
29.1 	 0.0260680837765028 
29.2 	 0.026068083778697265 
29.3 	 0.026068083780765472 
29.4 	 0.026068083782434675 
29.5 	 0.026068083783508278 
29.6 	 0.02606808378391835 
29.7 	 0.02606808378370549 
29.8 	 0.02606808378299202 
29.9 	 0.026068083781944102 
30.0 	 0.026068083780779544 
30.1 	 0.026068083779671947 
30.2 	 0.0260680837787774 
30.3 	 0.026068083778201356 
30.4 	 0.026068083777967342 
30.5 	 0.0260680837780728 
30.6 	 0.026068083778449446 
30.7 	 0.026068083779009387 
30.8 	 0.026068083779632597 
30.9 	 0.02606808378022842 
31.0 	 0.026068083780706654 
31.1 	 0.026068083781022048 
31.2 	 0.026068083781147357 
31.3 	 0.026068083781091607 
31.4 	 0.02606808378089223 
31.5 	 0.026068083780598203 
31.6 	 0.02606808378026001 
31.7 	 0.02606808377994402 
31.8 	 0.026068083779683997 
31.9 	 0.026068083779511714 
32.0 	 0.02606808377944685 
32.1 	 0.026068083779471424 
32.2 	 0.026068083779581426 
32.3 	 0.026068083779739782 
32.4 	 0.02606808377991753 
32.5 	 0.026068083780089242 
32.6 	 0.026068083780226337 
32.7 	 0.026068083780320474 
32.8 	 0.026068083780359762 
32.9 	 0.026068083780340808 
33.0 	 0.026068083780287687 
33.1 	 0.026068083780197586 
33.2 	 0.026068083780100518 
33.3 	 0.026068083780013573 
33.4 	 0.02606808377994158 
33.5 	 0.026068083779892323 
33.6 	 0.02606808377986957 
33.7 	 0.026068083779877776 
33.8 	 0.026068083779909643 
33.9 	 0.026068083779946054 
34.0 	 0.02606808378000104 
34.1 	 0.026068083780051127 
34.2 	 0.026068083780089995 
34.3 	 0.02606808378011732 
34.4 	 0.026068083780126147 
34.5 	 0.02606808378012714 
34.6 	 0.026068083780114302 
34.7 	 0.02606808378008272 
34.8 	 0.02606808378005982 
34.9 	 0.026068083780034088 
35.0 	 0.026068083780007044 
35.1 	 0.02606808377999764 
35.2 	 0.02606808377999089 
35.3 	 0.02606808377999278 
35.4 	 0.02606808378000205 
35.5 	 0.02606808378001947 
35.6 	 0.026068083780026893 
35.7 	 0.026068083780041836 
35.8 	 0.026068083780052684 
35.9 	 0.02606808378006817 
36.0 	 0.026068083780064793 
36.1 	 0.02606808378006861 
36.2 	 0.026068083780062618 
36.3 	 0.026068083780050346 
36.4 	 0.026068083780042956 
36.5 	 0.026068083780033724 
36.6 	 0.026068083780030907 
36.7 	 0.02606808378002793 
36.8 	 0.026068083780027923 
36.9 	 0.02606808378002916 
37.0 	 0.02606808378002615 
37.1 	 0.02606808378002915 
37.2 	 0.026068083780040645 
37.3 	 0.026068083780040323 
37.4 	 0.026068083780039525 
37.5 	 0.026068083780043032 
37.6 	 0.02606808378004533 
37.7 	 0.026068083780044063 
37.8 	 0.026068083780038945 
37.9 	 0.02606808378003939 
38.0 	 0.02606808378004037 
38.1 	 0.02606808378003757 
38.2 	 0.026068083780040656 
38.3 	 0.02606808378003328 
38.4 	 0.02606808378003342 
38.5 	 0.026068083780038515 
38.6 	 0.02606808378003719 
38.7 	 0.026068083780036916 
38.8 	 0.026068083780034695 
38.9 	 0.026068083780039178 
39.0 	 0.02606808378003892 
39.1 	 0.026068083780040188 
39.2 	 0.026068083780039414 
39.3 	 0.026068083780042446 
39.4 	 0.026068083780041714 
39.5 	 0.02606808378003864 
39.6 	 0.026068083780041308 
39.7 	 0.026068083780040753 
39.8 	 0.026068083780036878 
39.9 	 0.02606808378003696 
40.0 	 0.02606808378003592 
40.1 	 0.026068083780035903 
40.2 	 0.026068083780035563 
40.3 	 0.026068083780036066 
40.4 	 0.026068083780038918 
40.5 	 0.026068083780039476 
40.6 	 0.02606808378003711 
40.7 	 0.026068083780040042 
40.8 	 0.0260680837800343 
40.9 	 0.026068083780034754 
41.0 	 0.026068083780042123 
41.1 	 0.02606808378004131 
41.2 	 0.026068083780035313 
41.3 	 0.026068083780037353 
41.4 	 0.02606808378003982 
41.5 	 0.02606808378003448 
41.6 	 0.02606808378003886 
41.7 	 0.026068083780041065 
41.8 	 0.026068083780038456 
41.9 	 0.026068083780042252 
42.0 	 0.026068083780038647 
42.1 	 0.026068083780037162 
42.2 	 0.026068083780039636 
42.3 	 0.026068083780037783 
42.4 	 0.02606808378003736 
42.5 	 0.026068083780032954 
42.6 	 0.026068083780040344 
42.7 	 0.026068083780036583 
42.8 	 0.026068083780035223 
42.9 	 0.02606808378003737 
43.0 	 0.026068083780036902 
43.1 	 0.026068083780037898 
43.2 	 0.026068083780034317 
43.3 	 0.026068083780039317 
43.4 	 0.026068083780036028 
43.5 	 0.02606808378003833 
43.6 	 0.02606808378003774 
43.7 	 0.026068083780031864 
43.8 	 0.026068083780039997 
43.9 	 0.02606808378003661 
44.0 	 0.026068083780036052 
44.1 	 0.026068083780036912 
44.2 	 0.026068083780043536 
44.3 	 0.026068083780037454 
44.4 	 0.026068083780041412 
44.5 	 0.026068083780042408 
44.6 	 0.026068083780034307 
44.7 	 0.026068083780044254 
44.8 	 0.02606808378003815 
44.9 	 0.02606808378003971 
45.0 	 0.026068083780038876 
45.1 	 0.026068083780033894 
45.2 	 0.026068083780037297 
45.3 	 0.026068083780038998 
45.4 	 0.026068083780039233 
45.5 	 0.02606808378003638 
45.6 	 0.02606808378003559 
45.7 	 0.026068083780038193 
45.8 	 0.02606808378003905 
45.9 	 0.02606808378003733 
46.0 	 0.026068083780036645 
46.1 	 0.026068083780037405 
46.2 	 0.026068083780035493 
46.3 	 0.026068083780038317 
46.4 	 0.02606808378004104 
46.5 	 0.02606808378003968 
46.6 	 0.02606808378003747 
46.7 	 0.026068083780040954 
46.8 	 0.02606808378003383 
46.9 	 0.026068083780037374 
47.0 	 0.02606808378003914 
47.1 	 0.026068083780034116 
47.2 	 0.026068083780041322 
47.3 	 0.02606808378003736 
47.4 	 0.026068083780037797 
47.5 	 0.02606808378004233 
47.6 	 0.02606808378003971 
47.7 	 0.026068083780034244 
47.8 	 0.026068083780038793 
47.9 	 0.02606808378003492 
48.0 	 0.026068083780034272 
48.1 	 0.02606808378003691 
48.2 	 0.026068083780038005 
48.3 	 0.026068083780037152 
48.4 	 0.026068083780036326 
48.5 	 0.026068083780040427 
48.6 	 0.02606808378003717 
48.7 	 0.02606808378003518 
48.8 	 0.026068083780035813 
48.9 	 0.026068083780042113 
49.0 	 0.026068083780037984 
49.1 	 0.026068083780034293 
49.2 	 0.026068083780034973 
49.3 	 0.026068083780038415 
49.4 	 0.026068083780040534 
49.5 	 0.026068083780039723 
49.6 	 0.026068083780038255 
49.7 	 0.026068083780041974 
49.8 	 0.026068083780035035 
49.9 	 0.026068083780039792 
50.0 	 0.026068083780037866 
50.1 	 0.026068083780039174 
50.2 	 0.02606808378003917 
50.3 	 0.026068083780039532 
50.4 	 0.026068083780037783 
50.5 	 0.026068083780040385 
50.6 	 0.026068083780039712 
50.7 	 0.026068083780038814 
50.8 	 0.026068083780040767 
50.9 	 0.026068083780036617 
51.0 	 0.02606808378003736 
51.1 	 0.026068083780038213 
51.2 	 0.02606808378003799 
51.3 	 0.0260680837800347 
51.4 	 0.026068083780038165 
51.5 	 0.026068083780036708 
51.6 	 0.026068083780035868 
51.7 	 0.026068083780039594 
51.8 	 0.026068083780040028 
51.9 	 0.02606808378004285 
52.0 	 0.026068083780038716 
52.1 	 0.026068083780036902 
52.2 	 0.026068083780034654 
52.3 	 0.02606808378003931 
52.4 	 0.02606808378003616 
52.5 	 0.026068083780040302 
52.6 	 0.02606808378003772 
52.7 	 0.026068083780039067 
52.8 	 0.02606808378003889 
52.9 	 0.026068083780043515 
53.0 	 0.026068083780041336 
53.1 	 0.02606808378003936 
53.2 	 0.026068083780039945 
53.3 	 0.026068083780036173 
53.4 	 0.02606808378004083 
53.5 	 0.026068083780036888 
53.6 	 0.026068083780037953 
53.7 	 0.026068083780036902 
53.8 	 0.02606808378003845 
53.9 	 0.02606808378003894 
54.0 	 0.02606808378004004 
54.1 	 0.02606808378004109 
54.2 	 0.02606808378003647 
54.3 	 0.026068083780033453 
54.4 	 0.026068083780038255 
54.5 	 0.026068083780037624 
54.6 	 0.026068083780039268 
54.7 	 0.026068083780037797 
54.8 	 0.026068083780040385 
54.9 	 0.02606808378003995 
55.0 	 0.02606808378004211 
55.1 	 0.02606808378003929 
55.2 	 0.026068083780038637 
55.3 	 0.026068083780038317 
55.4 	 0.02606808378003676 
55.5 	 0.02606808378003543 
55.6 	 0.02606808378004214 
55.7 	 0.026068083780036867 
55.8 	 0.026068083780036423 
55.9 	 0.02606808378003383 
56.0 	 0.026068083780039247 
56.1 	 0.026068083780039296 
56.2 	 0.02606808378003977 
56.3 	 0.02606808378004325 
56.4 	 0.02606808378003893 
56.5 	 0.026068083780038255 
56.6 	 0.026068083780035244 
56.7 	 0.02606808378003657 
56.8 	 0.026068083780038227 
56.9 	 0.026068083780040597 
57.0 	 0.02606808378003903 
57.1 	 0.02606808378003557 
57.2 	 0.02606808378003749 
57.3 	 0.026068083780037086 
57.4 	 0.026068083780039268 
57.5 	 0.02606808378003845 
57.6 	 0.0260680837800384 
57.7 	 0.026068083780038855 
57.8 	 0.026068083780040562 
57.9 	 0.026068083780038505 
58.0 	 0.026068083780038748 
58.1 	 0.02606808378003811 
58.2 	 0.026068083780035244 
58.3 	 0.026068083780036253 
58.4 	 0.026068083780035393 
58.5 	 0.02606808378004107 
58.6 	 0.026068083780037783 
58.7 	 0.02606808378004082 
58.8 	 0.02606808378003974 
58.9 	 0.026068083780040205 
59.0 	 0.02606808378003541 
59.1 	 0.026068083780035823 
59.2 	 0.026068083780039723 
59.3 	 0.026068083780037755 
59.4 	 0.02606808378004188 
59.5 	 0.02606808378004164 
59.6 	 0.02606808378003954 
59.7 	 0.026068083780037006 
59.8 	 0.026068083780039206 
59.9 	 0.02606808378004023 
60.0 	 0.026068083780038016 
60.1 	 0.02606808378004052 
60.2 	 0.02606808378003979 
60.3 	 0.02606808378003945 
60.4 	 0.026068083780042765 
60.5 	 0.026068083780035868 
60.6 	 0.026068083780039344 
60.7 	 0.026068083780039802 
60.8 	 0.026068083780040496 
60.9 	 0.026068083780035677 
61.0 	 0.0260680837800387 
61.1 	 0.026068083780038286 
61.2 	 0.026068083780035854 
61.3 	 0.026068083780038352 
61.4 	 0.02606808378003619 
61.5 	 0.0260680837800421 
61.6 	 0.02606808378003816 
61.7 	 0.026068083780035146 
61.8 	 0.02606808378004037 
61.9 	 0.026068083780036486 
62.0 	 0.026068083780041246 
62.1 	 0.02606808378003906 
62.2 	 0.026068083780037502 
62.3 	 0.026068083780040104 
62.4 	 0.02606808378003838 
62.5 	 0.026068083780032125 
62.6 	 0.02606808378003893 
62.7 	 0.026068083780039865 
62.8 	 0.026068083780036652 
62.9 	 0.026068083780040312 
63.0 	 0.026068083780039393 
63.1 	 0.02606808378003605 
63.2 	 0.0260680837800397 
63.3 	 0.02606808378003619 
63.4 	 0.026068083780041232 
63.5 	 0.026068083780038175 
63.6 	 0.02606808378004183 
63.7 	 0.026068083780038855 
63.8 	 0.026068083780039268 
63.9 	 0.026068083780039254 
64.0 	 0.026068083780040184 
64.1 	 0.026068083780035414 
64.2 	 0.02606808378003995 
64.3 	 0.026068083780041287 
64.4 	 0.02606808378003516 
64.5 	 0.026068083780043633 
64.6 	 0.026068083780037762 
64.7 	 0.02606808378003707 
64.8 	 0.026068083780041554 
64.9 	 0.02606808378003791 
65.0 	 0.026068083780039678 
65.1 	 0.026068083780032156 
65.2 	 0.026068083780036992 
65.3 	 0.026068083780038095 
65.4 	 0.026068083780039615 
65.5 	 0.02606808378003786 
65.6 	 0.026068083780036316 
65.7 	 0.0260680837800389 
65.8 	 0.026068083780037762 
65.9 	 0.026068083780034938 
66.0 	 0.026068083780034057 
66.1 	 0.026068083780037533 
66.2 	 0.026068083780039525 
66.3 	 0.026068083780038456 
66.4 	 0.026068083780037606 
66.5 	 0.026068083780038918 
66.6 	 0.026068083780042172 
66.7 	 0.026068083780036538 
66.8 	 0.026068083780036316 
66.9 	 0.026068083780040236 
67.0 	 0.026068083780039393 
67.1 	 0.026068083780037627 
67.2 	 0.02606808378003931 
67.3 	 0.026068083780036853 
67.4 	 0.02606808378003598 
67.5 	 0.02606808378004143 
67.6 	 0.02606808378003749 
67.7 	 0.02606808378003744 
67.8 	 0.026068083780040743 
67.9 	 0.02606808378003691 
68.0 	 0.02606808378003717 
68.1 	 0.02606808378003721 
68.2 	 0.026068083780039834 
68.3 	 0.0260680837800359 
68.4 	 0.02606808378003543 
68.5 	 0.02606808378003775 
68.6 	 0.02606808378004203 
68.7 	 0.02606808378004201 
68.8 	 0.026068083780034654 
68.9 	 0.026068083780037533 
69.0 	 0.026068083780036645 
69.1 	 0.02606808378004169 
69.2 	 0.026068083780039997 
69.3 	 0.026068083780038685 
69.4 	 0.026068083780040878 
69.5 	 0.02606808378003718 
69.6 	 0.026068083780039594 
69.7 	 0.026068083780038005 
69.8 	 0.026068083780038664 
69.9 	 0.026068083780039525 
70.0 	 0.026068083780042346 
70.1 	 0.026068083780038255 
70.2 	 0.02606808378003935 
70.3 	 0.026068083780037627 
70.4 	 0.026068083780037825 
70.5 	 0.026068083780039785 
70.6 	 0.026068083780044767 
70.7 	 0.026068083780032836 
70.8 	 0.026068083780040135 
70.9 	 0.026068083780036805 
71.0 	 0.026068083780038543 
71.1 	 0.02606808378004026 
71.2 	 0.026068083780035275 
71.3 	 0.026068083780036406 
71.4 	 0.02606808378003647 
71.5 	 0.026068083780039934 
71.6 	 0.02606808378004004 
71.7 	 0.02606808378003653 
71.8 	 0.026068083780039806 
71.9 	 0.02606808378003715 
72.0 	 0.026068083780038394 
72.1 	 0.026068083780043452 
72.2 	 0.02606808378003695 
72.3 	 0.026068083780034335 
72.4 	 0.026068083780037013 
72.5 	 0.026068083780037818 
72.6 	 0.026068083780039775 
72.7 	 0.02606808378003415 
72.8 	 0.026068083780039112 
72.9 	 0.026068083780038633 
73.0 	 0.026068083780039934 
73.1 	 0.02606808378003469 
73.2 	 0.026068083780037693 
73.3 	 0.026068083780038796 
73.4 	 0.026068083780036236 
73.5 	 0.02606808378004126 
73.6 	 0.02606808378003437 
73.7 	 0.026068083780038016 
73.8 	 0.026068083780040798 
73.9 	 0.026068083780038602 
74.0 	 0.026068083780042994 
74.1 	 0.026068083780037117 
74.2 	 0.026068083780039743 
74.3 	 0.026068083780039785 
74.4 	 0.02606808378003845 
74.5 	 0.026068083780038845 
74.6 	 0.02606808378003775 
74.7 	 0.02606808378003954 
74.8 	 0.026068083780037624 
74.9 	 0.026068083780038647 
75.0 	 0.026068083780038213 
75.1 	 0.026068083780037613 
75.2 	 0.02606808378004086 
75.3 	 0.026068083780035667 
75.4 	 0.026068083780037846 
75.5 	 0.026068083780040496 
75.6 	 0.026068083780036548 
75.7 	 0.026068083780038498 
75.8 	 0.026068083780033703 
75.9 	 0.026068083780035202 
76.0 	 0.026068083780039143 
76.1 	 0.026068083780038238 
76.2 	 0.02606808378003691 
76.3 	 0.026068083780037513 
76.4 	 0.026068083780040302 
76.5 	 0.026068083780040743 
76.6 	 0.02606808378003488 
76.7 	 0.026068083780038623 
76.8 	 0.02606808378003693 
76.9 	 0.026068083780038463 
77.0 	 0.026068083780037415 
77.1 	 0.026068083780037676 
77.2 	 0.02606808378003852 
77.3 	 0.026068083780040247 
77.4 	 0.026068083780039067 
77.5 	 0.0260680837800426 
77.6 	 0.02606808378004169 
77.7 	 0.02606808378003796 
77.8 	 0.026068083780038807 
77.9 	 0.026068083780037297 
78.0 	 0.026068083780037086 
78.1 	 0.026068083780039882 
78.2 	 0.026068083780032288 
78.3 	 0.02606808378003973 
78.4 	 0.026068083780042637 
78.5 	 0.02606808378004028 
78.6 	 0.02606808378004014 
78.7 	 0.0260680837800401 
78.8 	 0.02606808378004009 
78.9 	 0.026068083780037818 
79.0 	 0.026068083780038814 
79.1 	 0.026068083780035268 
79.2 	 0.026068083780031982 
79.3 	 0.026068083780038952 
79.4 	 0.026068083780038998 
79.5 	 0.026068083780039428 
79.6 	 0.026068083780038165 
79.7 	 0.026068083780034272 
79.8 	 0.026068083780039903 
79.9 	 0.026068083780040767 
80.0 	 0.026068083780036486 
80.1 	 0.026068083780035195 
80.2 	 0.026068083780038838 
80.3 	 0.026068083780037513 
80.4 	 0.026068083780035764 
80.5 	 0.026068083780042512 
80.6 	 0.026068083780036853 
80.7 	 0.026068083780032773 
80.8 	 0.02606808378003459 
80.9 	 0.026068083780039643 
81.0 	 0.026068083780035067 
81.1 	 0.02606808378003693 
81.2 	 0.02606808378004106 
81.3 	 0.026068083780038175 
81.4 	 0.026068083780038415 
81.5 	 0.026068083780040625 
81.6 	 0.026068083780035636 
81.7 	 0.02606808378003688 
81.8 	 0.02606808378004233 
81.9 	 0.026068083780037138 
82.0 	 0.026068083780038023 
82.1 	 0.026068083780037846 
82.2 	 0.026068083780041974 
82.3 	 0.026068083780037846 
82.4 	 0.02606808378003852 
82.5 	 0.026068083780035223 
82.6 	 0.026068083780039792 
82.7 	 0.026068083780036697 
82.8 	 0.026068083780040798 
82.9 	 0.026068083780037735 
83.0 	 0.026068083780034074 
83.1 	 0.026068083780035615 
83.2 	 0.026068083780038477 
83.3 	 0.026068083780042304 
83.4 	 0.026068083780038182 
83.5 	 0.02606808378004167 
83.6 	 0.026068083780041225 
83.7 	 0.026068083780037755 
83.8 	 0.026068083780038175 
83.9 	 0.026068083780038352 
84.0 	 0.02606808378003794 
84.1 	 0.026068083780042585 
84.2 	 0.0260680837800374 
84.3 	 0.026068083780039785 
84.4 	 0.026068083780038952 
84.5 	 0.026068083780039848 
84.6 	 0.026068083780036784 
84.7 	 0.026068083780038317 
84.8 	 0.02606808378003894 
84.9 	 0.026068083780040406 
85.0 	 0.026068083780037374 
85.1 	 0.026068083780038855 
85.2 	 0.02606808378003556 
85.3 	 0.026068083780039157 
85.4 	 0.026068083780040937 
85.5 	 0.026068083780035337 
85.6 	 0.026068083780037162 
85.7 	 0.026068083780037353 
85.8 	 0.026068083780036222 
85.9 	 0.026068083780040156 
86.0 	 0.026068083780035806 
86.1 	 0.026068083780043407 
86.2 	 0.026068083780036708 
86.3 	 0.02606808378003235 
86.4 	 0.026068083780035584 
86.5 	 0.02606808378003796 
86.6 	 0.02606808378003537 
86.7 	 0.026068083780038196 
86.8 	 0.02606808378003691 
86.9 	 0.026068083780035348 
87.0 	 0.026068083780037943 
87.1 	 0.026068083780037044 
87.2 	 0.02606808378003775 
87.3 	 0.026068083780039254 
87.4 	 0.026068083780042606 
87.5 	 0.026068083780040156 
87.6 	 0.02606808378003715 
87.7 	 0.026068083780041777 
87.8 	 0.02606808378003887 
87.9 	 0.026068083780035917 
88.0 	 0.026068083780037825 
88.1 	 0.026068083780038824 
88.2 	 0.026068083780034685 
88.3 	 0.02606808378004031 
88.4 	 0.026068083780041627 
88.5 	 0.026068083780040805 
88.6 	 0.026068083780040184 
88.7 	 0.026068083780039553 
88.8 	 0.026068083780039553 
88.9 	 0.026068083780035663 
89.0 	 0.026068083780038182 
89.1 	 0.026068083780039122 
89.2 	 0.02606808378003974 
89.3 	 0.026068083780037152 
89.4 	 0.02606808378003668 
89.5 	 0.026068083780034224 
89.6 	 0.026068083780037693 
89.7 	 0.026068083780040135 
89.8 	 0.026068083780041766 
89.9 	 0.02606808378003837 
90.0 	 0.0260680837800374 
90.1 	 0.026068083780042835 
90.2 	 0.02606808378003914 
90.3 	 0.026068083780037606 
90.4 	 0.026068083780038415 
90.5 	 0.02606808378003491 
90.6 	 0.026068083780038165 
90.7 	 0.02606808378003725 
90.8 	 0.0260680837800389 
90.9 	 0.026068083780037596 
91.0 	 0.02606808378003833 
91.1 	 0.02606808378003766 
91.2 	 0.026068083780040753 
91.3 	 0.026068083780040167 
91.4 	 0.026068083780039206 
91.5 	 0.026068083780041225 
91.6 	 0.02606808378003739 
91.7 	 0.0260680837800403 
91.8 	 0.026068083780039823 
91.9 	 0.02606808378003676 
92.0 	 0.02606808378004165 
92.1 	 0.026068083780035986 
92.2 	 0.026068083780037693 
92.3 	 0.0260680837800385 
92.4 	 0.02606808378003979 
92.5 	 0.026068083780041378 
92.6 	 0.026068083780040188 
92.7 	 0.026068083780033266 
92.8 	 0.02606808378003633 
92.9 	 0.026068083780039407 
93.0 	 0.026068083780038477 
93.1 	 0.02606808378003908 
93.2 	 0.026068083780035837 
93.3 	 0.02606808378003576 
93.4 	 0.026068083780041176 
93.5 	 0.026068083780035098 
93.6 	 0.02606808378003512 
93.7 	 0.026068083780038623 
93.8 	 0.02606808378003909 
93.9 	 0.026068083780039112 
94.0 	 0.026068083780038668 
94.1 	 0.026068083780037565 
94.2 	 0.026068083780042176 
94.3 	 0.026068083780038716 
94.4 	 0.02606808378003845 
94.5 	 0.02606808378003518 
94.6 	 0.026068083780038605 
94.7 	 0.026068083780039518 
94.8 	 0.02606808378003695 
94.9 	 0.026068083780040406 
95.0 	 0.026068083780038647 
95.1 	 0.02606808378003929 
95.2 	 0.026068083780035615 
95.3 	 0.026068083780037533 
95.4 	 0.026068083780038616 
95.5 	 0.026068083780041922 
95.6 	 0.026068083780040607 
95.7 	 0.026068083780039976 
95.8 	 0.02606808378003673 
95.9 	 0.02606808378004126 
96.0 	 0.02606808378004172 
96.1 	 0.026068083780038918 
96.2 	 0.026068083780035507 
96.3 	 0.026068083780039896 
96.4 	 0.026068083780037846 
96.5 	 0.02606808378003894 
96.6 	 0.02606808378004126 
96.7 	 0.026068083780038605 
96.8 	 0.026068083780040156 
96.9 	 0.026068083780039913 
97.0 	 0.026068083780033946 
97.1 	 0.026068083780037644 
97.2 	 0.026068083780038224 
97.3 	 0.02606808378003993 
97.4 	 0.026068083780035 
97.5 	 0.026068083780038023 
97.6 	 0.026068083780040625 
97.7 	 0.02606808378003317 
97.8 	 0.02606808378003809 
97.9 	 0.026068083780040673 
98.0 	 0.026068083780039837 
98.1 	 0.02606808378003859 
98.2 	 0.02606808378003589 
98.3 	 0.02606808378003634 
98.4 	 0.026068083780037273 
98.5 	 0.026068083780039254 
98.6 	 0.026068083780039015 
98.7 	 0.026068083780038498 
98.8 	 0.02606808378003673 
98.9 	 0.02606808378003775 
99.0 	 0.026068083780041225 
99.1 	 0.026068083780037866 
99.2 	 0.026068083780038824 
99.3 	 0.02606808378003338 
99.4 	 0.02606808378003552 
99.5 	 0.026068083780038585 
99.6 	 0.02606808378004227 
99.7 	 0.026068083780041218 
99.8 	 0.02606808378003911 
99.9 	 0.026068083780038668 
100.0 	 0.026068083780031767 
100.1 	 0.02606808378003736 
100.2 	 0.02606808378003827 
100.3 	 0.026068083780035237 
100.4 	 0.026068083780039407 
100.5 	 0.026068083780041974 
100.6 	 0.026068083780039743 
100.7 	 0.02606808378003995 
100.8 	 0.02606808378003737 
100.9 	 0.026068083780039712 
101.0 	 0.026068083780040753 
101.1 	 0.026068083780034224 
101.2 	 0.026068083780039913 
101.3 	 0.026068083780037162 
101.4 	 0.02606808378003418 
101.5 	 0.026068083780037832 
101.6 	 0.02606808378004083 
101.7 	 0.026068083780040198 
101.8 	 0.026068083780037804 
101.9 	 0.026068083780037818 
102.0 	 0.026068083780041083 
102.1 	 0.026068083780036506 
102.2 	 0.026068083780043407 
102.3 	 0.026068083780037513 
102.4 	 0.02606808378003908 
102.5 	 0.026068083780040614 
102.6 	 0.026068083780038505 
102.7 	 0.026068083780040482 
102.8 	 0.02606808378003755 
102.9 	 0.026068083780038605 
103.0 	 0.026068083780037953 
103.1 	 0.026068083780039743 
103.2 	 0.026068083780040798 
103.3 	 0.026068083780042512 
103.4 	 0.026068083780034258 
103.5 	 0.026068083780038796 
103.6 	 0.02606808378003874 
103.7 	 0.026068083780039254 
103.8 	 0.02606808378003541 
103.9 	 0.026068083780036538 
104.0 	 0.0260680837800401 
104.1 	 0.026068083780036538 
104.2 	 0.0260680837800387 
104.3 	 0.02606808378003677 
104.4 	 0.026068083780039317 
104.5 	 0.02606808378003684 
104.6 	 0.02606808378003854 
104.7 	 0.026068083780040052 
104.8 	 0.026068083780040944 
104.9 	 0.026068083780037055 
105.0 	 0.02606808378003772 
105.1 	 0.026068083780039525 
105.2 	 0.02606808378003717 
105.3 	 0.02606808378003811 
105.4 	 0.026068083780035535 
105.5 	 0.026068083780038567 
105.6 	 0.026068083780039185 
105.7 	 0.026068083780037676 
105.8 	 0.02606808378004023 
105.9 	 0.02606808378004259 
106.0 	 0.026068083780040788 
106.1 	 0.02606808378003954 
106.2 	 0.0260680837800396 
106.3 	 0.026068083780038023 
106.4 	 0.026068083780036916 
106.5 	 0.02606808378004037 
106.6 	 0.026068083780034088 
106.7 	 0.026068083780037162 
106.8 	 0.026068083780039098 
106.9 	 0.026068083780036676 
107.0 	 0.026068083780040878 
107.1 	 0.026068083780038095 
107.2 	 0.026068083780038963 
107.3 	 0.026068083780036583 
107.4 	 0.026068083780042363 
107.5 	 0.02606808378003929 
107.6 	 0.026068083780038394 
107.7 	 0.0260680837800371 
107.8 	 0.0260680837800362 
107.9 	 0.02606808378003726 
108.0 	 0.026068083780037735 
108.1 	 0.02606808378003557 
108.2 	 0.02606808378003668 
108.3 	 0.026068083780038668 
108.4 	 0.026068083780041273 
108.5 	 0.026068083780038855 
108.6 	 0.02606808378003537 
108.7 	 0.0260680837800362 
108.8 	 0.02606808378004228 
108.9 	 0.02606808378003747 
109.0 	 0.02606808378004009 
109.1 	 0.026068083780038605 
109.2 	 0.02606808378003911 
109.3 	 0.026068083780037832 
109.4 	 0.02606808378003653 
109.5 	 0.026068083780040687 
109.6 	 0.026068083780033467 
109.7 	 0.026068083780037783 
109.8 	 0.02606808378003799 
109.9 	 0.026068083780036826 
110.0 	 0.026068083780036867 
110.1 	 0.02606808378003966 
110.2 	 0.02606808378003874 
110.3 	 0.026068083780034182 
110.4 	 0.02606808378003922 
110.5 	 0.026068083780034258 
110.6 	 0.02606808378003371 
110.7 	 0.026068083780035067 
110.8 	 0.026068083780039185 
110.9 	 0.026068083780041808 
111.0 	 0.026068083780038054 
111.1 	 0.026068083780040364 
111.2 	 0.026068083780035146 
111.3 	 0.026068083780035015 
111.4 	 0.02606808378003437 
111.5 	 0.02606808378003574 
111.6 	 0.026068083780038068 
111.7 	 0.026068083780037606 
111.8 	 0.026068083780035875 
111.9 	 0.026068083780038435 
112.0 	 0.026068083780040798 
112.1 	 0.026068083780032097 
112.2 	 0.026068083780041225 
112.3 	 0.02606808378003712 
112.4 	 0.026068083780034022 
112.5 	 0.026068083780034907 
112.6 	 0.026068083780035615 
112.7 	 0.026068083780038647 
112.8 	 0.02606808378004169 
112.9 	 0.026068083780037797 
113.0 	 0.026068083780042346 
113.1 	 0.026068083780038477 
113.2 	 0.026068083780036506 
113.3 	 0.026068083780039976 
113.4 	 0.026068083780038144 
113.5 	 0.02606808378003995 
113.6 	 0.02606808378003322 
113.7 	 0.026068083780036076 
113.8 	 0.02606808378003935 
113.9 	 0.02606808378003916 
114.0 	 0.02606808378003653 
114.1 	 0.026068083780035223 
114.2 	 0.026068083780040344 
114.3 	 0.026068083780039268 
114.4 	 0.026068083780038196 
114.5 	 0.02606808378004105 
114.6 	 0.02606808378004066 
114.7 	 0.02606808378003971 
114.8 	 0.026068083780034557 
114.9 	 0.026068083780040836 
115.0 	 0.026068083780042585 
115.1 	 0.026068083780039154 
115.2 	 0.02606808378003695 
115.3 	 0.02606808378003909 
115.4 	 0.026068083780038442 
115.5 	 0.026068083780036277 
115.6 	 0.026068083780035202 
115.7 	 0.026068083780033866 
115.8 	 0.026068083780043407 
115.9 	 0.026068083780037783 
116.0 	 0.026068083780042304 
116.1 	 0.026068083780040743 
116.2 	 0.026068083780040142 
116.3 	 0.0260680837800389 
116.4 	 0.026068083780039317 
116.5 	 0.026068083780038435 
116.6 	 0.026068083780037804 
116.7 	 0.02606808378003717 
116.8 	 0.02606808378003911 
116.9 	 0.026068083780038206 
117.0 	 0.026068083780034085 
117.1 	 0.02606808378003797 
117.2 	 0.02606808378003647 
117.3 	 0.026068083780035552 
117.4 	 0.026068083780037974 
117.5 	 0.02606808378003929 
117.6 	 0.0260680837800384 
117.7 	 0.02606808378003666 
117.8 	 0.026068083780038585 
117.9 	 0.02606808378003552 
118.0 	 0.026068083780041926 
118.1 	 0.026068083780039303 
118.2 	 0.026068083780033613 
118.3 	 0.026068083780039723 
118.4 	 0.026068083780036454 
118.5 	 0.026068083780038633 
118.6 	 0.026068083780042092 
118.7 	 0.026068083780039553 
118.8 	 0.02606808378003886 
118.9 	 0.026068083780039098 
119.0 	 0.026068083780038463 
119.1 	 0.026068083780038255 
119.2 	 0.026068083780037405 
119.3 	 0.026068083780037454 
119.4 	 0.026068083780034872 
119.5 	 0.02606808378003913 
119.6 	 0.026068083780037624 
119.7 	 0.026068083780038276 
119.8 	 0.026068083780038286 
119.9 	 0.026068083780036676 
120.0 	 0.026068083780037297 
120.1 	 0.026068083780036454 
120.2 	 0.026068083780041638 
120.3 	 0.026068083780039233 
120.4 	 0.0260680837800365 
120.5 	 0.02606808378003559 
120.6 	 0.02606808378003973 
120.7 	 0.026068083780035146 
120.8 	 0.02606808378003698 
120.9 	 0.0260680837800353 
121.0 	 0.026068083780042446 
121.1 	 0.026068083780036964 
121.2 	 0.026068083780034782 
121.3 	 0.026068083780036055 
121.4 	 0.026068083780037415 
121.5 	 0.026068083780038685 
121.6 	 0.026068083780036458 
121.7 	 0.026068083780040385 
121.8 	 0.026068083780042352 
121.9 	 0.02606808378003911 
122.0 	 0.026068083780034907 
122.1 	 0.026068083780034265 
122.2 	 0.026068083780035348 
122.3 	 0.026068083780040344 
122.4 	 0.026068083780035393 
122.5 	 0.026068083780040816 
122.6 	 0.026068083780038227 
122.7 	 0.02606808378003887 
122.8 	 0.026068083780036264 
122.9 	 0.026068083780035844 
123.0 	 0.0260680837800417 
123.1 	 0.02606808378003954 
123.2 	 0.026068083780035032 
123.3 	 0.026068083780037374 
123.4 	 0.026068083780035382 
123.5 	 0.02606808378004047 
123.6 	 0.026068083780037922 
123.7 	 0.026068083780036173 
123.8 	 0.026068083780039143 
123.9 	 0.026068083780037575 
124.0 	 0.026068083780037974 
124.1 	 0.02606808378004024 
124.2 	 0.02606808378003915 
124.3 	 0.026068083780037405 
124.4 	 0.026068083780043102 
124.5 	 0.026068083780034848 
124.6 	 0.026068083780041128 
124.7 	 0.026068083780039036 
124.8 	 0.026068083780036264 
124.9 	 0.026068083780037804 
125.0 	 0.02606808378004069 
125.1 	 0.026068083780039802 
125.2 	 0.02606808378004022 
125.3 	 0.02606808378004265 
125.4 	 0.02606808378003874 
125.5 	 0.026068083780036753 
125.6 	 0.026068083780038696 
125.7 	 0.026068083780035032 
125.8 	 0.026068083780035684 
125.9 	 0.026068083780039834 
126.0 	 0.02606808378003911 
126.1 	 0.026068083780037783 
126.2 	 0.02606808378003756 
126.3 	 0.02606808378004067 
126.4 	 0.02606808378004137 
126.5 	 0.026068083780039802 
126.6 	 0.026068083780036753 
126.7 	 0.026068083780041246 
126.8 	 0.026068083780037762 
126.9 	 0.026068083780038213 
127.0 	 0.026068083780038193 
127.1 	 0.02606808378003536 
127.2 	 0.026068083780038633 
127.3 	 0.026068083780036888 
127.4 	 0.02606808378003736 
127.5 	 0.026068083780036236 
127.6 	 0.026068083780038828 
127.7 	 0.02606808378003516 
127.8 	 0.026068083780039122 
127.9 	 0.026068083780038023 
128.0 	 0.02606808378004101 
128.1 	 0.026068083780039247 
128.2 	 0.02606808378004052 
128.3 	 0.026068083780035792 
128.4 	 0.02606808378003489 
128.5 	 0.02606808378003902 
128.6 	 0.026068083780035615 
128.7 	 0.026068083780039594 
128.8 	 0.02606808378003916 
128.9 	 0.026068083780037644 
129.0 	 0.026068083780041575 
129.1 	 0.02606808378004135 
129.2 	 0.026068083780039834 
129.3 	 0.026068083780042377 
129.4 	 0.026068083780037152 
129.5 	 0.026068083780040798 
129.6 	 0.02606808378003249 
129.7 	 0.026068083780040757 
129.8 	 0.02606808378004225 
129.9 	 0.026068083780040788 
130.0 	 0.026068083780039036 
130.1 	 0.02606808378003838 
130.2 	 0.026068083780040593 
130.3 	 0.02606808378003827 
130.4 	 0.02606808378004023 
130.5 	 0.026068083780038512 
130.6 	 0.026068083780037447 
130.7 	 0.026068083780035504 
130.8 	 0.02606808378003811 
130.9 	 0.02606808378003942 
131.0 	 0.026068083780039997 
131.1 	 0.026068083780036992 
131.2 	 0.026068083780035015 
131.3 	 0.026068083780042346 
131.4 	 0.026068083780035774 
131.5 	 0.026068083780038165 
131.6 	 0.026068083780036853 
131.7 	 0.026068083780039518 
131.8 	 0.026068083780036697 
131.9 	 0.02606808378003611 
132.0 	 0.026068083780037887 
132.1 	 0.026068083780038172 
132.2 	 0.026068083780038793 
132.3 	 0.026068083780039587 
132.4 	 0.026068083780040125 
132.5 	 0.02606808378003665 
132.6 	 0.02606808378003971 
132.7 	 0.02606808378003538 
132.8 	 0.026068083780036215 
132.9 	 0.026068083780034067 
133.0 	 0.02606808378003796 
133.1 	 0.026068083780040153 
133.2 	 0.026068083780038373 
133.3 	 0.026068083780038002 
133.4 	 0.026068083780037984 
133.5 	 0.026068083780039532 
133.6 	 0.026068083780040007 
133.7 	 0.026068083780038005 
133.8 	 0.026068083780040583 
133.9 	 0.0260680837800346 
134.0 	 0.026068083780037592 
134.1 	 0.026068083780043598 
134.2 	 0.026068083780037353 
134.3 	 0.026068083780038224 
134.4 	 0.026068083780037755 
134.5 	 0.026068083780034952 
134.6 	 0.026068083780037783 
134.7 	 0.026068083780041114 
134.8 	 0.026068083780035486 
134.9 	 0.026068083780039237 
135.0 	 0.026068083780037006 
135.1 	 0.026068083780037818 
135.2 	 0.026068083780038633 
135.3 	 0.02606808378003578 
135.4 	 0.026068083780041808 
135.5 	 0.026068083780035084 
135.6 	 0.026068083780037023 
135.7 	 0.026068083780036888 
135.8 	 0.026068083780036205 
135.9 	 0.026068083780040534 
136.0 	 0.026068083780034952 
136.1 	 0.02606808378003976 
136.2 	 0.026068083780039435 
136.3 	 0.02606808378003988 
136.4 	 0.026068083780038918 
136.5 	 0.026068083780037353 
136.6 	 0.026068083780036437 
136.7 	 0.02606808378003552 
136.8 	 0.026068083780037044 
136.9 	 0.026068083780039036 
137.0 	 0.026068083780038002 
137.1 	 0.026068083780039983 
137.2 	 0.026068083780036944 
137.3 	 0.026068083780041544 
137.4 	 0.026068083780039143 
137.5 	 0.026068083780042394 
137.6 	 0.02606808378003893 
137.7 	 0.026068083780042037 
137.8 	 0.026068083780042203 
137.9 	 0.026068083780036517 
138.0 	 0.026068083780037162 
138.1 	 0.02606808378003914 
138.2 	 0.026068083780035244 
138.3 	 0.02606808378004067 
138.4 	 0.02606808378003829 
138.5 	 0.02606808378003909 
138.6 	 0.0260680837800365 
138.7 	 0.02606808378003887 
138.8 	 0.026068083780045107 
138.9 	 0.026068083780036364 
139.0 	 0.026068083780038102 
139.1 	 0.026068083780041384 
139.2 	 0.0260680837800362 
139.3 	 0.026068083780035174 
139.4 	 0.026068083780035632 
139.5 	 0.026068083780043442 
139.6 	 0.026068083780035826 
139.7 	 0.02606808378003889 
139.8 	 0.026068083780036538 
139.9 	 0.026068083780037256 
140.0 	 0.026068083780039848 
140.1 	 0.026068083780043515 
140.2 	 0.026068083780040406 
140.3 	 0.02606808378003868 
140.4 	 0.026068083780039296 
140.5 	 0.02606808378003929 
140.6 	 0.026068083780034657 
140.7 	 0.026068083780035712 
140.8 	 0.026068083780038807 
140.9 	 0.02606808378003857 
141.0 	 0.026068083780039945 
141.1 	 0.026068083780038224 
141.2 	 0.026068083780038224 
141.3 	 0.026068083780041343 
141.4 	 0.026068083780038064 
141.5 	 0.026068083780039393 
141.6 	 0.026068083780038286 
141.7 	 0.02606808378003657 
141.8 	 0.026068083780034182 
141.9 	 0.026068083780038047 
142.0 	 0.026068083780038193 
142.1 	 0.026068083780034463 
142.2 	 0.026068083780043563 
142.3 	 0.02606808378003929 
142.4 	 0.026068083780040153 
142.5 	 0.02606808378003453 
142.6 	 0.026068083780039067 
142.7 	 0.026068083780035854 
142.8 	 0.026068083780038637 
142.9 	 0.0260680837800354 
143.0 	 0.026068083780038023 
143.1 	 0.026068083780041763 
143.2 	 0.026068083780037832 
143.3 	 0.0260680837800411 
143.4 	 0.026068083780038907 
143.5 	 0.026068083780041492 
143.6 	 0.02606808378003631 
143.7 	 0.026068083780039792 
143.8 	 0.026068083780037825 
143.9 	 0.02606808378003826 
144.0 	 0.026068083780039192 
144.1 	 0.026068083780041777 
144.2 	 0.026068083780041745 
144.3 	 0.02606808378003633 
144.4 	 0.026068083780040496 
144.5 	 0.026068083780037183 
144.6 	 0.02606808378003691 
144.7 	 0.02606808378003516 
144.8 	 0.026068083780034307 
144.9 	 0.026068083780034435 
145.0 	 0.02606808378003666 
145.1 	 0.026068083780038373 
145.2 	 0.026068083780037922 
145.3 	 0.02606808378003909 
145.4 	 0.026068083780037627 
145.5 	 0.02606808378003589 
145.6 	 0.026068083780040448 
145.7 	 0.026068083780034577 
145.8 	 0.026068083780036153 
145.9 	 0.026068083780035948 
146.0 	 0.026068083780041575 
146.1 	 0.026068083780044816 
146.2 	 0.02606808378003721 
146.3 	 0.026068083780041926 
146.4 	 0.026068083780034928 
146.5 	 0.026068083780035098 
146.6 	 0.02606808378003593 
146.7 	 0.026068083780033332 
146.8 	 0.026068083780038602 
146.9 	 0.026068083780033488 
147.0 	 0.026068083780040056 
147.1 	 0.0260680837800375 
147.2 	 0.026068083780036774 
147.3 	 0.026068083780039802 
147.4 	 0.02606808378003826 
147.5 	 0.026068083780040056 
147.6 	 0.026068083780042144 
147.7 	 0.026068083780038238 
147.8 	 0.02606808378004126 
147.9 	 0.02606808378003715 
148.0 	 0.02606808378003557 
148.1 	 0.026068083780038193 
148.2 	 0.026068083780039077 
148.3 	 0.026068083780039098 
148.4 	 0.02606808378003889 
148.5 	 0.026068083780038255 
148.6 	 0.026068083780037908 
148.7 	 0.02606808378004097 
148.8 	 0.026068083780038984 
148.9 	 0.02606808378003676 
149.0 	 0.026068083780034498 
149.1 	 0.026068083780036423 
149.2 	 0.026068083780038998 
149.3 	 0.026068083780034626 
149.4 	 0.026068083780037235 
149.5 	 0.02606808378003982 
149.6 	 0.026068083780038134 
149.7 	 0.026068083780040184 
149.8 	 0.026068083780041523 
149.9 	 0.026068083780043695 
150.0 	 0.026068083780038463 
150.1 	 0.02606808378003197 
150.2 	 0.02606808378003854 
150.3 	 0.02606808378003536 
150.4 	 0.026068083780040045 
150.5 	 0.026068083780038623 
150.6 	 0.0260680837800384 
150.7 	 0.02606808378003816 
150.8 	 0.02606808378003631 
150.9 	 0.026068083780041336 
151.0 	 0.0260680837800338 
151.1 	 0.026068083780038477 
151.2 	 0.026068083780038047 
151.3 	 0.02606808378003303 
151.4 	 0.026068083780037263 
151.5 	 0.026068083780039837 
151.6 	 0.02606808378004056 
151.7 	 0.02606808378003856 
151.8 	 0.02606808378003661 
151.9 	 0.026068083780039615 
152.0 	 0.026068083780039997 
152.1 	 0.026068083780036895 
152.2 	 0.02606808378003709 
152.3 	 0.02606808378003853 
152.4 	 0.02606808378003987 
152.5 	 0.026068083780040448 
152.6 	 0.026068083780036805 
152.7 	 0.026068083780035733 
152.8 	 0.02606808378004121 
152.9 	 0.02606808378003971 
153.0 	 0.02606808378003653 
153.1 	 0.02606808378003897 
153.2 	 0.026068083780037006 
153.3 	 0.026068083780037273 
153.4 	 0.026068083780039154 
153.5 	 0.026068083780035604 
153.6 	 0.026068083780042522 
153.7 	 0.02606808378003857 
153.8 	 0.026068083780036583 
153.9 	 0.02606808378003293 
154.0 	 0.026068083780038238 
154.1 	 0.02606808378004066 
154.2 	 0.026068083780037107 
154.3 	 0.02606808378003777 
154.4 	 0.02606808378003697 
154.5 	 0.026068083780038886 
154.6 	 0.026068083780033814 
154.7 	 0.026068083780038807 
154.8 	 0.02606808378003974 
154.9 	 0.026068083780038286 
155.0 	 0.0260680837800359 
155.1 	 0.026068083780041364 
155.2 	 0.026068083780037832 
155.3 	 0.026068083780038855 
155.4 	 0.02606808378003559 
155.5 	 0.026068083780035542 
155.6 	 0.02606808378003783 
155.7 	 0.02606808378003489 
155.8 	 0.026068083780036867 
155.9 	 0.026068083780038616 
156.0 	 0.02606808378004276 
156.1 	 0.026068083780038085 
156.2 	 0.02606808378003797 
156.3 	 0.026068083780044722 
156.4 	 0.02606808378003884 
156.5 	 0.02606808378003573 
156.6 	 0.02606808378003954 
156.7 	 0.026068083780038855 
156.8 	 0.02606808378003843 
156.9 	 0.026068083780039455 
157.0 	 0.02606808378003554 
157.1 	 0.026068083780036142 
157.2 	 0.02606808378003944 
157.3 	 0.026068083780036392 
157.4 	 0.026068083780036586 
157.5 	 0.026068083780036014 
157.6 	 0.026068083780037183 
157.7 	 0.026068083780037162 
157.8 	 0.02606808378003954 
157.9 	 0.026068083780035473 
158.0 	 0.02606808378003987 
158.1 	 0.026068083780042828 
158.2 	 0.02606808378003781 
158.3 	 0.026068083780038238 
158.4 	 0.026068083780034477 
158.5 	 0.026068083780037245 
158.6 	 0.026068083780034477 
158.7 	 0.026068083780040753 
158.8 	 0.026068083780042262 
158.9 	 0.02606808378003905 
159.0 	 0.026068083780037846 
159.1 	 0.026068083780044327 
159.2 	 0.026068083780038227 
159.3 	 0.0260680837800374 
159.4 	 0.026068083780039723 
159.5 	 0.02606808378003797 
159.6 	 0.026068083780039192 
159.7 	 0.02606808378003725 
159.8 	 0.026068083780043577 
159.9 	 0.026068083780037117 
160.0 	 0.026068083780040836 
160.1 	 0.026068083780039806 
160.2 	 0.026068083780035917 
160.3 	 0.026068083780037225 
160.4 	 0.02606808378003595 
160.5 	 0.02606808378003897 
160.6 	 0.02606808378003111 
160.7 	 0.02606808378003889 
160.8 	 0.026068083780038036 
160.9 	 0.02606808378003951 
161.0 	 0.02606808378003511 
161.1 	 0.026068083780033374 
161.2 	 0.026068083780037297 
161.3 	 0.026068083780041607 
161.4 	 0.026068083780041378 
161.5 	 0.026068083780038102 
161.6 	 0.026068083780036604 
161.7 	 0.026068083780040104 
161.8 	 0.026068083780039806 
161.9 	 0.026068083780035105 
162.0 	 0.02606808378003316 
162.1 	 0.02606808378004007 
162.2 	 0.026068083780040028 
162.3 	 0.02606808378003849 
162.4 	 0.026068083780041523 
162.5 	 0.026068083780037755 
162.6 	 0.026068083780038373 
162.7 	 0.02606808378004241 
162.8 	 0.026068083780033318 
162.9 	 0.026068083780038775 
163.0 	 0.026068083780035806 
163.1 	 0.026068083780037797 
163.2 	 0.026068083780035795 
163.3 	 0.02606808378003887 
163.4 	 0.0260680837800354 
163.5 	 0.026068083780040188 
163.6 	 0.026068083780036316 
163.7 	 0.02606808378003935 
163.8 	 0.026068083780040024 
163.9 	 0.02606808378003887 
164.0 	 0.026068083780038664 
164.1 	 0.02606808378003718 
164.2 	 0.0260680837800411 
164.3 	 0.02606808378003307 
164.4 	 0.02606808378003459 
164.5 	 0.026068083780034057 
164.6 	 0.026068083780035743 
164.7 	 0.026068083780038855 
164.8 	 0.02606808378003605 
164.9 	 0.02606808378004259 
165.0 	 0.026068083780038668 
165.1 	 0.026068083780037984 
165.2 	 0.026068083780038463 
165.3 	 0.026068083780038505 
165.4 	 0.02606808378003786 
165.5 	 0.026068083780039372 
165.6 	 0.02606808378003977 
165.7 	 0.026068083780037575 
165.8 	 0.026068083780036517 
165.9 	 0.0260680837800413 
166.0 	 0.026068083780039365 
166.1 	 0.02606808378004262 
166.2 	 0.026068083780037762 
166.3 	 0.026068083780041225 
166.4 	 0.026068083780038654 
166.5 	 0.026068083780039785 
166.6 	 0.0260680837800346 
166.7 	 0.026068083780038317 
166.8 	 0.026068083780039122 
166.9 	 0.026068083780035792 
167.0 	 0.026068083780037176 
167.1 	 0.02606808378004008 
167.2 	 0.02606808378003843 
167.3 	 0.02606808378004023 
167.4 	 0.026068083780039615 
167.5 	 0.026068083780038036 
167.6 	 0.02606808378003604 
167.7 	 0.026068083780037953 
167.8 	 0.02606808378003552 
167.9 	 0.026068083780041537 
168.0 	 0.026068083780040913 
168.1 	 0.026068083780038796 
168.2 	 0.026068083780035774 
168.3 	 0.026068083780038415 
168.4 	 0.026068083780035223 
168.5 	 0.026068083780041544 
168.6 	 0.026068083780041794 
168.7 	 0.02606808378003636 
168.8 	 0.026068083780038748 
168.9 	 0.02606808378003736 
169.0 	 0.026068083780036645 
169.1 	 0.026068083780041197 
169.2 	 0.026068083780036173 
169.3 	 0.02606808378003551 
169.4 	 0.02606808378003868 
169.5 	 0.026068083780042554 
169.6 	 0.026068083780037582 
169.7 	 0.02606808378003887 
169.8 	 0.026068083780038876 
169.9 	 0.02606808378003695 
170.0 	 0.02606808378004366 
170.1 	 0.02606808378003371 
170.2 	 0.026068083780040645 
170.3 	 0.02606808378003889 
170.4 	 0.026068083780040198 
170.5 	 0.026068083780036076 
170.6 	 0.02606808378003673 
170.7 	 0.026068083780038255 
170.8 	 0.02606808378004067 
170.9 	 0.02606808378003777 
171.0 	 0.026068083780040593 
171.1 	 0.026068083780039678 
171.2 	 0.026068083780036215 
171.3 	 0.026068083780034494 
171.4 	 0.026068083780039268 
171.5 	 0.02606808378003691 
171.6 	 0.02606808378004151 
171.7 	 0.026068083780035015 
171.8 	 0.026068083780039303 
171.9 	 0.026068083780039848 
172.0 	 0.026068083780036406 
172.1 	 0.026068083780037308 
172.2 	 0.02606808378003731 
172.3 	 0.02606808378004011 
172.4 	 0.026068083780040188 
172.5 	 0.02606808378003974 
172.6 	 0.026068083780037606 
172.7 	 0.026068083780037606 
172.8 	 0.026068083780040236 
172.9 	 0.026068083780041593 
173.0 	 0.026068083780037894 
173.1 	 0.026068083780038952 
173.2 	 0.026068083780034546 
173.3 	 0.026068083780037575 
173.4 	 0.026068083780035542 
173.5 	 0.02606808378003612 
173.6 	 0.026068083780038248 
173.7 	 0.026068083780041332 
173.8 	 0.026068083780038963 
173.9 	 0.026068083780034203 
174.0 	 0.026068083780042703 
174.1 	 0.026068083780037582 
174.2 	 0.026068083780036784 
174.3 	 0.026068083780041336 
174.4 	 0.02606808378003655 
174.5 	 0.026068083780037873 
174.6 	 0.026068083780041825 
174.7 	 0.026068083780038477 
174.8 	 0.02606808378003829 
174.9 	 0.02606808378003611 
175.0 	 0.026068083780037544 
175.1 	 0.02606808378003421 
175.2 	 0.02606808378003783 
175.3 	 0.026068083780039185 
175.4 	 0.026068083780040288 
175.5 	 0.026068083780038796 
175.6 	 0.02606808378003604 
175.7 	 0.026068083780039112 
175.8 	 0.02606808378003976 
175.9 	 0.026068083780038907 
176.0 	 0.026068083780035244 
176.1 	 0.026068083780037467 
176.2 	 0.02606808378003856 
176.3 	 0.02606808378003556 
176.4 	 0.026068083780038834 
176.5 	 0.026068083780034845 
176.6 	 0.026068083780033786 
176.7 	 0.026068083780038047 
176.8 	 0.02606808378003729 
176.9 	 0.02606808378004099 
177.0 	 0.0260680837800405 
177.1 	 0.026068083780040028 
177.2 	 0.026068083780040448 
177.3 	 0.026068083780036846 
177.4 	 0.026068083780042575 
177.5 	 0.02606808378003715 
177.6 	 0.02606808378003717 
177.7 	 0.026068083780037013 
177.8 	 0.02606808378004067 
177.9 	 0.02606808378003949 
178.0 	 0.026068083780041974 
178.1 	 0.026068083780040007 
178.2 	 0.026068083780040028 
178.3 	 0.02606808378003871 
178.4 	 0.02606808378003893 
178.5 	 0.02606808378004153 
178.6 	 0.026068083780039344 
178.7 	 0.02606808378003315 
178.8 	 0.026068083780038807 
178.9 	 0.026068083780040913 
179.0 	 0.026068083780038987 
179.1 	 0.0260680837800375 
179.2 	 0.026068083780036628 
179.3 	 0.026068083780037797 
179.4 	 0.026068083780036118 
179.5 	 0.026068083780038095 
179.6 	 0.0260680837800368 
179.7 	 0.026068083780042457 
179.8 	 0.02606808378003852 
179.9 	 0.02606808378003653 
180.0 	 0.02606808378003323 
180.1 	 0.02606808378003489 
180.2 	 0.02606808378003697 
180.3 	 0.026068083780036784 
180.4 	 0.02606808378003938 
180.5 	 0.0260680837800362 
180.6 	 0.02606808378003671 
180.7 	 0.026068083780037624 
180.8 	 0.026068083780037575 
180.9 	 0.026068083780040007 
181.0 	 0.0260680837800387 
181.1 	 0.0260680837800359 
181.2 	 0.026068083780040392 
181.3 	 0.02606808378004167 
181.4 	 0.026068083780036458 
181.5 	 0.02606808378003578 
181.6 	 0.026068083780038245 
181.7 	 0.02606808378003954 
181.8 	 0.026068083780035663 
181.9 	 0.026068083780033245 
182.0 	 0.026068083780035393 
182.1 	 0.02606808378004102 
182.2 	 0.02606808378003799 
182.3 	 0.02606808378003712 
182.4 	 0.026068083780039945 
182.5 	 0.026068083780034546 
182.6 	 0.026068083780035823 
182.7 	 0.026068083780041912 
182.8 	 0.026068083780032347 
182.9 	 0.02606808378003889 
183.0 	 0.026068083780035663 
183.1 	 0.02606808378003538 
183.2 	 0.0260680837800347 
183.3 	 0.026068083780036 
183.4 	 0.026068083780042543 
183.5 	 0.026068083780039553 
183.6 	 0.026068083780039785 
183.7 	 0.026068083780038435 
183.8 	 0.026068083780040344 
183.9 	 0.02606808378003688 
184.0 	 0.026068083780038023 
184.1 	 0.026068083780038078 
184.2 	 0.026068083780040156 
184.3 	 0.026068083780033613 
184.4 	 0.026068083780037308 
184.5 	 0.02606808378003668 
184.6 	 0.026068083780038633 
184.7 	 0.026068083780034057 
184.8 	 0.026068083780039962 
184.9 	 0.02606808378004022 
185.0 	 0.02606808378003679 
185.1 	 0.026068083780040056 
185.2 	 0.02606808378003874 
185.3 	 0.026068083780036583 
185.4 	 0.026068083780039848 
185.5 	 0.02606808378003788 
185.6 	 0.026068083780037846 
185.7 	 0.026068083780034737 
185.8 	 0.026068083780035098 
185.9 	 0.02606808378003915 
186.0 	 0.026068083780038952 
186.1 	 0.026068083780035268 
186.2 	 0.026068083780038796 
186.3 	 0.026068083780035507 
186.4 	 0.02606808378003748 
186.5 	 0.0260680837800397 
186.6 	 0.026068083780038435 
186.7 	 0.026068083780041513 
186.8 	 0.026068083780038456 
186.9 	 0.026068083780036853 
187.0 	 0.026068083780038373 
187.1 	 0.026068083780036833 
187.2 	 0.026068083780040805 
187.3 	 0.026068083780038765 
187.4 	 0.026068083780041384 
187.5 	 0.02606808378003761 
187.6 	 0.026068083780039625 
187.7 	 0.02606808378003691 
187.8 	 0.026068083780037582 
187.9 	 0.026068083780040503 
188.0 	 0.02606808378004075 
188.1 	 0.026068083780041575 
188.2 	 0.02606808378003935 
188.3 	 0.02606808378004022 
188.4 	 0.02606808378003338 
188.5 	 0.026068083780036028 
188.6 	 0.02606808378004109 
188.7 	 0.026068083780039983 
188.8 	 0.026068083780035015 
188.9 	 0.02606808378003737 
189.0 	 0.026068083780038435 
189.1 	 0.02606808378003492 
189.2 	 0.026068083780043386 
189.3 	 0.026068083780041197 
189.4 	 0.02606808378004185 
189.5 	 0.026068083780038387 
189.6 	 0.026068083780039112 
189.7 	 0.02606808378003908 
189.8 	 0.02606808378003755 
189.9 	 0.026068083780037353 
190.0 	 0.026068083780041936 
190.1 	 0.026068083780035237 
190.2 	 0.02606808378003439 
190.3 	 0.026068083780038512 
190.4 	 0.02606808378003657 
190.5 	 0.026068083780042176 
190.6 	 0.026068083780037846 
190.7 	 0.026068083780041287 
190.8 	 0.02606808378003755 
190.9 	 0.02606808378003812 
191.0 	 0.026068083780036343 
191.1 	 0.026068083780041933 
191.2 	 0.026068083780036784 
191.3 	 0.02606808378004047 
191.4 	 0.02606808378004102 
191.5 	 0.02606808378003733 
191.6 	 0.02606808378003262 
191.7 	 0.026068083780035868 
191.8 	 0.026068083780040503 
191.9 	 0.026068083780038727 
192.0 	 0.02606808378004086 
192.1 	 0.02606808378003698 
192.2 	 0.026068083780038307 
192.3 	 0.026068083780038078 
192.4 	 0.02606808378003713 
192.5 	 0.02606808378004037 
192.6 	 0.026068083780036423 
192.7 	 0.026068083780032093 
192.8 	 0.026068083780038196 
192.9 	 0.026068083780038633 
193.0 	 0.026068083780038838 
193.1 	 0.02606808378003947 
193.2 	 0.02606808378003772 
193.3 	 0.02606808378003905 
193.4 	 0.026068083780038685 
193.5 	 0.026068083780037214 
193.6 	 0.026068083780041593 
193.7 	 0.026068083780037263 
193.8 	 0.026068083780040656 
193.9 	 0.02606808378004259 
194.0 	 0.026068083780040344 
194.1 	 0.026068083780038654 
194.2 	 0.02606808378003476 
194.3 	 0.0260680837800399 
194.4 	 0.026068083780035084 
194.5 	 0.02606808378003906 
194.6 	 0.026068083780037343 
194.7 	 0.02606808378003826 
194.8 	 0.02606808378003653 
194.9 	 0.026068083780038047 
195.0 	 0.02606808378003827 
195.1 	 0.026068083780039997 
195.2 	 0.026068083780036944 
195.3 	 0.026068083780037183 
195.4 	 0.02606808378003499 
195.5 	 0.026068083780038647 
195.6 	 0.026068083780046 
195.7 	 0.026068083780039036 
195.8 	 0.02606808378003944 
195.9 	 0.026068083780037502 
196.0 	 0.02606808378004484 
196.1 	 0.026068083780035084 
196.2 	 0.026068083780037027 
196.3 	 0.026068083780035844 
196.4 	 0.02606808378004088 
196.5 	 0.026068083780040892 
196.6 	 0.026068083780037613 
196.7 	 0.026068083780036614 
196.8 	 0.026068083780035545 
196.9 	 0.02606808378003879 
197.0 	 0.026068083780038078 
197.1 	 0.026068083780039754 
197.2 	 0.026068083780038512 
197.3 	 0.02606808378003393 
197.4 	 0.026068083780040406 
197.5 	 0.026068083780035795 
197.6 	 0.026068083780037984 
197.7 	 0.026068083780035774 
197.8 	 0.026068083780039903 
197.9 	 0.02606808378003989 
198.0 	 0.026068083780037277 
198.1 	 0.026068083780039667 
198.2 	 0.026068083780035986 
198.3 	 0.026068083780038828 
198.4 	 0.02606808378004126 
198.5 	 0.026068083780036902 
198.6 	 0.026068083780040878 
198.7 	 0.026068083780037624 
198.8 	 0.026068083780037027 
198.9 	 0.02606808378003958 
199.0 	 0.02606808378003649 
199.1 	 0.026068083780037762 
199.2 	 0.026068083780038366 
199.3 	 0.02606808378003552 
199.4 	 0.026068083780037037 
199.5 	 0.026068083780039848 
199.6 	 0.026068083780036423 
199.7 	 0.026068083780042366 
199.8 	 0.026068083780035885 
199.9 	 0.02606808378004023 
200.0 	 0.02606808378003938 
