0.0 	 0.0 
0.1 	 0.004876554651976126 
0.2 	 0.014754022930088071 
0.3 	 0.02614316619364738 
0.4 	 0.03689206519669519 
0.5 	 0.045580773949863165 
0.6 	 0.05136220289146587 
0.7 	 0.053871937337651506 
0.8 	 0.053157716521056546 
0.9 	 0.04961382670362387 
1.0 	 0.04391184169155043 
1.1 	 0.036922073113358815 
1.2 	 0.029623716908031207 
1.3 	 0.023004544772338754 
1.4 	 0.017947883224415196 
1.5 	 0.015091488188199562 
1.6 	 0.014652290169944794 
1.7 	 0.01632576467067406 
1.8 	 0.019426253873232917 
1.9 	 0.023164762548917438 
2.0 	 0.026842688243479036 
2.1 	 0.029930555972736465 
2.2 	 0.032087627328880285 
2.3 	 0.03315640530243782 
2.4 	 0.0331441410109647 
2.5 	 0.03219540483789883 
2.6 	 0.030557549332235256 
2.7 	 0.02854053081910641 
2.8 	 0.026472808798507587 
2.9 	 0.02465648007209499 
3.0 	 0.023325358390865712 
3.1 	 0.02261330119865898 
3.2 	 0.022540219996018455 
3.3 	 0.023021464316203177 
3.4 	 0.023897613143327945 
3.5 	 0.02497414984223219 
3.6 	 0.026059221096173764 
3.7 	 0.026992459623033593 
3.8 	 0.027661581627719735 
3.9 	 0.02800949074971082 
4.0 	 0.02803285992977457 
4.1 	 0.027774266835564623 
4.2 	 0.02730991903312066 
4.3 	 0.026734806550461912 
4.4 	 0.026147140976738918 
4.5 	 0.02563398120203674 
4.6 	 0.025259879093039048 
4.7 	 0.02505989128922348 
4.8 	 0.025038490496559554 
4.9 	 0.025172531440529146 
5.0 	 0.02541928490748487 
5.1 	 0.025725688798550334 
5.2 	 0.026037912706635337 
5.3 	 0.026309714840171656 
5.4 	 0.026507445253981535 
5.5 	 0.026613147582659688 
5.6 	 0.026624816003596837 
5.7 	 0.02655429791489737 
5.8 	 0.026423592937858724 
5.9 	 0.026260266546582506 
6.0 	 0.026092711363698524 
6.1 	 0.025945925643100835 
6.2 	 0.02583834249082512 
6.3 	 0.025779784192545153 
6.4 	 0.02577192927497564 
6.5 	 0.02580836656309239 
6.6 	 0.02587731989133154 
6.7 	 0.02596396407326473 
6.8 	 0.026053055565971286 
6.9 	 0.02613150986528762 
7.0 	 0.026189448097553577 
7.1 	 0.026221379912891703 
7.2 	 0.026226428850861083 
7.3 	 0.026207763073619054 
7.4 	 0.02617153580337022 
7.5 	 0.026125556037705704 
7.6 	 0.0260779176604559 
7.7 	 0.026035787529954314 
7.8 	 0.026004502192117463 
7.9 	 0.025987054308598833 
8.0 	 0.025983978976222705 
8.1 	 0.025993631617216295 
8.2 	 0.026012758158161807 
8.3 	 0.026037201644750037 
8.4 	 0.02606263379223939 
8.5 	 0.02608520660941458 
8.6 	 0.026102041713741222 
8.7 	 0.026111509828354803 
8.8 	 0.02611328945647538 
8.9 	 0.026108226451968062 
9.0 	 0.026098042369760325 
9.1 	 0.02608495755796895 
9.2 	 0.026071297658331032 
9.3 	 0.02605914034571467 
9.4 	 0.026050046531634865 
9.5 	 0.026044904679540033 
9.6 	 0.026043896332874784 
9.7 	 0.026046571129457692 
9.8 	 0.02605200439762923 
9.9 	 0.026059001712844036 
10.0 	 0.02606631309684232 
10.1 	 0.0260728240589247 
10.2 	 0.026077699148198324 
10.3 	 0.026080463807952377 
10.4 	 0.026081021190019038 
10.5 	 0.026079610958085458 
10.6 	 0.026076724889408164 
10.7 	 0.026072998188822284 
10.8 	 0.026069095993335827 
10.9 	 0.02606561221896871 
11.0 	 0.026062993543265633 
11.1 	 0.02606149585598289 
11.2 	 0.026061174797022826 
11.3 	 0.026061906795091197 
11.4 	 0.026063433051149335 
11.5 	 0.026065416695943398 
11.6 	 0.026067502945215974 
11.7 	 0.02606937317187357 
11.8 	 0.02607078599275602 
11.9 	 0.02607160129104123 
12.0 	 0.026071786111358564 
12.1 	 0.0260714041333342 
12.2 	 0.026070592579006825 
12.3 	 0.026069531694017465 
12.4 	 0.02606841229245557 
12.5 	 0.026067406363069253 
12.6 	 0.026066644597978923 
12.7 	 0.02606620316577294 
12.8 	 0.02606610037313531 
12.9 	 0.026066302306692546 
13.0 	 0.026066735340480606 
13.1 	 0.026067302676551902 
13.2 	 0.026067901896277584 
13.3 	 0.026068440789058803 
13.4 	 0.026068849377140428 
13.5 	 0.02606908692069493 
13.6 	 0.026069143608012924 
13.7 	 0.02606903746583878 
13.8 	 0.02606880765145853 
13.9 	 0.026068505646332427 
14.0 	 0.026068185949600704 
14.1 	 0.026067897701672 
14.2 	 0.026067678317733784 
14.3 	 0.026067549758203513 
14.4 	 0.026067517587598676 
14.5 	 0.026067572548093765 
14.6 	 0.026067694051610708 
14.7 	 0.026067854806333293 
14.8 	 0.02606802574545436 
14.9 	 0.026068180503652706 
15.0 	 0.026068298860244227 
15.1 	 0.026068368798957943 
15.2 	 0.026068387082794634 
15.3 	 0.026068358470814137 
15.4 	 0.026068293882206425 
15.5 	 0.026068207923026252 
15.6 	 0.026068116225878516 
15.7 	 0.026068033017393227 
15.8 	 0.026067969237529902 
15.9 	 0.026067931408695403 
16.0 	 0.026067921314706633 
16.1 	 0.02606793642169147 
16.2 	 0.026067970872867722 
16.3 	 0.02606801682814665 
16.4 	 0.026068065901215135 
16.5 	 0.026068110467982932 
16.6 	 0.026068144672369634 
16.7 	 0.02606816502555696 
16.8 	 0.026068170570382354 
16.9 	 0.026068162650954078 
17.0 	 0.026068144379624354 
17.1 	 0.026068119924274585 
17.2 	 0.026068093746644608 
17.3 	 0.02606806990982192 
17.4 	 0.02606805154551466 
17.5 	 0.0260680405345579 
17.6 	 0.02606803741564338 
17.7 	 0.026068041501849052 
17.8 	 0.026068051157831413 
17.9 	 0.026068064174181966 
18.0 	 0.026068078170990962 
18.1 	 0.026068090968039 
18.2 	 0.026068100873057085 
18.3 	 0.026068106857969665 
18.4 	 0.026068108613555834 
18.5 	 0.026068106491775787 
18.6 	 0.026068101359995148 
18.7 	 0.02606809440072667 
18.8 	 0.026068086893796975 
18.9 	 0.026068080015227226 
19.0 	 0.02606807467997673 
19.1 	 0.02606807144537469 
19.2 	 0.02606807048092273 
19.3 	 0.026068071599289484 
19.4 	 0.026068074335375852 
19.5 	 0.026068078054698355 
19.6 	 0.026068082070991632 
19.7 	 0.026068085754292477 
19.8 	 0.026068088614973475 
19.9 	 0.026068090354923492 
20.0 	 0.02606809088313143 
20.1 	 0.026068090298718063 
20.2 	 0.026068088848601175 
20.3 	 0.026068086869940808 
20.4 	 0.026068084727756922 
20.5 	 0.0260680827577989 
20.6 	 0.026068081221955093 
20.7 	 0.026068080280964044 
20.8 	 0.026068079985748997 
20.9 	 0.0260680802859734 
21.0 	 0.026068081051963683 
21.1 	 0.02606808210501457 
21.2 	 0.026068083250380035 
21.3 	 0.026068084307889042 
21.4 	 0.02606808513605196 
21.5 	 0.026068085647091267 
21.6 	 0.026068085812071203 
21.7 	 0.026068085656676614 
21.8 	 0.02606808524967667 
21.9 	 0.026068084686729494 
22.0 	 0.026068084072549614 
22.1 	 0.02606808350428546 
22.2 	 0.026068083058388078 
22.3 	 0.026068082782386558 
22.4 	 0.02606808269208421 
22.5 	 0.026068082773812812 
22.6 	 0.026068082990707047 
22.7 	 0.026068083291468477 
22.8 	 0.0260680836199656 
22.9 	 0.026068083924190185 
23.0 	 0.02606808416322618 
23.1 	 0.02606808431166644 
23.2 	 0.026068084361008322 
23.3 	 0.026068084318464704 
23.4 	 0.026068084203596586 
23.5 	 0.026068084043641637 
23.6 	 0.02606808386844848 
23.7 	 0.026068083705750297 
23.8 	 0.02606808357741443 
23.9 	 0.02606808349716533 
24.0 	 0.026068083469722683 
24.1 	 0.026068083491459653 
24.2 	 0.02606808355210643 
24.3 	 0.026068083637223783 
24.4 	 0.026068083730891787 
24.5 	 0.02606808381822211 
24.6 	 0.026068083887406838 
24.7 	 0.026068083930952723 
24.8 	 0.02606808394620812 
24.9 	 0.026068083935004642 
25.0 	 0.026068083902786192 
25.1 	 0.026068083857291587 
25.2 	 0.026068083807074812 
25.3 	 0.0260680837601574 
25.4 	 0.026068083722922252 
25.5 	 0.026068083699418678 
25.6 	 0.026068083691092207 
25.7 	 0.026068083696967875 
25.8 	 0.026068083714127666 
25.9 	 0.02606808373842823 
26.0 	 0.02606808376527895 
26.1 	 0.026068083790388764 
26.2 	 0.026068083810345435 
26.3 	 0.02606808382298454 
26.4 	 0.026068083827526567 
26.5 	 0.026068083824483307 
26.6 	 0.026068083815402307 
26.7 	 0.026068083802485077 
26.8 	 0.026068083788166156 
26.9 	 0.026068083774733776 
27.0 	 0.02606808376402258 
27.1 	 0.0260680837571899 
27.2 	 0.026068083754677417 
27.3 	 0.026068083756219034 
27.4 	 0.026068083761013234 
27.5 	 0.026068083767884675 
27.6 	 0.026068083775541196 
27.7 	 0.026068083782749493 
27.8 	 0.026068083788523235 
27.9 	 0.02606808379222599 
28.0 	 0.026068083793620293 
28.1 	 0.026068083792826376 
28.2 	 0.02606808379028452 
28.3 	 0.026068083786607448 
28.4 	 0.026068083782504834 
28.5 	 0.026068083778633493 
28.6 	 0.026068083775529938 
28.7 	 0.026068083773528317 
28.8 	 0.026068083772773653 
28.9 	 0.026068083773188075 
29.0 	 0.026068083774538186 
29.1 	 0.02606808377650102 
29.2 	 0.026068083778695347 
29.3 	 0.026068083780765583 
29.4 	 0.026068083782429658 
29.5 	 0.026068083783505766 
29.6 	 0.026068083783917728 
29.7 	 0.026068083783703105 
29.8 	 0.02606808378298826 
29.9 	 0.026068083781947506 
30.0 	 0.02606808378077807 
30.1 	 0.026068083779671524 
30.2 	 0.02606808377877383 
30.3 	 0.02606808377819694 
30.4 	 0.026068083777968282 
30.5 	 0.026068083778070298 
30.6 	 0.02606808377845177 
30.7 	 0.026068083779010445 
30.8 	 0.0260680837796339 
30.9 	 0.026068083780226497 
31.0 	 0.026068083780705683 
31.1 	 0.026068083781020986 
31.2 	 0.026068083781146785 
31.3 	 0.02606808378109749 
31.4 	 0.026068083780894848 
31.5 	 0.02606808378059578 
31.6 	 0.026068083780260855 
31.7 	 0.02606808377994169 
31.8 	 0.026068083779681603 
31.9 	 0.026068083779512773 
32.0 	 0.026068083779445063 
32.1 	 0.026068083779473426 
32.2 	 0.026068083779580257 
32.3 	 0.026068083779735456 
32.4 	 0.02606808377991693 
32.5 	 0.02606808378009019 
32.6 	 0.02606808378022596 
32.7 	 0.026068083780315984 
32.8 	 0.02606808378035465 
32.9 	 0.026068083780340336 
33.0 	 0.0260680837802848 
33.1 	 0.02606808378020137 
33.2 	 0.02606808378010472 
33.3 	 0.026068083780016113 
33.4 	 0.026068083779938616 
33.5 	 0.026068083779893617 
33.6 	 0.026068083779870497 
33.7 	 0.02606808377987636 
33.8 	 0.026068083779905615 
33.9 	 0.02606808377994861 
34.0 	 0.026068083780001007 
34.1 	 0.02606808378005306 
34.2 	 0.026068083780093693 
34.3 	 0.02606808378011646 
34.4 	 0.026068083780128284 
34.5 	 0.026068083780127514 
34.6 	 0.026068083780111963 
34.7 	 0.026068083780085113 
34.8 	 0.026068083780060033 
34.9 	 0.02606808378003186 
35.0 	 0.026068083780009656 
35.1 	 0.026068083779998547 
35.2 	 0.026068083779989152 
35.3 	 0.026068083779992403 
35.4 	 0.026068083779999453 
35.5 	 0.026068083780013247 
35.6 	 0.02606808378002681 
35.7 	 0.02606808378004249 
35.8 	 0.026068083780056057 
35.9 	 0.026068083780062395 
36.0 	 0.026068083780066233 
36.1 	 0.02606808378006285 
36.2 	 0.026068083780059852 
36.3 	 0.02606808378004927 
36.4 	 0.026068083780043307 
36.5 	 0.026068083780037516 
36.6 	 0.02606808378003182 
36.7 	 0.02606808378002837 
36.8 	 0.026068083780023458 
36.9 	 0.02606808378002701 
37.0 	 0.026068083780026563 
37.1 	 0.02606808378003256 
37.2 	 0.02606808378003747 
37.3 	 0.026068083780039043 
37.4 	 0.026068083780047206 
37.5 	 0.02606808378004755 
37.6 	 0.026068083780049073 
37.7 	 0.026068083780046054 
37.8 	 0.02606808378004353 
37.9 	 0.026068083780040874 
38.0 	 0.026068083780041478 
38.1 	 0.0260680837800393 
38.2 	 0.026068083780037124 
38.3 	 0.026068083780036097 
38.4 	 0.026068083780034362 
38.5 	 0.026068083780031743 
38.6 	 0.026068083780034824 
38.7 	 0.02606808378003675 
38.8 	 0.02606808378003627 
38.9 	 0.026068083780037308 
39.0 	 0.026068083780039143 
39.1 	 0.026068083780042266 
39.2 	 0.026068083780043393 
39.3 	 0.026068083780040833 
39.4 	 0.026068083780040576 
39.5 	 0.026068083780039907 
39.6 	 0.026068083780037596 
39.7 	 0.02606808378003862 
39.8 	 0.026068083780038376 
39.9 	 0.026068083780038914 
40.0 	 0.02606808378003725 
40.1 	 0.02606808378003573 
40.2 	 0.026068083780039386 
40.3 	 0.026068083780040063 
40.4 	 0.026068083780037977 
40.5 	 0.026068083780037544 
40.6 	 0.026068083780039993 
40.7 	 0.026068083780039334 
40.8 	 0.026068083780039608 
40.9 	 0.026068083780040042 
41.0 	 0.026068083780039098 
41.1 	 0.026068083780039407 
41.2 	 0.02606808378003901 
41.3 	 0.026068083780037783 
41.4 	 0.02606808378003936 
41.5 	 0.02606808378003949 
41.6 	 0.026068083780038075 
41.7 	 0.02606808378003743 
41.8 	 0.026068083780037714 
41.9 	 0.026068083780038692 
42.0 	 0.026068083780038352 
42.1 	 0.026068083780038245 
42.2 	 0.026068083780040593 
42.3 	 0.02606808378003895 
42.4 	 0.02606808378003979 
42.5 	 0.02606808378004123 
42.6 	 0.026068083780039886 
42.7 	 0.0260680837800397 
42.8 	 0.026068083780038668 
42.9 	 0.026068083780039837 
43.0 	 0.026068083780039185 
43.1 	 0.02606808378003593 
43.2 	 0.026068083780039393 
43.3 	 0.026068083780038352 
43.4 	 0.026068083780037953 
43.5 	 0.026068083780039802 
43.6 	 0.026068083780037613 
43.7 	 0.026068083780038668 
43.8 	 0.026068083780038085 
43.9 	 0.02606808378004053 
44.0 	 0.026068083780041607 
44.1 	 0.026068083780038952 
44.2 	 0.02606808378004023 
44.3 	 0.02606808378003868 
44.4 	 0.026068083780039282 
44.5 	 0.02606808378004052 
44.6 	 0.026068083780038352 
44.7 	 0.026068083780041156 
44.8 	 0.026068083780039997 
44.9 	 0.026068083780038078 
45.0 	 0.02606808378003989 
45.1 	 0.026068083780041513 
45.2 	 0.0260680837800396 
45.3 	 0.026068083780035698 
45.4 	 0.026068083780039678 
45.5 	 0.02606808378003713 
45.6 	 0.026068083780037773 
45.7 	 0.026068083780036652 
45.8 	 0.026068083780038963 
45.9 	 0.026068083780038002 
46.0 	 0.02606808378003747 
46.1 	 0.02606808378003854 
46.2 	 0.026068083780036364 
46.3 	 0.026068083780040965 
46.4 	 0.026068083780039226 
46.5 	 0.026068083780039934 
46.6 	 0.026068083780039802 
46.7 	 0.026068083780035917 
46.8 	 0.026068083780039587 
46.9 	 0.02606808378003827 
47.0 	 0.026068083780038033 
47.1 	 0.026068083780036035 
47.2 	 0.026068083780035823 
47.3 	 0.026068083780038182 
47.4 	 0.026068083780038134 
47.5 	 0.0260680837800377 
47.6 	 0.026068083780038415 
47.7 	 0.02606808378003605 
47.8 	 0.026068083780039566 
47.9 	 0.026068083780038758 
48.0 	 0.026068083780036166 
48.1 	 0.026068083780038727 
48.2 	 0.02606808378004038 
48.3 	 0.02606808378003578 
48.4 	 0.026068083780036028 
48.5 	 0.026068083780040805 
48.6 	 0.026068083780036253 
48.7 	 0.02606808378003886 
48.8 	 0.026068083780036055 
48.9 	 0.026068083780039976 
49.0 	 0.026068083780041967 
49.1 	 0.02606808378003721 
49.2 	 0.02606808378003813 
49.3 	 0.026068083780040028 
49.4 	 0.026068083780040656 
49.5 	 0.02606808378004128 
49.6 	 0.026068083780039837 
49.7 	 0.026068083780039174 
49.8 	 0.026068083780041468 
49.9 	 0.026068083780037055 
50.0 	 0.026068083780038998 
50.1 	 0.02606808378004006 
50.2 	 0.026068083780037457 
50.3 	 0.026068083780039678 
50.4 	 0.026068083780038435 
50.5 	 0.026068083780039296 
50.6 	 0.026068083780038772 
50.7 	 0.026068083780039428 
50.8 	 0.02606808378003876 
50.9 	 0.02606808378003913 
51.0 	 0.026068083780037846 
51.1 	 0.0260680837800356 
51.2 	 0.026068083780038005 
51.3 	 0.026068083780038213 
51.4 	 0.026068083780039504 
51.5 	 0.026068083780040014 
51.6 	 0.026068083780041336 
51.7 	 0.026068083780038696 
51.8 	 0.026068083780038036 
51.9 	 0.026068083780038838 
52.0 	 0.026068083780039233 
52.1 	 0.02606808378004053 
52.2 	 0.02606808378003969 
52.3 	 0.02606808378003859 
52.4 	 0.026068083780038828 
52.5 	 0.026068083780036222 
52.6 	 0.02606808378003893 
52.7 	 0.026068083780039837 
52.8 	 0.026068083780037818 
52.9 	 0.02606808378004153 
53.0 	 0.026068083780040406 
53.1 	 0.026068083780037797 
53.2 	 0.02606808378003909 
53.3 	 0.026068083780039268 
53.4 	 0.02606808378003909 
53.5 	 0.026068083780040024 
53.6 	 0.02606808378003723 
53.7 	 0.02606808378003673 
53.8 	 0.0260680837800383 
53.9 	 0.026068083780037034 
54.0 	 0.026068083780039615 
54.1 	 0.026068083780038963 
54.2 	 0.026068083780038623 
54.3 	 0.02606808378003966 
54.4 	 0.026068083780038297 
54.5 	 0.026068083780039594 
54.6 	 0.02606808378003784 
54.7 	 0.02606808378003812 
54.8 	 0.026068083780040135 
54.9 	 0.026068083780037193 
55.0 	 0.02606808378003702 
55.1 	 0.02606808378003642 
55.2 	 0.026068083780038748 
55.3 	 0.026068083780040184 
55.4 	 0.026068083780039976 
55.5 	 0.026068083780040427 
55.6 	 0.026068083780040344 
55.7 	 0.026068083780036676 
55.8 	 0.026068083780040094 
55.9 	 0.026068083780039046 
56.0 	 0.026068083780039882 
56.1 	 0.026068083780036846 
56.2 	 0.026068083780038435 
56.3 	 0.02606808378004148 
56.4 	 0.02606808378003868 
56.5 	 0.026068083780038918 
56.6 	 0.026068083780037193 
56.7 	 0.02606808378003936 
56.8 	 0.026068083780037138 
56.9 	 0.026068083780038317 
57.0 	 0.026068083780043577 
57.1 	 0.02606808378003814 
57.2 	 0.026068083780038526 
57.3 	 0.02606808378004086 
57.4 	 0.026068083780034307 
57.5 	 0.026068083780039268 
57.6 	 0.026068083780036215 
57.7 	 0.026068083780035542 
57.8 	 0.026068083780038297 
57.9 	 0.026068083780038585 
58.0 	 0.026068083780042 
58.1 	 0.026068083780038165 
58.2 	 0.02606808378003908 
58.3 	 0.026068083780040014 
58.4 	 0.026068083780037832 
58.5 	 0.02606808378004033 
58.6 	 0.02606808378004023 
58.7 	 0.026068083780042384 
58.8 	 0.026068083780041027 
58.9 	 0.026068083780042724 
59.0 	 0.02606808378003752 
59.1 	 0.02606808378003672 
59.2 	 0.026068083780041232 
59.3 	 0.026068083780039983 
59.4 	 0.0260680837800365 
59.5 	 0.026068083780037162 
59.6 	 0.026068083780039143 
59.7 	 0.02606808378003895 
59.8 	 0.026068083780037676 
59.9 	 0.026068083780039185 
60.0 	 0.026068083780040816 
60.1 	 0.026068083780037922 
60.2 	 0.026068083780037308 
60.3 	 0.026068083780039046 
60.4 	 0.026068083780039455 
60.5 	 0.026068083780039934 
60.6 	 0.026068083780038442 
60.7 	 0.026068083780036326 
60.8 	 0.02606808378003786 
60.9 	 0.0260680837800403 
61.0 	 0.02606808378004029 
61.1 	 0.02606808378004056 
61.2 	 0.026068083780037225 
61.3 	 0.02606808378003671 
61.4 	 0.02606808378003766 
61.5 	 0.026068083780037193 
61.6 	 0.026068083780039428 
61.7 	 0.02606808378003816 
61.8 	 0.026068083780039525 
61.9 	 0.02606808378004033 
62.0 	 0.02606808378003752 
62.1 	 0.026068083780038245 
62.2 	 0.026068083780037627 
62.3 	 0.026068083780037433 
62.4 	 0.02606808378003679 
62.5 	 0.026068083780039802 
62.6 	 0.026068083780038647 
62.7 	 0.026068083780039036 
62.8 	 0.026068083780038952 
62.9 	 0.026068083780036996 
63.0 	 0.02606808378003982 
63.1 	 0.02606808378004165 
63.2 	 0.02606808378003772 
63.3 	 0.026068083780039587 
63.4 	 0.026068083780037624 
63.5 	 0.02606808378003856 
63.6 	 0.026068083780040708 
63.7 	 0.02606808378004085 
63.8 	 0.02606808378003718 
63.9 	 0.026068083780041953 
64.0 	 0.02606808378003777 
64.1 	 0.0260680837800371 
64.2 	 0.026068083780036833 
64.3 	 0.026068083780039428 
64.4 	 0.02606808378003812 
64.5 	 0.026068083780039393 
64.6 	 0.026068083780036853 
64.7 	 0.02606808378003775 
64.8 	 0.026068083780038668 
64.9 	 0.026068083780038238 
65.0 	 0.02606808378004113 
65.1 	 0.02606808378003893 
65.2 	 0.026068083780039317 
65.3 	 0.02606808378004102 
65.4 	 0.02606808378003747 
65.5 	 0.02606808378003726 
65.6 	 0.026068083780037922 
65.7 	 0.02606808378003949 
65.8 	 0.02606808378003873 
65.9 	 0.026068083780038994 
66.0 	 0.026068083780038206 
66.1 	 0.026068083780039455 
66.2 	 0.026068083780041648 
66.3 	 0.026068083780042477 
66.4 	 0.026068083780036822 
66.5 	 0.02606808378004047 
66.6 	 0.026068083780039518 
66.7 	 0.026068083780036486 
66.8 	 0.026068083780041395 
66.9 	 0.02606808378003696 
67.0 	 0.02606808378003938 
67.1 	 0.02606808378003812 
67.2 	 0.02606808378003947 
67.3 	 0.02606808378003886 
67.4 	 0.026068083780041322 
67.5 	 0.026068083780037613 
67.6 	 0.026068083780038095 
67.7 	 0.026068083780039393 
67.8 	 0.026068083780039594 
67.9 	 0.02606808378004085 
68.0 	 0.026068083780039344 
68.1 	 0.02606808378003947 
68.2 	 0.02606808378003993 
68.3 	 0.026068083780040798 
68.4 	 0.026068083780036895 
68.5 	 0.026068083780039723 
68.6 	 0.026068083780038654 
68.7 	 0.026068083780038654 
68.8 	 0.02606808378004169 
68.9 	 0.026068083780038002 
69.0 	 0.026068083780035584 
69.1 	 0.026068083780040798 
69.2 	 0.026068083780036676 
69.3 	 0.026068083780038664 
69.4 	 0.026068083780038415 
69.5 	 0.02606808378003933 
69.6 	 0.026068083780038286 
69.7 	 0.02606808378003938 
69.8 	 0.026068083780038748 
69.9 	 0.026068083780040645 
70.0 	 0.02606808378003977 
70.1 	 0.026068083780039573 
70.2 	 0.02606808378003933 
70.3 	 0.026068083780039504 
70.4 	 0.026068083780040344 
70.5 	 0.02606808378003816 
70.6 	 0.026068083780036413 
70.7 	 0.026068083780038838 
70.8 	 0.026068083780040816 
70.9 	 0.026068083780035837 
71.0 	 0.026068083780036 
71.1 	 0.026068083780039282 
71.2 	 0.026068083780037138 
71.3 	 0.026068083780040406 
71.4 	 0.026068083780038238 
71.5 	 0.026068083780041752 
71.6 	 0.0260680837800374 
71.7 	 0.02606808378003913 
71.8 	 0.026068083780038828 
71.9 	 0.02606808378004225 
72.0 	 0.026068083780039226 
72.1 	 0.026068083780039004 
72.2 	 0.026068083780039282 
72.3 	 0.026068083780037818 
72.4 	 0.026068083780035854 
72.5 	 0.026068083780038054 
72.6 	 0.026068083780040496 
72.7 	 0.026068083780040028 
72.8 	 0.026068083780037624 
72.9 	 0.026068083780039587 
73.0 	 0.026068083780038033 
73.1 	 0.026068083780038668 
73.2 	 0.026068083780038387 
73.3 	 0.026068083780039712 
73.4 	 0.026068083780041273 
73.5 	 0.026068083780039282 
73.6 	 0.02606808378003971 
73.7 	 0.026068083780041437 
73.8 	 0.02606808378004038 
73.9 	 0.02606808378003992 
74.0 	 0.02606808378004086 
74.1 	 0.026068083780039792 
74.2 	 0.026068083780040014 
74.3 	 0.026068083780038664 
74.4 	 0.026068083780038727 
74.5 	 0.026068083780038477 
74.6 	 0.026068083780039296 
74.7 	 0.02606808378003666 
74.8 	 0.02606808378003826 
74.9 	 0.02606808378003909 
75.0 	 0.02606808378003893 
75.1 	 0.02606808378003766 
75.2 	 0.026068083780039566 
75.3 	 0.026068083780038456 
75.4 	 0.026068083780035868 
75.5 	 0.02606808378003786 
75.6 	 0.02606808378003673 
75.7 	 0.02606808378003781 
75.8 	 0.026068083780039303 
75.9 	 0.026068083780038623 
76.0 	 0.02606808378003834 
76.1 	 0.026068083780039407 
76.2 	 0.026068083780035285 
76.3 	 0.02606808378003768 
76.4 	 0.026068083780039004 
76.5 	 0.026068083780036475 
76.6 	 0.026068083780038213 
76.7 	 0.026068083780037353 
76.8 	 0.026068083780038668 
76.9 	 0.026068083780037846 
77.0 	 0.02606808378003611 
77.1 	 0.026068083780037294 
77.2 	 0.0260680837800381 
77.3 	 0.026068083780034883 
77.4 	 0.026068083780037242 
77.5 	 0.026068083780037436 
77.6 	 0.026068083780039504 
77.7 	 0.026068083780037984 
77.8 	 0.026068083780039615 
77.9 	 0.02606808378003831 
78.0 	 0.026068083780034605 
78.1 	 0.02606808378003816 
78.2 	 0.026068083780036055 
78.3 	 0.026068083780040028 
78.4 	 0.02606808378004004 
78.5 	 0.02606808378003944 
78.6 	 0.02606808378003827 
78.7 	 0.026068083780036944 
78.8 	 0.02606808378003859 
78.9 	 0.026068083780038324 
79.0 	 0.02606808378003966 
79.1 	 0.026068083780038553 
79.2 	 0.02606808378003987 
79.3 	 0.02606808378003665 
79.4 	 0.026068083780039962 
79.5 	 0.026068083780037162 
79.6 	 0.026068083780037873 
79.7 	 0.026068083780042016 
79.8 	 0.02606808378004047 
79.9 	 0.026068083780042692 
80.0 	 0.026068083780039428 
80.1 	 0.026068083780035046 
80.2 	 0.026068083780037797 
80.3 	 0.026068083780035795 
80.4 	 0.026068083780036597 
80.5 	 0.02606808378003871 
80.6 	 0.026068083780034643 
80.7 	 0.026068083780038144 
80.8 	 0.02606808378003796 
80.9 	 0.026068083780038033 
81.0 	 0.02606808378004263 
81.1 	 0.02606808378003766 
81.2 	 0.026068083780037676 
81.3 	 0.026068083780038352 
81.4 	 0.02606808378004023 
81.5 	 0.026068083780037152 
81.6 	 0.02606808378003931 
81.7 	 0.02606808378004047 
81.8 	 0.026068083780037353 
81.9 	 0.026068083780040104 
82.0 	 0.026068083780037277 
82.1 	 0.02606808378004099 
82.2 	 0.02606808378003772 
82.3 	 0.026068083780035764 
82.4 	 0.026068083780039678 
82.5 	 0.026068083780037117 
82.6 	 0.026068083780037866 
82.7 	 0.02606808378003878 
82.8 	 0.026068083780037245 
82.9 	 0.026068083780037783 
83.0 	 0.026068083780034897 
83.1 	 0.026068083780039504 
83.2 	 0.026068083780039962 
83.3 	 0.026068083780039067 
83.4 	 0.026068083780040566 
83.5 	 0.026068083780041225 
83.6 	 0.026068083780038165 
83.7 	 0.026068083780039046 
83.8 	 0.026068083780037984 
83.9 	 0.026068083780040167 
84.0 	 0.026068083780038016 
84.1 	 0.02606808378003916 
84.2 	 0.026068083780035747 
84.3 	 0.026068083780036562 
84.4 	 0.02606808378004044 
84.5 	 0.02606808378004025 
84.6 	 0.0260680837800387 
84.7 	 0.026068083780037624 
84.8 	 0.026068083780039428 
84.9 	 0.026068083780037672 
85.0 	 0.02606808378004001 
85.1 	 0.02606808378003725 
85.2 	 0.026068083780038775 
85.3 	 0.026068083780038324 
85.4 	 0.026068083780037755 
85.5 	 0.02606808378003671 
85.6 	 0.026068083780037832 
85.7 	 0.026068083780039393 
85.8 	 0.026068083780039587 
85.9 	 0.026068083780036357 
86.0 	 0.02606808378003733 
86.1 	 0.02606808378003731 
86.2 	 0.026068083780039743 
86.3 	 0.026068083780039154 
86.4 	 0.02606808378004173 
86.5 	 0.026068083780038602 
86.6 	 0.026068083780037044 
86.7 	 0.026068083780037644 
86.8 	 0.02606808378004121 
86.9 	 0.02606808378003794 
87.0 	 0.02606808378003734 
87.1 	 0.026068083780037374 
87.2 	 0.026068083780040007 
87.3 	 0.02606808378004104 
87.4 	 0.026068083780038456 
87.5 	 0.026068083780040996 
87.6 	 0.026068083780041038 
87.7 	 0.0260680837800354 
87.8 	 0.02606808378003906 
87.9 	 0.026068083780038435 
88.0 	 0.026068083780037343 
88.1 	 0.026068083780037846 
88.2 	 0.02606808378003933 
88.3 	 0.02606808378003718 
88.4 	 0.026068083780036454 
88.5 	 0.02606808378003947 
88.6 	 0.026068083780039206 
88.7 	 0.026068083780038605 
88.8 	 0.026068083780040188 
88.9 	 0.026068083780040125 
89.0 	 0.026068083780037974 
89.1 	 0.026068083780036867 
89.2 	 0.026068083780038814 
89.3 	 0.026068083780037797 
89.4 	 0.026068083780042883 
89.5 	 0.02606808378003841 
89.6 	 0.026068083780040198 
89.7 	 0.026068083780039927 
89.8 	 0.02606808378004287 
89.9 	 0.026068083780040215 
90.0 	 0.026068083780040628 
90.1 	 0.026068083780037343 
90.2 	 0.026068083780040323 
90.3 	 0.026068083780036087 
90.4 	 0.026068083780041523 
90.5 	 0.026068083780039414 
90.6 	 0.026068083780034865 
90.7 	 0.026068083780037117 
90.8 	 0.026068083780036992 
90.9 	 0.02606808378003721 
91.0 	 0.026068083780040354 
91.1 	 0.026068083780039594 
91.2 	 0.026068083780038085 
91.3 	 0.02606808378004044 
91.4 	 0.026068083780035813 
91.5 	 0.026068083780037908 
91.6 	 0.02606808378003827 
91.7 	 0.02606808378003631 
91.8 	 0.026068083780038047 
91.9 	 0.02606808378003595 
92.0 	 0.026068083780038227 
92.1 	 0.026068083780039098 
92.2 	 0.026068083780041294 
92.3 	 0.02606808378003938 
92.4 	 0.02606808378003854 
92.5 	 0.026068083780037873 
92.6 	 0.02606808378003653 
92.7 	 0.02606808378004106 
92.8 	 0.02606808378003665 
92.9 	 0.02606808378003951 
93.0 	 0.02606808378003947 
93.1 	 0.026068083780037544 
93.2 	 0.026068083780040434 
93.3 	 0.0260680837800381 
93.4 	 0.026068083780039834 
93.5 	 0.026068083780042477 
93.6 	 0.026068083780039615 
93.7 	 0.026068083780035698 
93.8 	 0.02606808378004085 
93.9 	 0.02606808378003772 
94.0 	 0.02606808378003793 
94.1 	 0.026068083780039303 
94.2 	 0.026068083780036604 
94.3 	 0.02606808378003677 
94.4 	 0.026068083780038324 
94.5 	 0.02606808378004273 
94.6 	 0.02606808378004042 
94.7 	 0.02606808378003616 
94.8 	 0.02606808378003879 
94.9 	 0.026068083780036864 
95.0 	 0.026068083780036836 
95.1 	 0.026068083780039806 
95.2 	 0.02606808378003781 
95.3 	 0.026068083780040188 
95.4 	 0.026068083780040028 
95.5 	 0.02606808378003789 
95.6 	 0.02606808378004266 
95.7 	 0.026068083780039837 
95.8 	 0.026068083780038102 
95.9 	 0.026068083780038366 
96.0 	 0.026068083780041038 
96.1 	 0.0260680837800384 
96.2 	 0.026068083780036014 
96.3 	 0.026068083780041766 
96.4 	 0.02606808378003942 
96.5 	 0.02606808378003988 
96.6 	 0.02606808378003879 
96.7 	 0.026068083780037526 
96.8 	 0.026068083780037707 
96.9 	 0.026068083780039865 
97.0 	 0.026068083780040892 
97.1 	 0.026068083780038477 
97.2 	 0.026068083780040344 
97.3 	 0.026068083780038574 
97.4 	 0.026068083780038553 
97.5 	 0.026068083780038553 
97.6 	 0.026068083780037856 
97.7 	 0.026068083780038765 
97.8 	 0.026068083780038255 
97.9 	 0.026068083780041575 
98.0 	 0.026068083780039848 
98.1 	 0.026068083780040503 
98.2 	 0.026068083780038023 
98.3 	 0.026068083780041513 
98.4 	 0.026068083780040722 
98.5 	 0.026068083780039643 
98.6 	 0.026068083780037606 
98.7 	 0.026068083780036888 
98.8 	 0.02606808378003854 
98.9 	 0.026068083780039625 
99.0 	 0.02606808378003945 
99.1 	 0.026068083780037544 
99.2 	 0.026068083780040406 
99.3 	 0.02606808378003709 
99.4 	 0.026068083780041083 
99.5 	 0.026068083780039993 
99.6 	 0.02606808378003911 
99.7 	 0.026068083780039122 
99.8 	 0.02606808378004026 
99.9 	 0.026068083780038716 
100.0 	 0.026068083780042647 
100.1 	 0.02606808378003938 
100.2 	 0.02606808378003679 
100.3 	 0.026068083780035604 
100.4 	 0.026068083780040406 
100.5 	 0.02606808378003951 
100.6 	 0.026068083780039268 
100.7 	 0.02606808378003797 
100.8 	 0.02606808378003903 
100.9 	 0.0260680837800362 
101.0 	 0.026068083780036826 
101.1 	 0.026068083780039723 
101.2 	 0.026068083780040878 
101.3 	 0.026068083780038054 
101.4 	 0.02606808378003799 
101.5 	 0.02606808378003781 
101.6 	 0.02606808378003671 
101.7 	 0.026068083780041072 
101.8 	 0.026068083780039965 
101.9 	 0.026068083780039282 
102.0 	 0.026068083780039858 
102.1 	 0.026068083780039143 
102.2 	 0.026068083780035237 
102.3 	 0.026068083780036586 
102.4 	 0.02606808378003756 
102.5 	 0.026068083780041468 
102.6 	 0.026068083780040878 
102.7 	 0.02606808378003788 
102.8 	 0.02606808378003916 
102.9 	 0.026068083780038512 
103.0 	 0.026068083780036774 
103.1 	 0.0260680837800409 
103.2 	 0.026068083780038696 
103.3 	 0.026068083780038477 
103.4 	 0.02606808378003799 
103.5 	 0.0260680837800384 
103.6 	 0.026068083780038477 
103.7 	 0.026068083780038134 
103.8 	 0.0260680837800381 
103.9 	 0.026068083780036565 
104.0 	 0.026068083780037044 
104.1 	 0.0260680837800384 
104.2 	 0.026068083780038023 
104.3 	 0.02606808378004064 
104.4 	 0.026068083780041492 
104.5 	 0.02606808378003786 
104.6 	 0.02606808378004066 
104.7 	 0.026068083780038238 
104.8 	 0.026068083780042155 
104.9 	 0.026068083780036964 
105.0 	 0.026068083780036277 
105.1 	 0.026068083780038182 
105.2 	 0.026068083780038206 
105.3 	 0.026068083780039678 
105.4 	 0.026068083780038605 
105.5 	 0.026068083780040545 
105.6 	 0.02606808378003931 
105.7 	 0.02606808378003951 
105.8 	 0.02606808378003756 
105.9 	 0.026068083780039976 
106.0 	 0.026068083780039098 
106.1 	 0.02606808378003766 
106.2 	 0.026068083780039455 
106.3 	 0.026068083780039285 
106.4 	 0.026068083780039435 
106.5 	 0.026068083780035868 
106.6 	 0.02606808378004088 
106.7 	 0.02606808378003949 
106.8 	 0.02606808378003595 
106.9 	 0.026068083780039785 
107.0 	 0.026068083780039365 
107.1 	 0.026068083780037457 
107.2 	 0.026068083780038814 
107.3 	 0.026068083780039587 
107.4 	 0.02606808378003852 
107.5 	 0.026068083780041183 
107.6 	 0.026068083780041797 
107.7 	 0.02606808378003829 
107.8 	 0.026068083780040028 
107.9 	 0.02606808378004066 
108.0 	 0.026068083780040913 
108.1 	 0.02606808378003871 
108.2 	 0.026068083780039712 
108.3 	 0.026068083780038824 
108.4 	 0.026068083780039837 
108.5 	 0.02606808378004026 
108.6 	 0.026068083780036055 
108.7 	 0.02606808378003862 
108.8 	 0.02606808378003886 
108.9 	 0.026068083780037013 
109.0 	 0.026068083780040344 
109.1 	 0.026068083780038984 
109.2 	 0.02606808378003882 
109.3 	 0.026068083780037797 
109.4 	 0.02606808378004196 
109.5 	 0.026068083780037346 
109.6 	 0.02606808378003772 
109.7 	 0.026068083780039174 
109.8 	 0.026068083780040732 
109.9 	 0.026068083780040087 
110.0 	 0.026068083780039962 
110.1 	 0.026068083780038574 
110.2 	 0.026068083780036437 
110.3 	 0.02606808378003917 
110.4 	 0.02606808378003688 
110.5 	 0.026068083780038935 
110.6 	 0.02606808378003806 
110.7 	 0.02606808378003726 
110.8 	 0.026068083780039067 
110.9 	 0.026068083780040267 
111.0 	 0.026068083780041447 
111.1 	 0.026068083780040247 
111.2 	 0.026068083780039795 
111.3 	 0.02606808378003543 
111.4 	 0.02606808378003688 
111.5 	 0.026068083780035244 
111.6 	 0.026068083780037755 
111.7 	 0.026068083780039584 
111.8 	 0.026068083780040913 
111.9 	 0.0260680837800365 
112.0 	 0.026068083780038144 
112.1 	 0.026068083780040406 
112.2 	 0.026068083780037204 
112.3 	 0.026068083780038637 
112.4 	 0.026068083780040184 
112.5 	 0.02606808378003676 
112.6 	 0.026068083780037627 
112.7 	 0.02606808378003954 
112.8 	 0.026068083780037464 
112.9 	 0.026068083780039192 
113.0 	 0.026068083780039435 
113.1 	 0.026068083780037908 
113.2 	 0.026068083780037436 
113.3 	 0.026068083780043026 
113.4 	 0.026068083780040767 
113.5 	 0.026068083780038366 
113.6 	 0.026068083780041156 
113.7 	 0.026068083780039414 
113.8 	 0.02606808378003875 
113.9 	 0.02606808378003813 
114.0 	 0.02606808378004007 
114.1 	 0.026068083780037856 
114.2 	 0.026068083780038134 
114.3 	 0.02606808378003843 
114.4 	 0.026068083780037183 
114.5 	 0.026068083780039414 
114.6 	 0.02606808378004028 
114.7 	 0.026068083780035698 
114.8 	 0.026068083780039865 
114.9 	 0.02606808378003827 
115.0 	 0.026068083780038196 
115.1 	 0.026068083780038442 
115.2 	 0.026068083780040153 
115.3 	 0.026068083780041395 
115.4 	 0.026068083780038394 
115.5 	 0.02606808378003709 
115.6 	 0.026068083780039046 
115.7 	 0.026068083780038373 
115.8 	 0.026068083780033627 
115.9 	 0.026068083780037353 
116.0 	 0.02606808378003843 
116.1 	 0.02606808378004101 
116.2 	 0.026068083780039268 
116.3 	 0.026068083780038442 
116.4 	 0.026068083780036676 
116.5 	 0.026068083780038685 
116.6 	 0.026068083780037193 
116.7 	 0.026068083780038845 
116.8 	 0.02606808378003777 
116.9 	 0.026068083780038276 
117.0 	 0.02606808378004066 
117.1 	 0.026068083780041194 
117.2 	 0.02606808378004004 
117.3 	 0.026068083780039435 
117.4 	 0.02606808378003854 
117.5 	 0.026068083780038772 
117.6 	 0.026068083780038748 
117.7 	 0.02606808378003845 
117.8 	 0.026068083780038206 
117.9 	 0.02606808378003875 
118.0 	 0.026068083780038765 
118.1 	 0.02606808378003908 
118.2 	 0.026068083780037103 
118.3 	 0.026068083780039768 
118.4 	 0.026068083780037814 
118.5 	 0.02606808378003793 
118.6 	 0.026068083780038442 
118.7 	 0.026068083780039202 
118.8 	 0.02606808378004028 
118.9 	 0.026068083780038824 
119.0 	 0.02606808378003991 
119.1 	 0.02606808378003858 
119.2 	 0.026068083780037922 
119.3 	 0.02606808378003938 
119.4 	 0.026068083780038213 
119.5 	 0.026068083780039046 
119.6 	 0.0260680837800371 
119.7 	 0.026068083780039934 
119.8 	 0.02606808378003793 
119.9 	 0.026068083780039233 
120.0 	 0.026068083780037502 
120.1 	 0.026068083780040816 
120.2 	 0.026068083780041072 
120.3 	 0.026068083780039754 
120.4 	 0.02606808378003774 
120.5 	 0.026068083780037533 
120.6 	 0.02606808378004104 
120.7 	 0.02606808378003905 
120.8 	 0.026068083780041926 
120.9 	 0.026068083780039792 
121.0 	 0.026068083780038553 
121.1 	 0.02606808378003963 
121.2 	 0.026068083780040247 
121.3 	 0.02606808378003954 
121.4 	 0.026068083780041218 
121.5 	 0.026068083780037277 
121.6 	 0.026068083780037908 
121.7 	 0.026068083780039004 
121.8 	 0.026068083780040552 
121.9 	 0.026068083780037755 
122.0 	 0.026068083780037575 
122.1 	 0.026068083780038907 
122.2 	 0.026068083780038918 
122.3 	 0.02606808378004285 
122.4 	 0.026068083780040496 
122.5 	 0.02606808378003573 
122.6 	 0.026068083780040708 
122.7 	 0.026068083780037627 
122.8 	 0.026068083780036992 
122.9 	 0.026068083780040174 
123.0 	 0.02606808378003713 
123.1 	 0.026068083780036173 
123.2 	 0.0260680837800399 
123.3 	 0.026068083780039913 
123.4 	 0.02606808378003906 
123.5 	 0.02606808378004006 
123.6 	 0.02606808378003816 
123.7 	 0.026068083780038616 
123.8 	 0.026068083780035552 
123.9 	 0.026068083780041874 
124.0 	 0.026068083780039965 
124.1 	 0.02606808378003856 
124.2 	 0.026068083780041617 
124.3 	 0.02606808378004051 
124.4 	 0.026068083780036153 
124.5 	 0.026068083780040496 
124.6 	 0.026068083780037436 
124.7 	 0.02606808378003673 
124.8 	 0.026068083780038616 
124.9 	 0.02606808378004208 
125.0 	 0.026068083780040965 
125.1 	 0.026068083780040722 
125.2 	 0.026068083780038963 
125.3 	 0.02606808378003853 
125.4 	 0.02606808378003772 
125.5 	 0.02606808378003843 
125.6 	 0.026068083780040007 
125.7 	 0.026068083780041103 
125.8 	 0.02606808378003871 
125.9 	 0.026068083780040014 
126.0 	 0.0260680837800383 
126.1 	 0.026068083780037825 
126.2 	 0.02606808378003954 
126.3 	 0.026068083780039303 
126.4 	 0.026068083780038647 
126.5 	 0.026068083780040677 
126.6 	 0.02606808378003674 
126.7 	 0.026068083780036125 
126.8 	 0.026068083780039636 
126.9 	 0.026068083780038994 
127.0 	 0.026068083780039414 
127.1 	 0.0260680837800387 
127.2 	 0.026068083780041953 
127.3 	 0.026068083780039573 
127.4 	 0.02606808378004153 
127.5 	 0.026068083780039077 
127.6 	 0.026068083780035764 
127.7 	 0.026068083780037436 
127.8 	 0.0260680837800389 
127.9 	 0.026068083780038234 
128.0 	 0.026068083780036923 
128.1 	 0.02606808378003902 
128.2 	 0.026068083780038664 
128.3 	 0.026068083780039553 
128.4 	 0.02606808378003942 
128.5 	 0.026068083780037096 
128.6 	 0.026068083780039726 
128.7 	 0.02606808378004053 
128.8 	 0.02606808378004026 
128.9 	 0.026068083780038054 
129.0 	 0.02606808378004083 
129.1 	 0.026068083780037544 
129.2 	 0.026068083780038196 
129.3 	 0.026068083780038647 
129.4 	 0.02606808378003753 
129.5 	 0.026068083780039476 
129.6 	 0.02606808378003695 
129.7 	 0.02606808378003924 
129.8 	 0.02606808378003856 
129.9 	 0.026068083780039903 
130.0 	 0.026068083780041218 
130.1 	 0.026068083780036486 
130.2 	 0.026068083780038876 
130.3 	 0.0260680837800389 
130.4 	 0.026068083780039077 
130.5 	 0.026068083780040593 
130.6 	 0.02606808378003971 
130.7 	 0.02606808378003797 
130.8 	 0.026068083780040406 
130.9 	 0.02606808378003868 
131.0 	 0.026068083780040406 
131.1 	 0.026068083780038838 
131.2 	 0.026068083780037735 
131.3 	 0.02606808378003971 
131.4 	 0.026068083780038605 
131.5 	 0.026068083780042026 
131.6 	 0.026068083780037235 
131.7 	 0.026068083780035993 
131.8 	 0.026068083780037606 
131.9 	 0.02606808378003894 
132.0 	 0.02606808378003916 
132.1 	 0.026068083780041322 
132.2 	 0.02606808378003893 
132.3 	 0.026068083780040944 
132.4 	 0.02606808378003917 
132.5 	 0.02606808378003767 
132.6 	 0.026068083780034747 
132.7 	 0.02606808378003755 
132.8 	 0.0260680837800397 
132.9 	 0.02606808378003945 
133.0 	 0.02606808378004051 
133.1 	 0.026068083780038134 
133.2 	 0.026068083780038782 
133.3 	 0.026068083780037176 
133.4 	 0.026068083780040628 
133.5 	 0.02606808378003549 
133.6 	 0.02606808378003993 
133.7 	 0.026068083780041957 
133.8 	 0.02606808378003499 
133.9 	 0.026068083780036326 
134.0 	 0.026068083780038758 
134.1 	 0.02606808378004096 
134.2 	 0.0260680837800381 
134.3 	 0.026068083780036208 
134.4 	 0.026068083780039823 
134.5 	 0.02606808378003736 
134.6 	 0.026068083780040583 
134.7 	 0.026068083780039462 
134.8 	 0.026068083780038442 
134.9 	 0.026068083780038286 
135.0 	 0.02606808378003938 
135.1 	 0.026068083780039594 
135.2 	 0.026068083780040024 
135.3 	 0.02606808378003854 
135.4 	 0.026068083780038276 
135.5 	 0.02606808378003976 
135.6 	 0.026068083780039067 
135.7 	 0.026068083780040174 
135.8 	 0.026068083780037783 
135.9 	 0.02606808378003969 
136.0 	 0.026068083780039254 
136.1 	 0.02606808378003875 
136.2 	 0.02606808378003816 
136.3 	 0.026068083780038352 
136.4 	 0.026068083780038224 
136.5 	 0.026068083780039903 
136.6 	 0.02606808378003992 
136.7 	 0.02606808378004228 
136.8 	 0.026068083780036645 
136.9 	 0.026068083780042647 
137.0 	 0.02606808378003631 
137.1 	 0.02606808378004025 
137.2 	 0.026068083780038685 
137.3 	 0.02606808378004067 
137.4 	 0.026068083780036295 
137.5 	 0.02606808378003604 
137.6 	 0.026068083780040125 
137.7 	 0.026068083780039077 
137.8 	 0.026068083780039754 
137.9 	 0.026068083780041287 
138.0 	 0.026068083780038685 
138.1 	 0.02606808378004088 
138.2 	 0.026068083780038286 
138.3 	 0.026068083780039154 
138.4 	 0.026068083780037644 
138.5 	 0.026068083780041953 
138.6 	 0.026068083780038245 
138.7 	 0.026068083780038668 
138.8 	 0.026068083780036055 
138.9 	 0.026068083780039743 
139.0 	 0.026068083780041714 
139.1 	 0.026068083780039296 
139.2 	 0.026068083780038238 
139.3 	 0.026068083780041246 
139.4 	 0.026068083780039983 
139.5 	 0.02606808378004088 
139.6 	 0.02606808378004049 
139.7 	 0.026068083780041343 
139.8 	 0.026068083780038463 
139.9 	 0.02606808378003931 
140.0 	 0.026068083780038793 
140.1 	 0.02606808378003856 
140.2 	 0.026068083780039233 
140.3 	 0.02606808378003775 
140.4 	 0.02606808378003893 
140.5 	 0.026068083780037846 
140.6 	 0.026068083780041974 
140.7 	 0.02606808378003845 
140.8 	 0.026068083780038255 
140.9 	 0.02606808378004006 
141.0 	 0.026068083780039206 
141.1 	 0.026068083780038727 
141.2 	 0.026068083780038036 
141.3 	 0.026068083780038765 
141.4 	 0.026068083780038283 
141.5 	 0.026068083780039143 
141.6 	 0.02606808378003854 
141.7 	 0.026068083780041558 
141.8 	 0.026068083780037856 
141.9 	 0.02606808378004028 
142.0 	 0.026068083780039962 
142.1 	 0.026068083780040205 
142.2 	 0.026068083780038245 
142.3 	 0.026068083780040028 
142.4 	 0.02606808378003811 
142.5 	 0.026068083780038047 
142.6 	 0.026068083780037832 
142.7 	 0.026068083780038637 
142.8 	 0.026068083780037075 
142.9 	 0.02606808378003772 
143.0 	 0.02606808378003968 
143.1 	 0.02606808378003922 
143.2 	 0.0260680837800381 
143.3 	 0.02606808378004046 
143.4 	 0.026068083780036996 
143.5 	 0.02606808378004166 
143.6 	 0.026068083780041922 
143.7 	 0.0260680837800374 
143.8 	 0.026068083780040014 
143.9 	 0.026068083780037846 
144.0 	 0.026068083780039785 
144.1 	 0.026068083780037384 
144.2 	 0.026068083780038463 
144.3 	 0.026068083780039553 
144.4 	 0.026068083780037613 
144.5 	 0.026068083780038442 
144.6 	 0.02606808378003973 
144.7 	 0.026068083780036957 
144.8 	 0.026068083780037436 
144.9 	 0.026068083780035424 
145.0 	 0.02606808378003931 
145.1 	 0.02606808378003949 
145.2 	 0.02606808378004038 
145.3 	 0.02606808378003973 
145.4 	 0.02606808378003748 
145.5 	 0.02606808378003853 
145.6 	 0.026068083780039615 
145.7 	 0.026068083780041006 
145.8 	 0.026068083780037107 
145.9 	 0.0260680837800417 
146.0 	 0.02606808378003702 
146.1 	 0.026068083780037644 
146.2 	 0.02606808378003942 
146.3 	 0.026068083780037193 
146.4 	 0.02606808378003935 
146.5 	 0.0260680837800399 
146.6 	 0.026068083780035747 
146.7 	 0.026068083780037467 
146.8 	 0.0260680837800377 
146.9 	 0.026068083780039854 
147.0 	 0.02606808378003974 
147.1 	 0.026068083780040562 
147.2 	 0.02606808378003827 
147.3 	 0.026068083780039965 
147.4 	 0.026068083780038477 
147.5 	 0.026068083780039185 
147.6 	 0.02606808378003908 
147.7 	 0.02606808378003849 
147.8 	 0.02606808378003676 
147.9 	 0.02606808378004056 
148.0 	 0.026068083780039455 
148.1 	 0.026068083780039483 
148.2 	 0.026068083780040722 
148.3 	 0.026068083780038036 
148.4 	 0.0260680837800396 
148.5 	 0.02606808378003868 
148.6 	 0.026068083780038245 
148.7 	 0.026068083780038352 
148.8 	 0.02606808378003827 
148.9 	 0.026068083780037405 
149.0 	 0.026068083780040344 
149.1 	 0.026068083780039303 
149.2 	 0.026068083780041322 
149.3 	 0.026068083780038307 
149.4 	 0.026068083780035244 
149.5 	 0.026068083780037606 
149.6 	 0.026068083780040236 
149.7 	 0.02606808378003669 
149.8 	 0.026068083780040566 
149.9 	 0.026068083780034067 
150.0 	 0.026068083780038324 
150.1 	 0.026068083780038807 
150.2 	 0.02606808378003843 
150.3 	 0.02606808378004106 
150.4 	 0.026068083780040198 
150.5 	 0.02606808378003977 
150.6 	 0.02606808378004135 
150.7 	 0.02606808378003767 
150.8 	 0.026068083780037644 
150.9 	 0.02606808378003868 
151.0 	 0.026068083780038623 
151.1 	 0.026068083780038814 
151.2 	 0.02606808378003951 
151.3 	 0.026068083780041232 
151.4 	 0.026068083780040767 
151.5 	 0.026068083780041232 
151.6 	 0.026068083780039504 
151.7 	 0.026068083780034446 
151.8 	 0.026068083780040153 
151.9 	 0.026068083780037974 
152.0 	 0.026068083780037297 
152.1 	 0.02606808378003905 
152.2 	 0.026068083780037107 
152.3 	 0.026068083780037762 
152.4 	 0.02606808378003712 
152.5 	 0.026068083780040184 
152.6 	 0.026068083780039154 
152.7 	 0.026068083780038016 
152.8 	 0.026068083780039317 
152.9 	 0.02606808378003995 
153.0 	 0.02606808378003889 
153.1 	 0.026068083780039945 
153.2 	 0.026068083780038456 
153.3 	 0.026068083780038206 
153.4 	 0.026068083780036264 
153.5 	 0.026068083780039268 
153.6 	 0.02606808378003673 
153.7 	 0.02606808378004262 
153.8 	 0.026068083780040236 
153.9 	 0.026068083780041176 
154.0 	 0.0260680837800396 
154.1 	 0.026068083780036076 
154.2 	 0.026068083780037343 
154.3 	 0.026068083780038605 
154.4 	 0.02606808378003908 
154.5 	 0.026068083780040184 
154.6 	 0.026068083780038238 
154.7 	 0.026068083780039754 
154.8 	 0.02606808378003813 
154.9 	 0.02606808378003849 
155.0 	 0.026068083780041808 
155.1 	 0.02606808378003854 
155.2 	 0.026068083780037783 
155.3 	 0.026068083780040014 
155.4 	 0.026068083780035445 
155.5 	 0.026068083780038505 
155.6 	 0.026068083780036666 
155.7 	 0.0260680837800363 
155.8 	 0.026068083780038696 
155.9 	 0.026068083780038196 
156.0 	 0.026068083780038553 
156.1 	 0.026068083780038963 
156.2 	 0.026068083780034813 
156.3 	 0.026068083780037866 
156.4 	 0.026068083780040094 
156.5 	 0.026068083780037582 
156.6 	 0.026068083780037984 
156.7 	 0.026068083780037183 
156.8 	 0.0260680837800389 
156.9 	 0.026068083780039344 
157.0 	 0.026068083780040188 
157.1 	 0.02606808378003849 
157.2 	 0.026068083780042616 
157.3 	 0.026068083780039865 
157.4 	 0.026068083780036992 
157.5 	 0.02606808378003718 
157.6 	 0.026068083780038016 
157.7 	 0.02606808378003668 
157.8 	 0.026068083780038415 
157.9 	 0.026068083780037023 
158.0 	 0.026068083780040042 
158.1 	 0.026068083780037513 
158.2 	 0.026068083780038807 
158.3 	 0.026068083780041894 
158.4 	 0.026068083780036506 
158.5 	 0.026068083780036708 
158.6 	 0.026068083780037624 
158.7 	 0.026068083780040045 
158.8 	 0.0260680837800374 
158.9 	 0.02606808378003676 
159.0 	 0.02606808378003698 
159.1 	 0.02606808378004025 
159.2 	 0.026068083780038477 
159.3 	 0.026068083780035382 
159.4 	 0.026068083780039983 
159.5 	 0.026068083780039344 
159.6 	 0.02606808378004022 
159.7 	 0.026068083780039965 
159.8 	 0.02606808378003777 
159.9 	 0.026068083780038498 
160.0 	 0.026068083780038255 
160.1 	 0.026068083780038838 
160.2 	 0.026068083780039046 
160.3 	 0.026068083780038623 
160.4 	 0.026068083780038196 
160.5 	 0.026068083780038793 
160.6 	 0.026068083780040722 
160.7 	 0.026068083780036597 
160.8 	 0.026068083780041128 
160.9 	 0.026068083780034435 
161.0 	 0.02606808378003715 
161.1 	 0.026068083780040868 
161.2 	 0.026068083780038553 
161.3 	 0.026068083780037277 
161.4 	 0.026068083780039407 
161.5 	 0.026068083780042224 
161.6 	 0.026068083780037825 
161.7 	 0.0260680837800397 
161.8 	 0.026068083780038553 
161.9 	 0.026068083780040534 
162.0 	 0.026068083780038165 
162.1 	 0.026068083780040614 
162.2 	 0.02606808378003908 
162.3 	 0.026068083780037873 
162.4 	 0.0260680837800387 
162.5 	 0.02606808378003868 
162.6 	 0.026068083780038654 
162.7 	 0.0260680837800397 
162.8 	 0.02606808378003815 
162.9 	 0.026068083780036392 
163.0 	 0.026068083780038585 
163.1 	 0.026068083780038213 
163.2 	 0.02606808378003755 
163.3 	 0.02606808378003736 
163.4 	 0.026068083780038633 
163.5 	 0.026068083780039077 
163.6 	 0.02606808378003827 
163.7 	 0.02606808378003917 
163.8 	 0.02606808378003917 
163.9 	 0.02606808378003876 
164.0 	 0.02606808378003679 
164.1 	 0.026068083780037984 
164.2 	 0.026068083780038196 
164.3 	 0.026068083780037953 
164.4 	 0.026068083780040562 
164.5 	 0.026068083780036028 
164.6 	 0.02606808378003929 
164.7 	 0.02606808378003843 
164.8 	 0.026068083780039462 
164.9 	 0.026068083780040534 
165.0 	 0.026068083780037214 
165.1 	 0.026068083780036184 
165.2 	 0.026068083780038477 
165.3 	 0.026068083780038685 
165.4 	 0.026068083780041357 
165.5 	 0.026068083780036153 
165.6 	 0.026068083780041412 
165.7 	 0.026068083780039678 
165.8 	 0.026068083780041617 
165.9 	 0.02606808378003895 
166.0 	 0.02606808378003936 
166.1 	 0.026068083780041308 
166.2 	 0.026068083780039997 
166.3 	 0.026068083780038463 
166.4 	 0.026068083780041083 
166.5 	 0.02606808378003781 
166.6 	 0.026068083780040364 
166.7 	 0.026068083780038206 
166.8 	 0.02606808378004208 
166.9 	 0.02606808378003591 
167.0 	 0.026068083780039625 
167.1 	 0.026068083780037214 
167.2 	 0.026068083780037467 
167.3 	 0.026068083780039004 
167.4 	 0.02606808378003856 
167.5 	 0.026068083780035552 
167.6 	 0.026068083780038224 
167.7 	 0.026068083780038255 
167.8 	 0.026068083780038748 
167.9 	 0.026068083780038834 
168.0 	 0.026068083780040614 
168.1 	 0.026068083780042772 
168.2 	 0.026068083780042477 
168.3 	 0.026068083780037624 
168.4 	 0.02606808378003971 
168.5 	 0.026068083780037027 
168.6 	 0.02606808378003924 
168.7 	 0.0260680837800438 
168.8 	 0.026068083780039428 
168.9 	 0.026068083780040534 
169.0 	 0.026068083780040288 
169.1 	 0.026068083780037693 
169.2 	 0.02606808378003799 
169.3 	 0.026068083780037162 
169.4 	 0.026068083780036153 
169.5 	 0.02606808378004037 
169.6 	 0.02606808378003799 
169.7 	 0.02606808378003583 
169.8 	 0.02606808378004017 
169.9 	 0.026068083780036118 
170.0 	 0.026068083780040344 
170.1 	 0.02606808378003815 
170.2 	 0.026068083780039566 
170.3 	 0.026068083780041322 
170.4 	 0.026068083780037672 
170.5 	 0.026068083780038553 
170.6 	 0.02606808378003873 
170.7 	 0.026068083780039192 
170.8 	 0.026068083780036014 
170.9 	 0.02606808378003856 
171.0 	 0.026068083780035733 
171.1 	 0.026068083780038206 
171.2 	 0.026068083780038442 
171.3 	 0.02606808378004112 
171.4 	 0.02606808378003874 
171.5 	 0.0260680837800415 
171.6 	 0.02606808378003889 
171.7 	 0.02606808378003924 
171.8 	 0.02606808378003529 
171.9 	 0.02606808378003573 
172.0 	 0.026068083780040135 
172.1 	 0.026068083780036284 
172.2 	 0.02606808378003905 
172.3 	 0.026068083780039532 
172.4 	 0.026068083780038907 
172.5 	 0.02606808378003674 
172.6 	 0.026068083780039834 
172.7 	 0.0260680837800374 
172.8 	 0.02606808378003977 
172.9 	 0.02606808378003736 
173.0 	 0.026068083780041038 
173.1 	 0.026068083780040267 
173.2 	 0.026068083780040732 
173.3 	 0.026068083780036153 
173.4 	 0.02606808378003673 
173.5 	 0.02606808378003889 
173.6 	 0.02606808378003903 
173.7 	 0.02606808378003796 
173.8 	 0.026068083780039872 
173.9 	 0.026068083780037044 
174.0 	 0.026068083780038828 
174.1 	 0.026068083780038907 
174.2 	 0.02606808378003697 
174.3 	 0.026068083780039934 
174.4 	 0.026068083780039455 
174.5 	 0.026068083780038023 
174.6 	 0.02606808378003895 
174.7 	 0.02606808378003653 
174.8 	 0.026068083780037627 
174.9 	 0.026068083780035875 
175.0 	 0.026068083780034106 
175.1 	 0.026068083780036284 
175.2 	 0.026068083780037544 
175.3 	 0.026068083780037735 
175.4 	 0.026068083780038963 
175.5 	 0.026068083780041086 
175.6 	 0.02606808378003635 
175.7 	 0.026068083780038352 
175.8 	 0.02606808378003976 
175.9 	 0.026068083780037436 
176.0 	 0.026068083780040954 
176.1 	 0.02606808378004093 
176.2 	 0.026068083780039174 
176.3 	 0.0260680837800374 
176.4 	 0.02606808378003715 
176.5 	 0.026068083780040975 
176.6 	 0.02606808378003616 
176.7 	 0.026068083780037235 
176.8 	 0.02606808378003775 
176.9 	 0.02606808378004042 
177.0 	 0.02606808378003908 
177.1 	 0.026068083780038668 
177.2 	 0.026068083780040205 
177.3 	 0.02606808378003693 
177.4 	 0.026068083780040174 
177.5 	 0.026068083780038616 
177.6 	 0.02606808378003572 
177.7 	 0.02606808378003748 
177.8 	 0.02606808378003966 
177.9 	 0.02606808378004011 
178.0 	 0.026068083780040344 
178.1 	 0.026068083780035337 
178.2 	 0.026068083780041672 
178.3 	 0.026068083780038224 
178.4 	 0.026068083780035646 
178.5 	 0.0260680837800387 
178.6 	 0.026068083780040215 
178.7 	 0.02606808378004004 
178.8 	 0.026068083780041974 
178.9 	 0.026068083780039476 
179.0 	 0.026068083780040767 
179.1 	 0.02606808378003945 
179.2 	 0.026068083780038793 
179.3 	 0.026068083780039282 
179.4 	 0.026068083780036635 
179.5 	 0.026068083780036236 
179.6 	 0.026068083780036437 
179.7 	 0.02606808378003713 
179.8 	 0.026068083780041672 
179.9 	 0.026068083780035823 
180.0 	 0.026068083780038276 
180.1 	 0.026068083780037447 
180.2 	 0.026068083780037936 
180.3 	 0.026068083780040923 
180.4 	 0.026068083780040215 
180.5 	 0.026068083780036014 
180.6 	 0.026068083780038855 
180.7 	 0.026068083780036895 
180.8 	 0.026068083780038637 
180.9 	 0.026068083780039945 
181.0 	 0.0260680837800384 
181.1 	 0.0260680837800375 
181.2 	 0.026068083780039553 
181.3 	 0.026068083780039303 
181.4 	 0.026068083780038047 
181.5 	 0.026068083780038286 
181.6 	 0.02606808378003958 
181.7 	 0.02606808378003723 
181.8 	 0.026068083780036784 
181.9 	 0.026068083780040878 
182.0 	 0.026068083780038064 
182.1 	 0.026068083780038442 
182.2 	 0.026068083780039282 
182.3 	 0.02606808378003843 
182.4 	 0.026068083780038793 
182.5 	 0.026068083780038366 
182.6 	 0.026068083780037322 
182.7 	 0.02606808378003893 
182.8 	 0.026068083780039185 
182.9 	 0.026068083780039965 
183.0 	 0.02606808378003772 
183.1 	 0.026068083780036635 
183.2 	 0.026068083780035986 
183.3 	 0.026068083780038193 
183.4 	 0.02606808378004031 
183.5 	 0.026068083780038637 
183.6 	 0.026068083780035382 
183.7 	 0.026068083780040188 
183.8 	 0.026068083780040007 
183.9 	 0.026068083780036822 
184.0 	 0.02606808378004004 
184.1 	 0.026068083780040174 
184.2 	 0.026068083780037533 
184.3 	 0.026068083780037353 
184.4 	 0.02606808378004023 
184.5 	 0.026068083780037846 
184.6 	 0.026068083780036538 
184.7 	 0.026068083780038907 
184.8 	 0.026068083780037138 
184.9 	 0.026068083780037943 
185.0 	 0.026068083780037513 
185.1 	 0.026068083780041367 
185.2 	 0.026068083780040715 
185.3 	 0.0260680837800397 
185.4 	 0.026068083780037755 
185.5 	 0.026068083780036035 
185.6 	 0.02606808378004233 
185.7 	 0.026068083780039785 
185.8 	 0.026068083780035264 
185.9 	 0.0260680837800403 
186.0 	 0.02606808378004074 
186.1 	 0.026068083780040108 
186.2 	 0.026068083780039837 
186.3 	 0.026068083780038716 
186.4 	 0.026068083780041714 
186.5 	 0.026068083780038193 
186.6 	 0.026068083780039636 
186.7 	 0.02606808378003859 
186.8 	 0.026068083780038002 
186.9 	 0.02606808378003649 
187.0 	 0.026068083780043515 
187.1 	 0.026068083780038116 
187.2 	 0.026068083780036836 
187.3 	 0.02606808378004006 
187.4 	 0.026068083780038727 
187.5 	 0.026068083780038023 
187.6 	 0.02606808378003638 
187.7 	 0.02606808378003874 
187.8 	 0.026068083780037908 
187.9 	 0.02606808378003749 
188.0 	 0.026068083780039268 
188.1 	 0.026068083780038845 
188.2 	 0.02606808378003913 
188.3 	 0.026068083780037832 
188.4 	 0.026068083780041038 
188.5 	 0.026068083780038435 
188.6 	 0.026068083780036708 
188.7 	 0.026068083780034716 
188.8 	 0.026068083780037297 
188.9 	 0.026068083780038814 
189.0 	 0.02606808378003969 
189.1 	 0.026068083780036753 
189.2 	 0.026068083780038307 
189.3 	 0.026068083780038512 
189.4 	 0.026068083780036097 
189.5 	 0.026068083780042113 
189.6 	 0.026068083780040767 
189.7 	 0.026068083780036853 
189.8 	 0.02606808378004009 
189.9 	 0.02606808378003793 
190.0 	 0.026068083780039504 
190.1 	 0.026068083780038456 
190.2 	 0.026068083780039112 
190.3 	 0.02606808378004169 
190.4 	 0.026068083780039296 
190.5 	 0.026068083780038002 
190.6 	 0.026068083780038373 
190.7 	 0.026068083780036666 
190.8 	 0.02606808378003709 
190.9 	 0.0260680837800384 
191.0 	 0.026068083780039945 
191.1 	 0.026068083780038463 
191.2 	 0.02606808378004006 
191.3 	 0.026068083780040028 
191.4 	 0.026068083780039615 
191.5 	 0.02606808378004091 
191.6 	 0.02606808378003871 
191.7 	 0.026068083780038363 
191.8 	 0.026068083780041544 
191.9 	 0.02606808378003887 
192.0 	 0.026068083780043206 
192.1 	 0.026068083780039254 
192.2 	 0.026068083780040135 
192.3 	 0.026068083780040406 
192.4 	 0.026068083780038696 
192.5 	 0.02606808378003887 
192.6 	 0.026068083780036517 
192.7 	 0.026068083780036125 
192.8 	 0.02606808378003845 
192.9 	 0.026068083780038696 
193.0 	 0.026068083780039098 
193.1 	 0.02606808378003827 
193.2 	 0.026068083780040448 
193.3 	 0.02606808378003811 
193.4 	 0.02606808378003977 
193.5 	 0.02606808378003799 
193.6 	 0.026068083780040364 
193.7 	 0.02606808378003947 
193.8 	 0.026068083780038206 
193.9 	 0.02606808378003813 
194.0 	 0.026068083780040316 
194.1 	 0.02606808378003949 
194.2 	 0.026068083780038047 
194.3 	 0.026068083780037606 
194.4 	 0.026068083780037644 
194.5 	 0.026068083780035445 
194.6 	 0.02606808378004022 
194.7 	 0.02606808378003491 
194.8 	 0.02606808378004031 
194.9 	 0.026068083780040288 
195.0 	 0.026068083780037075 
195.1 	 0.026068083780037762 
195.2 	 0.026068083780036916 
195.3 	 0.02606808378003905 
195.4 	 0.02606808378003929 
195.5 	 0.026068083780037755 
195.6 	 0.02606808378003845 
195.7 	 0.026068083780037415 
195.8 	 0.02606808378003893 
195.9 	 0.026068083780040455 
196.0 	 0.026068083780041225 
196.1 	 0.026068083780041967 
196.2 	 0.026068083780035854 
196.3 	 0.026068083780037322 
196.4 	 0.026068083780038005 
196.5 	 0.02606808378003744 
196.6 	 0.026068083780038807 
196.7 	 0.02606808378004104 
196.8 	 0.02606808378004094 
196.9 	 0.026068083780037717 
197.0 	 0.026068083780037957 
197.1 	 0.026068083780039063 
197.2 	 0.02606808378003838 
197.3 	 0.02606808378003917 
197.4 	 0.02606808378003893 
197.5 	 0.026068083780037627 
197.6 	 0.026068083780039296 
197.7 	 0.026068083780038574 
197.8 	 0.02606808378003968 
197.9 	 0.026068083780040344 
198.0 	 0.026068083780040153 
198.1 	 0.026068083780037735 
198.2 	 0.026068083780041683 
198.3 	 0.026068083780041246 
198.4 	 0.02606808378003794 
198.5 	 0.026068083780039268 
198.6 	 0.0260680837800365 
198.7 	 0.02606808378003665 
198.8 	 0.02606808378003799 
198.9 	 0.026068083780038193 
199.0 	 0.02606808378004214 
199.1 	 0.026068083780040174 
199.2 	 0.026068083780039976 
199.3 	 0.026068083780039098 
199.4 	 0.02606808378003843 
199.5 	 0.026068083780039976 
199.6 	 0.02606808378003992 
199.7 	 0.026068083780040576 
199.8 	 0.02606808378003726 
199.9 	 0.026068083780040545 
200.0 	 0.026068083780037797 
