0.0	0.0
0.1	0.0041978933011941845
0.2	0.011149547914395224
0.3	0.017563379092340674
0.4	0.022310497393736316
0.5	0.02515919059633042
0.6	0.026315994592219075
0.7	0.026186409446809465
0.8	0.02523178881317673
0.9	0.02388105193587808
1.0	0.022478001812538565
1.1	0.021257126149357652
1.2	0.02034267042796615
1.3	0.01976531681763414
1.4	0.019489434262987545
1.5	0.019443048222824895
1.6	0.01954378727239621
1.7	0.01971697889330863
1.8	0.019905294416963284
1.9	0.02007150601924161
2.0	0.02019670378799804
2.1	0.020276170267780644
2.2	0.020314567817994462
2.3	0.020321501508787157
2.4	0.020308020097803872
2.5	0.020284245586935153
2.6	0.020258072422354688
2.7	0.02023473318449861
2.8	0.020216968058543807
2.9	0.020205538377094177
3.0	0.02019986750347812
3.1	0.020198654302453562
3.2	0.02020036845222775
3.3	0.020203591482228812
3.4	0.020207207019947198
3.5	0.02021046738419701
3.6	0.02021297357900854
3.7	0.020214605633708714
3.8	0.020215434051592554
3.9	0.02021563428027579
4.0	0.020215417104957768
4.1	0.02021498023755571
4.2	0.020214480842170174
4.3	0.020214025395160554
4.4	0.020213671823430358
4.5	0.02021343880543147
4.6	0.020213317925061473
4.7	0.02021328557038939
4.8	0.02021331271736656
4.9	0.02021337180820196
5.0	0.020213440719396604
5.1	0.020213504295298876
5.2	0.020213554139506353
5.3	0.020213587374345598
5.4	0.020213604973221853
5.5	0.02021361010599646
5.6	0.020213606764860823
5.7	0.020213598787996667
5.8	0.020213589287448142
5.9	0.020213580418542723
6.0	0.020213573396297015
6.1	0.020213568660230784
6.2	0.02021356610295723
6.3	0.020213565300039663
6.4	0.020213565702937763
6.5	0.020213566777420484
6.6	0.020213568085999212
6.7	0.020213569322404392
6.8	0.020213570311090126
6.9	0.020213570985409417
7.0	0.02021357135633458
7.1	0.020213571480515908
7.2	0.02021357143325964
7.3	0.020213571288865934
7.4	0.020213571108801075
7.5	0.02021357093655062
7.6	0.0202135707974361
7.7	0.020213570701509673
7.8	0.020213570647799765
7.9	0.02021357062876862
8.0	0.02021357063409549
8.1	0.02021357065345214
8.2	0.02021357067820404
8.3	0.020213570702181723
8.4	0.02021357072174697
8.5	0.020213570735381447
8.6	0.02021357074314767
8.7	0.020213570746039022
8.8	0.02021357074547511
8.9	0.020213570742889805
9.0	0.02021357073949271
9.1	0.020213570736151
9.2	0.020213570733405246
9.3	0.020213570731467463
9.4	0.02021357073034816
9.5	0.02021357072990847
9.6	0.020213570729965637
9.7	0.02021357073030678
9.8	0.020213570730775746
9.9	0.020213570731239094
10.0	0.020213570731623786
10.1	0.020213570731899458
10.2	0.02021357073206296
10.3	0.02021357073212648
10.4	0.0202135707321202
10.5	0.02021357073207624
10.6	0.020213570732013582
10.7	0.020213570731950205
10.8	0.0202135707318919
10.9	0.020213570731856458
11.0	0.0202135707318312
11.1	0.020213570731819168
11.2	0.020213570731822426
11.3	0.020213570731826638
11.4	0.020213570731836095
11.5	0.020213570731845924
11.6	0.020213570731857214
11.7	0.02021357073185876
11.8	0.020213570731863324
11.9	0.0202135707318643
12.0	0.02021357073186434
12.1	0.020213570731863226
12.2	0.02021357073186119
12.3	0.02021357073185973
12.4	0.020213570731861218
12.5	0.020213570731860354
12.6	0.020213570731859747
12.7	0.02021357073185762
12.8	0.020213570731854556
12.9	0.020213570731858796
13.0	0.020213570731854535
13.1	0.020213570731857262
13.2	0.0202135707318574
13.3	0.020213570731857495
13.4	0.02021357073185906
13.5	0.020213570731856683
13.6	0.02021357073185627
13.7	0.020213570731859944
13.8	0.020213570731859243
13.9	0.02021357073185926
14.0	0.020213570731860087
14.1	0.02021357073185568
14.2	0.020213570731858345
14.3	0.02021357073186204
14.4	0.02021357073185548
14.5	0.020213570731857033
14.6	0.02021357073185792
14.7	0.020213570731860562
14.8	0.020213570731859243
14.9	0.020213570731858838
15.0	0.020213570731857988
15.1	0.020213570731860597
15.2	0.02021357073186492
15.3	0.02021357073186097
15.4	0.020213570731856194
15.5	0.02021357073186051
15.6	0.020213570731854556
15.7	0.020213570731859556
15.8	0.020213570731858324
15.9	0.020213570731856405
16.0	0.020213570731858584
16.1	0.020213570731858838
16.2	0.020213570731857717
16.3	0.020213570731859896
16.4	0.0202135707318557
16.5	0.02021357073185831
16.6	0.02021357073185833
16.7	0.020213570731862494
16.8	0.020213570731857963
16.9	0.020213570731858373
17.0	0.02021357073185756
17.1	0.020213570731858477
17.2	0.02021357073185933
17.3	0.02021357073186017
17.4	0.02021357073185794
17.5	0.020213570731860524
17.6	0.02021357073185853
17.7	0.020213570731858505
17.8	0.02021357073186155
17.9	0.020213570731857654
18.0	0.020213570731857484
18.1	0.020213570731860944
18.2	0.020213570731859906
18.3	0.020213570731858338
18.4	0.020213570731859212
18.5	0.02021357073185685
18.6	0.02021357073185795
18.7	0.020213570731859015
18.8	0.020213570731857665
18.9	0.020213570731858768
19.0	0.020213570731859188
19.1	0.020213570731860753
19.2	0.020213570731859386
19.3	0.020213570731857484
19.4	0.020213570731859237
19.5	0.020213570731856815
19.6	0.020213570731857953
19.7	0.020213570731857918
19.8	0.02021357073185811
19.9	0.020213570731855295
20.0	0.020213570731858997
20.1	0.020213570731859223
20.2	0.020213570731856863
20.3	0.02021357073186008
20.4	0.020213570731859684
20.5	0.020213570731857932
20.6	0.02021357073185985
20.7	0.02021357073185811
20.8	0.020213570731857852
20.9	0.0202135707318605
21.0	0.020213570731858983
21.1	0.02021357073186226
21.2	0.020213570731858126
21.3	0.020213570731857537
21.4	0.020213570731857956
21.5	0.020213570731858407
21.6	0.020213570731857963
21.7	0.02021357073185794
21.8	0.020213570731858144
21.9	0.020213570731858584
22.0	0.02021357073185926
22.1	0.02021357073185816
22.2	0.0202135707318586
22.3	0.020213570731860135
22.4	0.020213570731857557
22.5	0.020213570731857252
22.6	0.020213570731859413
22.7	0.02021357073185614
22.8	0.02021357073186034
22.9	0.020213570731858373
23.0	0.02021357073185356
23.1	0.020213570731861395
23.2	0.020213570731858106
23.3	0.020213570731859164
23.4	0.02021357073185875
23.5	0.02021357073185877
23.6	0.020213570731857693
23.7	0.020213570731857096
23.8	0.02021357073185602
23.9	0.02021357073185802
24.0	0.02021357073186103
24.1	0.020213570731861225
24.2	0.020213570731860565
24.3	0.02021357073185662
24.4	0.020213570731859233
24.5	0.020213570731859237
24.6	0.020213570731856992
24.7	0.020213570731858956
24.8	0.02021357073186115
24.9	0.020213570731856652
25.0	0.020213570731859476
25.1	0.020213570731858407
25.2	0.020213570731857707
25.3	0.020213570731858345
25.4	0.02021357073185811
25.5	0.020213570731859226
25.6	0.02021357073185942
25.7	0.02021357073185879
25.8	0.020213570731859868
25.9	0.020213570731860562
26.0	0.02021357073186166
26.1	0.020213570731856166
26.2	0.020213570731858966
26.3	0.020213570731859455
26.4	0.020213570731856798
26.5	0.020213570731857873
26.6	0.020213570731859015
26.7	0.020213570731860957
26.8	0.020213570731857273
26.9	0.02021357073185815
27.0	0.020213570731858983
27.1	0.02021357073186031
27.2	0.020213570731859237
27.3	0.020213570731859393
27.4	0.020213570731859844
27.5	0.020213570731857446
27.6	0.020213570731857897
27.7	0.02021357073185746
27.8	0.020213570731858983
27.9	0.02021357073185899
28.0	0.020213570731858584
28.1	0.020213570731857266
28.2	0.020213570731859677
28.3	0.02021357073185511
28.4	0.02021357073185817
28.5	0.020213570731855566
28.6	0.020213570731860368
28.7	0.020213570731859903
28.8	0.020213570731858768
28.9	0.020213570731856843
29.0	0.02021357073185729
29.1	0.020213570731856603
29.2	0.020213570731858574
29.3	0.02021357073185895
29.4	0.02021357073186006
29.5	0.02021357073185543
29.6	0.0202135707318572
29.7	0.020213570731856742
29.8	0.020213570731858546
29.9	0.020213570731857002
30.0	0.020213570731858324
30.1	0.020213570731858352
30.2	0.020213570731857707
30.3	0.02021357073185902
30.4	0.020213570731859202
30.5	0.020213570731859216
30.6	0.020213570731860295
30.7	0.020213570731861193
30.8	0.020213570731856145
30.9	0.0202135707318566
31.0	0.020213570731858994
31.1	0.02021357073185988
31.2	0.02021357073185814
31.3	0.020213570731857707
31.4	0.020213570731858154
31.5	0.020213570731857512
31.6	0.020213570731858782
31.7	0.02021357073185857
31.8	0.02021357073185797
31.9	0.020213570731858813
32.0	0.02021357073185681
32.1	0.02021357073185838
32.2	0.020213570731857953
32.3	0.02021357073186032
32.4	0.020213570731858782
32.5	0.020213570731861377
32.6	0.020213570731859674
32.7	0.020213570731858574
32.8	0.020213570731854685
32.9	0.020213570731861447
33.0	0.020213570731858817
33.1	0.020213570731856895
33.2	0.020213570731859056
33.3	0.020213570731860534
33.4	0.020213570731858144
33.5	0.020213570731860322
33.6	0.02021357073186074
33.7	0.020213570731858758
33.8	0.020213570731857675
33.9	0.020213570731861835
34.0	0.020213570731861124
34.1	0.020213570731857686
34.2	0.020213570731856624
34.3	0.020213570731860774
34.4	0.020213570731857974
34.5	0.020213570731858407
34.6	0.020213570731860548
34.7	0.020213570731855503
34.8	0.020213570731859195
34.9	0.020213570731859386
35.0	0.02021357073185963
35.1	0.02021357073186027
35.2	0.020213570731858095
35.3	0.02021357073185614
35.4	0.020213570731859018
35.5	0.020213570731859004
35.6	0.020213570731856815
35.7	0.02021357073185636
35.8	0.02021357073186071
35.9	0.020213570731859868
36.0	0.020213570731859504
36.1	0.020213570731854508
36.2	0.020213570731855996
36.3	0.02021357073186317
36.4	0.020213570731859434
36.5	0.020213570731858796
36.6	0.02021357073185703
36.7	0.020213570731858345
36.8	0.020213570731861388
36.9	0.020213570731858546
37.0	0.02021357073185816
37.1	0.020213570731859035
37.2	0.020213570731857984
37.3	0.02021357073185879
37.4	0.0202135707318577
37.5	0.020213570731858557
37.6	0.020213570731858303
37.7	0.020213570731855902
37.8	0.02021357073185872
37.9	0.020213570731855725
38.0	0.020213570731855753
38.1	0.020213570731860107
38.2	0.0202135707318586
38.3	0.020213570731858567
38.4	0.020213570731857956
38.5	0.02021357073185947
38.6	0.020213570731859427
38.7	0.020213570731856787
38.8	0.020213570731859413
38.9	0.02021357073185857
39.0	0.020213570731857873
39.1	0.02021357073185963
39.2	0.02021357073185984
39.3	0.020213570731856863
39.4	0.020213570731857734
39.5	0.020213570731857318
39.6	0.020213570731857464
39.7	0.020213570731858983
39.8	0.020213570731860985
39.9	0.020213570731860107
40.0	0.020213570731857918
40.1	0.02021357073185815
40.2	0.020213570731857877
40.3	0.02021357073185785
40.4	0.020213570731856735
40.5	0.02021357073185592
40.6	0.020213570731858126
40.7	0.020213570731857103
40.8	0.020213570731859726
40.9	0.02021357073185862
41.0	0.02021357073185646
41.1	0.020213570731857734
41.2	0.020213570731857262
41.3	0.020213570731855715
41.4	0.02021357073185877
41.5	0.020213570731856152
41.6	0.020213570731856808
41.7	0.0202135707318566
41.8	0.020213570731857717
41.9	0.020213570731857877
42.0	0.020213570731858373
42.1	0.020213570731855555
42.2	0.02021357073185922
42.3	0.020213570731855094
42.4	0.020213570731857262
42.5	0.020213570731857654
42.6	0.02021357073185793
42.7	0.02021357073185878
42.8	0.020213570731858733
42.9	0.020213570731858106
43.0	0.020213570731860534
43.1	0.02021357073185639
43.2	0.020213570731860565
43.3	0.02021357073185732
43.4	0.020213570731858387
43.5	0.02021357073185884
43.6	0.020213570731859913
43.7	0.02021357073185944
43.8	0.020213570731859858
43.9	0.020213570731857013
44.0	0.020213570731858345
44.1	0.020213570731858154
44.2	0.02021357073185746
44.3	0.02021357073185353
44.4	0.020213570731860118
44.5	0.02021357073185818
44.6	0.020213570731855313
44.7	0.020213570731857727
44.8	0.020213570731858865
44.9	0.02021357073185865
45.0	0.020213570731857484
45.1	0.020213570731860284
45.2	0.02021357073186117
45.3	0.02021357073186004
45.4	0.020213570731859393
45.5	0.02021357073185895
45.6	0.020213570731856565
45.7	0.020213570731859868
45.8	0.02021357073185816
45.9	0.020213570731858
46.0	0.020213570731858213
46.1	0.02021357073185688
46.2	0.020213570731857956
46.3	0.020213570731856645
46.4	0.02021357073185466
46.5	0.020213570731857207
46.6	0.020213570731857183
46.7	0.020213570731860885
46.8	0.02021357073185739
46.9	0.020213570731859393
47.0	0.02021357073185831
47.1	0.0202135707318599
47.2	0.020213570731857318
47.3	0.02021357073185671
47.4	0.020213570731860166
47.5	0.020213570731856444
47.6	0.02021357073185818
47.7	0.020213570731856003
47.8	0.020213570731859684
47.9	0.02021357073185872
48.0	0.02021357073186118
48.1	0.020213570731858727
48.2	0.02021357073186099
48.3	0.020213570731861003
48.4	0.020213570731855503
48.5	0.020213570731860295
48.6	0.020213570731857512
48.7	0.020213570731859667
48.8	0.020213570731855743
48.9	0.020213570731856378
49.0	0.020213570731858577
49.1	0.020213570731860118
49.2	0.020213570731860326
49.3	0.020213570731858373
49.4	0.020213570731857363
49.5	0.020213570731858192
49.6	0.020213570731860774
49.7	0.020213570731858824
49.8	0.02021357073185638
49.9	0.02021357073185898
50.0	0.020213570731856145
50.1	0.02021357073186008
50.2	0.020213570731859448
50.3	0.020213570731856256
50.4	0.020213570731856676
50.5	0.020213570731858164
50.6	0.02021357073185906
50.7	0.020213570731864063
50.8	0.020213570731857484
50.9	0.02021357073185504
51.0	0.020213570731859833
51.1	0.020213570731855892
51.2	0.020213570731860524
51.3	0.020213570731861225
51.4	0.020213570731858616
51.5	0.020213570731857082
51.6	0.02021357073185733
51.7	0.020213570731857512
51.8	0.020213570731859233
51.9	0.02021357073185681
52.0	0.020213570731859427
52.1	0.02021357073185826
52.2	0.02021357073185985
52.3	0.020213570731859
52.4	0.02021357073185833
52.5	0.020213570731858133
52.6	0.020213570731859455
52.7	0.020213570731860257
52.8	0.02021357073185657
52.9	0.02021357073185826
53.0	0.02021357073185588
53.1	0.02021357073185854
53.2	0.020213570731862484
53.3	0.02021357073185817
53.4	0.020213570731858126
53.5	0.020213570731857915
53.6	0.020213570731857915
53.7	0.02021357073185879
53.8	0.020213570731857245
53.9	0.020213570731857675
54.0	0.02021357073185901
54.1	0.020213570731856832
54.2	0.020213570731859882
54.3	0.020213570731862113
54.4	0.02021357073185994
54.5	0.020213570731859924
54.6	0.020213570731856437
54.7	0.02021357073186101
54.8	0.020213570731856634
54.9	0.020213570731855098
55.0	0.020213570731859025
55.1	0.02021357073185815
55.2	0.02021357073185944
55.3	0.02021357073185961
55.4	0.020213570731857446
55.5	0.020213570731857693
55.6	0.020213570731852697
55.7	0.020213570731858792
55.8	0.02021357073185793
55.9	0.020213570731861436
56.0	0.02021357073185815
56.1	0.020213570731855472
56.2	0.020213570731856124
56.3	0.020213570731858255
56.4	0.020213570731860055
56.5	0.020213570731855507
56.6	0.02021357073185725
56.7	0.02021357073185856
56.8	0.020213570731857734
56.9	0.020213570731859497
57.0	0.02021357073185466
57.1	0.02021357073185815
57.2	0.02021357073185639
57.3	0.020213570731856347
57.4	0.020213570731853484
57.5	0.02021357073185588
57.6	0.020213570731855476
57.7	0.02021357073185686
57.8	0.0202135707318608
57.9	0.0202135707318597
58.0	0.020213570731859646
58.1	0.020213570731858338
58.2	0.02021357073185703
58.3	0.020213570731858317
58.4	0.02021357073185791
58.5	0.020213570731857495
58.6	0.020213570731856388
58.7	0.020213570731859025
58.8	0.020213570731861037
58.9	0.020213570731855743
59.0	0.020213570731858817
59.1	0.020213570731859233
59.2	0.020213570731859004
59.3	0.020213570731857897
59.4	0.020213570731857495
59.5	0.020213570731859504
59.6	0.020213570731856822
59.7	0.02021357073185985
59.8	0.020213570731859434
59.9	0.02021357073185816
60.0	0.020213570731857037
60.1	0.020213570731858997
60.2	0.020213570731861617
60.3	0.020213570731860135
60.4	0.020213570731855982
60.5	0.020213570731859073
60.6	0.02021357073185623
60.7	0.020213570731857734
60.8	0.0202135707318562
60.9	0.020213570731856614
61.0	0.020213570731856832
61.1	0.020213570731855993
61.2	0.020213570731859257
61.3	0.020213570731857977
61.4	0.02021357073185907
61.5	0.02021357073185595
61.6	0.02021357073186009
61.7	0.0202135707318601
61.8	0.02021357073185393
61.9	0.02021357073185786
62.0	0.02021357073185762
62.1	0.020213570731856333
62.2	0.020213570731857217
62.3	0.020213570731856402
62.4	0.020213570731855764
62.5	0.020213570731862304
62.6	0.020213570731860104
62.7	0.02021357073185752
62.8	0.020213570731859712
62.9	0.020213570731862317
63.0	0.02021357073185685
63.1	0.020213570731859226
63.2	0.02021357073185927
63.3	0.020213570731857897
63.4	0.020213570731856614
63.5	0.02021357073185756
63.6	0.020213570731858185
63.7	0.020213570731857734
63.8	0.02021357073185793
63.9	0.02021357073186078
64.0	0.02021357073186032
64.1	0.02021357073186008
64.2	0.020213570731859407
64.3	0.020213570731857228
64.4	0.020213570731856145
64.5	0.020213570731856326
64.6	0.02021357073185724
64.7	0.020213570731859004
64.8	0.02021357073185747
64.9	0.020213570731857262
65.0	0.020213570731857044
65.1	0.020213570731858997
65.2	0.020213570731855472
65.3	0.020213570731858973
65.4	0.020213570731858338
65.5	0.020213570731860312
65.6	0.020213570731859018
65.7	0.020213570731856468
65.8	0.020213570731857297
65.9	0.020213570731859455
66.0	0.02021357073185616
66.1	0.020213570731859816
66.2	0.020213570731860253
66.3	0.020213570731856353
66.4	0.020213570731859885
66.5	0.020213570731859268
66.6	0.020213570731860215
66.7	0.020213570731859525
66.8	0.020213570731861495
66.9	0.02021357073185926
67.0	0.0202135707318588
67.1	0.020213570731859393
67.2	0.020213570731856735
67.3	0.020213570731859358
67.4	0.020213570731858782
67.5	0.020213570731856582
67.6	0.0202135707318564
67.7	0.020213570731858983
67.8	0.020213570731859427
67.9	0.020213570731854646
68.0	0.020213570731858387
68.1	0.020213570731855333
68.2	0.020213570731855063
68.3	0.02021357073185817
68.4	0.02021357073185765
68.5	0.02021357073185944
68.6	0.020213570731859448
68.7	0.020213570731856416
68.8	0.02021357073186074
68.9	0.020213570731859025
69.0	0.02021357073185733
69.1	0.020213570731855743
69.2	0.0202135707318575
69.3	0.0202135707318584
69.4	0.020213570731858366
69.5	0.020213570731855503
69.6	0.02021357073185855
69.7	0.02021357073185658
69.8	0.02021357073185979
69.9	0.020213570731857415
70.0	0.020213570731858324
70.1	0.020213570731859035
70.2	0.020213570731855975
70.3	0.02021357073185662
70.4	0.02021357073185751
70.5	0.02021357073186208
70.6	0.02021357073185637
70.7	0.02021357073185916
70.8	0.02021357073185725
70.9	0.02021357073186049
71.0	0.02021357073185853
71.1	0.020213570731860035
71.2	0.020213570731855868
71.3	0.020213570731857415
71.4	0.02021357073185831
71.5	0.02021357073185878
71.6	0.020213570731858806
71.7	0.020213570731860354
71.8	0.020213570731858133
71.9	0.020213570731857915
72.0	0.020213570731860746
72.1	0.020213570731858782
72.2	0.02021357073185703
72.3	0.020213570731856815
72.4	0.020213570731862966
72.5	0.020213570731857287
72.6	0.020213570731856867
72.7	0.020213570731862508
72.8	0.02021357073185904
72.9	0.02021357073185772
73.0	0.0202135707318597
73.1	0.020213570731856506
73.2	0.020213570731857353
73.3	0.02021357073185693
73.4	0.020213570731858435
73.5	0.02021357073185763
73.6	0.020213570731857432
73.7	0.020213570731857654
73.8	0.0202135707318529
73.9	0.020213570731857464
74.0	0.020213570731859642
74.1	0.020213570731856593
74.2	0.02021357073185875
74.3	0.020213570731857637
74.4	0.020213570731857873
74.5	0.020213570731860597
74.6	0.02021357073185772
74.7	0.02021357073185643
74.8	0.020213570731855764
74.9	0.020213570731857877
75.0	0.020213570731859178
75.1	0.020213570731857654
75.2	0.02021357073186011
75.3	0.020213570731857262
75.4	0.02021357073185746
75.5	0.020213570731857047
75.6	0.020213570731857262
75.7	0.020213570731859413
75.8	0.02021357073185808
75.9	0.02021357073185829
76.0	0.020213570731858515
76.1	0.02021357073185616
76.2	0.020213570731857044
76.3	0.020213570731859056
76.4	0.02021357073186078
76.5	0.020213570731857488
76.6	0.020213570731859462
76.7	0.020213570731856645
76.8	0.02021357073185643
76.9	0.020213570731855694
77.0	0.02021357073185616
77.1	0.020213570731860277
77.2	0.020213570731855715
77.3	0.020213570731858744
77.4	0.020213570731859896
77.5	0.020213570731854442
77.6	0.020213570731859046
77.7	0.0202135707318598
77.8	0.020213570731855392
77.9	0.020213570731857797
78.0	0.02021357073186017
78.1	0.020213570731854896
78.2	0.020213570731859427
78.3	0.020213570731857845
78.4	0.020213570731858043
78.5	0.02021357073185698
78.6	0.02021357073185746
78.7	0.020213570731859434
78.8	0.020213570731855493
78.9	0.020213570731859413
79.0	0.020213570731855937
79.1	0.020213570731856433
79.2	0.020213570731854518
79.3	0.020213570731858223
79.4	0.020213570731855132
79.5	0.020213570731858206
79.6	0.020213570731855996
79.7	0.020213570731856843
79.8	0.020213570731857873
79.9	0.02021357073185468
80.0	0.02021357073185908
80.1	0.02021357073185912
80.2	0.020213570731861686
80.3	0.020213570731857495
80.4	0.020213570731858407
80.5	0.020213570731857512
80.6	0.020213570731856822
80.7	0.020213570731855035
80.8	0.02021357073185355
80.9	0.02021357073185439
81.0	0.020213570731858352
81.1	0.020213570731856822
81.2	0.02021357073185616
81.3	0.020213570731855948
81.4	0.020213570731861433
81.5	0.020213570731858144
81.6	0.02021357073185575
81.7	0.020213570731856468
81.8	0.020213570731856405
81.9	0.020213570731859233
82.0	0.020213570731858515
82.1	0.020213570731856145
82.2	0.02021357073185746
82.3	0.0202135707318586
82.4	0.020213570731859407
82.5	0.020213570731857623
82.6	0.020213570731856815
82.7	0.02021357073185988
82.8	0.020213570731856857
82.9	0.020213570731857262
83.0	0.02021357073185902
83.1	0.020213570731854
83.2	0.020213570731858983
83.3	0.020213570731857897
83.4	0.020213570731857013
83.5	0.020213570731859455
83.6	0.020213570731856405
83.7	0.02021357073185685
83.8	0.020213570731859462
83.9	0.02021357073185707
84.0	0.02021357073185797
84.1	0.020213570731860808
84.2	0.020213570731856822
84.3	0.02021357073185815
84.4	0.02021357073185622
84.5	0.02021357073185592
84.6	0.020213570731856593
84.7	0.0202135707318566
84.8	0.0202135707318588
84.9	0.02021357073185552
85.0	0.02021357073185598
85.1	0.020213570731856208
85.2	0.020213570731855913
85.3	0.020213570731858324
85.4	0.0202135707318564
85.5	0.020213570731857484
85.6	0.02021357073185618
85.7	0.020213570731858553
85.8	0.020213570731857484
85.9	0.02021357073185599
86.0	0.020213570731857484
86.1	0.02021357073185722
86.2	0.02021357073185659
86.3	0.02021357073185659
86.4	0.020213570731859882
86.5	0.02021357073185601
86.6	0.020213570731856412
86.7	0.020213570731857335
86.8	0.020213570731859323
86.9	0.02021357073185688
87.0	0.0202135707318568
87.1	0.020213570731856145
87.2	0.020213570731856825
87.3	0.02021357073185658
87.4	0.020213570731857422
87.5	0.020213570731853495
87.6	0.020213570731856097
87.7	0.020213570731858276
87.8	0.020213570731856118
87.9	0.020213570731857224
88.0	0.020213570731858775
88.1	0.020213570731857464
88.2	0.020213570731857453
88.3	0.020213570731859656
88.4	0.020213570731858338
88.5	0.020213570731854254
88.6	0.020213570731856863
88.7	0.020213570731858088
88.8	0.020213570731860503
88.9	0.020213570731859257
89.0	0.020213570731857308
89.1	0.020213570731858616
89.2	0.020213570731858175
89.3	0.020213570731857047
89.4	0.02021357073185506
89.5	0.020213570731859413
89.6	0.02021357073185329
89.7	0.020213570731855493
89.8	0.0202135707318566
89.9	0.020213570731855472
90.0	0.020213570731859178
90.1	0.020213570731856076
90.2	0.020213570731855014
90.3	0.020213570731858317
90.4	0.020213570731859826
90.5	0.02021357073185961
90.6	0.020213570731857037
90.7	0.020213570731857734
90.8	0.020213570731857707
90.9	0.020213570731857887
91.0	0.020213570731854848
91.1	0.02021357073185836
91.2	0.02021357073185842
91.3	0.02021357073185687
91.4	0.02021357073185779
91.5	0.0202135707318593
91.6	0.02021357073185531
91.7	0.020213570731856825
91.8	0.020213570731858498
91.9	0.020213570731860087
92.0	0.020213570731857044
92.1	0.02021357073185772
92.2	0.020213570731855774
92.3	0.020213570731856628
92.4	0.02021357073185901
92.5	0.02021357073185659
92.6	0.02021357073185664
92.7	0.020213570731857512
92.8	0.0202135707318573
92.9	0.020213570731859205
93.0	0.020213570731861367
93.1	0.020213570731856353
93.2	0.020213570731857842
93.3	0.020213570731857432
93.4	0.020213570731855743
93.5	0.020213570731853363
93.6	0.02021357073185506
93.7	0.02021357073185857
93.8	0.02021357073185746
93.9	0.02021357073185875
94.0	0.020213570731856662
94.1	0.020213570731857557
94.2	0.020213570731856895
94.3	0.02021357073185687
94.4	0.020213570731856638
94.5	0.020213570731857318
94.6	0.020213570731855313
94.7	0.02021357073185642
94.8	0.020213570731857044
94.9	0.020213570731856416
95.0	0.020213570731854216
95.1	0.020213570731858352
95.2	0.020213570731856364
95.3	0.020213570731855937
95.4	0.02021357073185927
95.5	0.020213570731856215
95.6	0.020213570731855725
95.7	0.020213570731859594
95.8	0.020213570731857245
95.9	0.020213570731858522
96.0	0.020213570731855264
96.1	0.02021357073185879
96.2	0.02021357073185877
96.3	0.020213570731855708
96.4	0.0202135707318586
96.5	0.02021357073185533
96.6	0.020213570731855098
96.7	0.020213570731855788
96.8	0.02021357073185691
96.9	0.02021357073185815
97.0	0.020213570731856603
97.1	0.020213570731857273
97.2	0.02021357073185884
97.3	0.020213570731857967
97.4	0.02021357073185703
97.5	0.020213570731859393
97.6	0.020213570731859615
97.7	0.02021357073185833
97.8	0.020213570731858515
97.9	0.02021357073185962
98.0	0.020213570731857217
98.1	0.020213570731857474
98.2	0.020213570731854875
98.3	0.020213570731857096
98.4	0.020213570731856822
98.5	0.020213570731853522
98.6	0.02021357073185656
98.7	0.020213570731855025
98.8	0.020213570731858088
98.9	0.02021357073185808
99.0	0.020213570731857897
99.1	0.020213570731855965
99.2	0.020213570731858546
99.3	0.02021357073185397
99.4	0.020213570731854813
99.5	0.02021357073185376
99.6	0.020213570731856822
99.7	0.020213570731855764
99.8	0.02021357073185789
99.9	0.02021357073185437
100.0	0.020213570731855073
