0.0 	 0.0 
0.1 	 0.005223455103122286 
0.2 	 0.016755015910775734 
0.3 	 0.031213013887704328 
0.4 	 0.04598233793810104 
0.5 	 0.059003595253593756 
0.6 	 0.0688444315048477 
0.7 	 0.07468110284339968 
0.8 	 0.07619131815080533 
0.9 	 0.07344231380059874 
1.0 	 0.06680599604233459 
1.1 	 0.05692031679119625 
1.2 	 0.04469405660631327 
1.3 	 0.031339917311538665 
1.4 	 0.018416561918251126 
1.5 	 0.007873557011291103 
1.6 	 0.002247959055580396 
1.7 	 0.004448985382458085 
1.8 	 0.012977072446810557 
1.9 	 0.024717089026653517 
2.0 	 0.03729769588823439 
2.1 	 0.048832248855811715 
2.2 	 0.057944262077946236 
2.3 	 0.06377389632017609 
2.4 	 0.06592167624869825 
2.5 	 0.06436423105606635 
2.6 	 0.059379303833948745 
2.7 	 0.05150076148848366 
2.8 	 0.04150349366930651 
2.9 	 0.03041218867076917 
3.0 	 0.01951708292402779 
3.1 	 0.01039279849130949 
3.2 	 0.004946947498496937 
3.3 	 0.005139894763877319 
3.4 	 0.01081956854066538 
3.5 	 0.0198708728710586 
3.6 	 0.030278003743502813 
3.7 	 0.04037358995751952 
3.8 	 0.04885798369984515 
3.9 	 0.05482787843003509 
4.0 	 0.057767586518351025 
4.1 	 0.05750902417340131 
4.2 	 0.054183749912061104 
4.3 	 0.04818560794198803 
4.4 	 0.0401511179172755 
4.5 	 0.030953972458947685 
4.6 	 0.02170406290199831 
4.7 	 0.013738717602097817 
4.8 	 0.008583112688139789 
4.9 	 0.007658616469133151 
5.0 	 0.011232846539385995 
5.1 	 0.018053616299301554 
5.2 	 0.02646747553323835 
5.3 	 0.03499110032397102 
5.4 	 0.04243078299661797 
5.5 	 0.04792647640548964 
5.6 	 0.05095714555399641 
5.7 	 0.05131546906768697 
5.8 	 0.04906923437708146 
5.9 	 0.044525102122870225 
6.0 	 0.038203376483868144 
6.1 	 0.030816362664734663 
6.2 	 0.02326111345121119 
6.3 	 0.016593502580449195 
6.4 	 0.011965235426829503 
6.5 	 0.010408977735582433 
6.6 	 0.012316733178466167 
6.7 	 0.017097563455223685 
6.8 	 0.023602759561027697 
6.9 	 0.030625787337827934 
7.0 	 0.03711285229172365 
7.1 	 0.042244406295342485 
7.2 	 0.045467777576524385 
7.3 	 0.04649837716669376 
7.4 	 0.045304542258715344 
7.5 	 0.042073253610599055 
7.6 	 0.03719321713106745 
7.7 	 0.031239818618649055 
7.8 	 0.024959160536570567 
7.9 	 0.019236514349881894 
8.0 	 0.015022849846234575 
8.1 	 0.013160137198966757 
8.2 	 0.014054929177406021 
8.3 	 0.017422822035195445 
8.4 	 0.02244864170944425 
8.5 	 0.028147608209623788 
8.6 	 0.03360417547228788 
8.7 	 0.038083233667670545 
8.8 	 0.04107446622873215 
8.9 	 0.04229894198961138 
9.0 	 0.04169456613868343 
9.1 	 0.03939333098481723 
9.2 	 0.03569879164229757 
9.3 	 0.031061793376156877 
9.4 	 0.026067567085946153 
9.5 	 0.021400026358154425 
9.6 	 0.017781754118974886 
9.7 	 0.015854116731749673 
9.8 	 0.015987780695467593 
9.9 	 0.018115466502954786 
10.0 	 0.021754182177952684 
10.1 	 0.026196896315907256 
10.2 	 0.03070217040535668 
10.3 	 0.034627463353464456 
10.4 	 0.03748313852866958 
10.5 	 0.038961407544728086 
10.6 	 0.038939565982583114 
10.7 	 0.0374696486994044 
10.8 	 0.034761962651043296 
10.9 	 0.03116616692726095 
11.0 	 0.027148875328233447 
11.1 	 0.023261692702434725 
11.2 	 0.02008825488216545 
11.3 	 0.01815541512140323 
11.4 	 0.017805932897118366 
11.5 	 0.019079432882312848 
11.6 	 0.021691175135954047 
11.7 	 0.025131759805931256 
11.8 	 0.02881005843259138 
11.9 	 0.032169167367666535 
12.0 	 0.0347595217969992 
12.1 	 0.03627685498560289 
12.2 	 0.03657504271706121 
12.3 	 0.035662512421542315 
12.4 	 0.03368905651297452 
12.5 	 0.030927157968142126 
12.6 	 0.027748456936292753 
12.7 	 0.024592230534512174 
12.8 	 0.02191954333142295 
12.9 	 0.020147212725803016 
13.0 	 0.019562422724549822 
13.1 	 0.020243788596069182 
13.2 	 0.022034816414497907 
13.3 	 0.024591399342036444 
13.4 	 0.027474486468494354 
13.5 	 0.030238569265545523 
13.6 	 0.03250006896374415 
13.7 	 0.033977866106321586 
13.8 	 0.03451253097371192 
13.9 	 0.03407013887374435 
14.0 	 0.03273596161844862 
14.1 	 0.030701557514277143 
14.2 	 0.028246288849973985 
14.3 	 0.02571154222977358 
14.4 	 0.02346463355750138 
14.5 	 0.02184756778136507 
14.6 	 0.021114872405546742 
14.7 	 0.021373823357894412 
14.8 	 0.02255455841721153 
14.9 	 0.024428883477966068 
15.0 	 0.02666850676099972 
15.1 	 0.028915518450565232 
15.2 	 0.03084309844761564 
15.3 	 0.03219760135066102 
15.4 	 0.03282193069424864 
15.5 	 0.032663628430022754 
15.6 	 0.03177178373247325 
15.7 	 0.030286135150981098 
15.8 	 0.02842009068636795 
15.9 	 0.026437640379082174 
16.0 	 0.02462324448040556 
16.1 	 0.023243748170669792 
16.2 	 0.022504502380226575 
16.3 	 0.022508690495288846 
16.4 	 0.023234319274443426 
16.5 	 0.024540040596091366 
16.6 	 0.02619958988509505 
16.7 	 0.02794668547897046 
16.8 	 0.029523009263171324 
16.9 	 0.03071438557818839 
17.0 	 0.0313742514501431 
17.1 	 0.03143506777287069 
17.2 	 0.030909958302685076 
17.3 	 0.029886893934111397 
17.4 	 0.028516923300360902 
17.5 	 0.026996847440794898 
17.6 	 0.02554597358803349 
17.7 	 0.024376899413820804 
17.8 	 0.02366235897576661 
17.9 	 0.023503789959509504 
18.0 	 0.023910613929718535 
18.1 	 0.024799051549771915 
18.2 	 0.02601127574530943 
18.3 	 0.02734814744423902 
18.4 	 0.028605553697429988 
18.5 	 0.02960596446810056 
18.6 	 0.030220832683070093 
18.7 	 0.0303829048636623 
18.8 	 0.030089442059720327 
18.9 	 0.029398732089430005 
19.0 	 0.028418945343541877 
19.1 	 0.027294861355137583 
19.2 	 0.02618930880106082 
19.3 	 0.025261493893201453 
19.4 	 0.024643689720061288 
19.5 	 0.024419857124177203 
19.6 	 0.024611204059152125 
19.7 	 0.02517301903864611 
19.8 	 0.026005764789079948 
19.9 	 0.026972325662596084 
20.0 	 0.02792427139940553 
20.1 	 0.028724827565010387 
20.2 	 0.02926769094806325 
20.3 	 0.02948876962204144 
20.4 	 0.02937130046958852 
20.5 	 0.0289450062711198 
20.6 	 0.028280277175419376 
20.7 	 0.02747820950624886 
20.8 	 0.02665715795130499 
20.9 	 0.02593660251675771 
21.0 	 0.025419724426322964 
21.1 	 0.02517733508699087 
21.2 	 0.02523615807970639 
21.3 	 0.025575065466330038 
21.4 	 0.02613006867046325 
21.5 	 0.026807062074872448 
21.6 	 0.0274990610377275 
21.7 	 0.028103909236239323 
21.8 	 0.0285391476835282 
21.9 	 0.028752119550394833 
22.0 	 0.028724729497956063 
22.1 	 0.028473222303456693 
22.2 	 0.028043830625744885 
22.3 	 0.027505211731207506 
22.4 	 0.026938515926254125 
22.5 	 0.026426010985362815 
22.6 	 0.026039447976095514 
22.7 	 0.02582970771217806 
22.8 	 0.025819489107402 
22.9 	 0.026000425224423744 
23.0 	 0.02633651598060045 
23.1 	 0.026769445830303676 
23.2 	 0.027230129533367054 
23.3 	 0.027649928363929436 
23.4 	 0.027970772951997527 
23.5 	 0.028152684576426168 
23.6 	 0.028177975010946075 
23.7 	 0.02805206148819845 
23.8 	 0.027801248269335267 
23.9 	 0.027468028830673376 
24.0 	 0.027104551608301195 
24.1 	 0.026764982043686186 
24.2 	 0.026497646254925893 
24.3 	 0.026337895195917626 
24.4 	 0.02630301145615872 
24.5 	 0.02639035327791319 
24.6 	 0.026578708795307972 
24.7 	 0.02683276989545054 
24.8 	 0.02710976738055123 
24.9 	 0.027366850402806314 
25.0 	 0.0275677844525728 
25.1 	 0.02768787502400486 
25.2 	 0.02771653796048642 
25.3 	 0.02765748669424444 
25.4 	 0.02752687607287514 
25.5 	 0.02734977813111949 
25.6 	 0.027155848795291114 
25.7 	 0.026974673771289256 
25.8 	 0.026831458596691955 
25.9 	 0.026743633500879466 
26.0 	 0.026718830737269803 
26.1 	 0.02675450572377315 
26.2 	 0.026839194132049236 
26.3 	 0.02695492288338386 
26.4 	 0.02708070341374831 
26.5 	 0.027196296542179647 
26.6 	 0.027285351069581344 
26.7 	 0.027337594565989404 
26.8 	 0.02734981454232498 
26.9 	 0.027325605152836392 
27.0 	 0.027274051934615667 
27.1 	 0.02720766021288437 
27.2 	 0.027139905307038498 
27.3 	 0.02708280607505343 
27.4 	 0.027044901743255974 
27.5 	 0.027029938995158716 
27.6 	 0.02703651915857563 
27.7 	 0.027058827588750122 
27.8 	 0.027088214510098685 
27.9 	 0.02711528055862492 
28.0 	 0.02713205135235537 
28.1 	 0.027133776738238163 
28.2 	 0.027119966845473114 
28.3 	 0.027094448781283618 
28.4 	 0.02706444845407426 
28.5 	 0.02703892070562863 
28.6 	 0.027026497820513005 
28.7 	 0.027033481785191552 
28.8 	 0.02706227461750914 
28.9 	 0.027110564964345173 
29.0 	 0.02717145234829019 
29.1 	 0.02723451278374752 
29.2 	 0.027287631099280094 
29.3 	 0.02731927517804738 
29.4 	 0.027320785240266297 
29.5 	 0.027288194922173173 
29.6 	 0.02722329873862708 
29.7 	 0.02713382509712777 
29.8 	 0.027032495636392224 
29.9 	 0.026935125751505362 
30.0 	 0.026858100589381692 
30.1 	 0.026815643075748075 
30.2 	 0.026817323557603537 
30.3 	 0.02686622142828656 
30.4 	 0.02695804839421639 
30.5 	 0.027081400250546426 
30.6 	 0.02721913981738138 
30.7 	 0.02735075005144904 
30.8 	 0.027455359719221226 
30.9 	 0.027515020343333765 
31.0 	 0.02751774616427694 
31.1 	 0.027459783135057612 
31.2 	 0.027346699459850757 
31.3 	 0.027193040747575267 
31.4 	 0.02702051017833071 
31.5 	 0.026854880432370217 
31.6 	 0.02672207817553515 
31.7 	 0.02664405643140827 
31.8 	 0.026635139191104898 
31.9 	 0.026699463147240237 
32.0 	 0.026829968875981675 
32.1 	 0.02700914163770415 
32.2 	 0.027211414771206144 
32.3 	 0.02740688113934755 
32.4 	 0.02756575652307741 
32.5 	 0.027662927679264097 
32.6 	 0.02768189997754157 
32.7 	 0.02761752854275308 
32.8 	 0.027477103249941466 
32.9 	 0.027279617968731625 
33.0 	 0.0270532364611638 
33.1 	 0.02683125810266465 
33.2 	 0.02664716106743177 
33.3 	 0.02652948638258549 
33.4 	 0.026497370837579158 
33.5 	 0.026557453835625817 
33.6 	 0.026702665482559045 
33.7 	 0.026913091513501863 
33.8 	 0.027158773036180115 
33.9 	 0.027404007175152345 
34.0 	 0.027612516041614316 
34.1 	 0.027752754548755875 
34.2 	 0.02780261825403834 
34.3 	 0.02775288546483955 
34.4 	 0.02760887943814022 
34.5 	 0.027390053284504556 
34.6 	 0.027127469344109385 
34.7 	 0.02685944664959507 
34.8 	 0.02662594927599939 
34.9 	 0.026462534454505398 
35.0 	 0.026394812749718277 
35.1 	 0.026434342389878678 
35.2 	 0.02657666725391015 
35.3 	 0.02680184247111889 
35.4 	 0.027077353950799757 
35.5 	 0.02736293660131124 
35.6 	 0.027616518028714322 
35.7 	 0.027800392853874797 
35.8 	 0.027886749660347897 
35.9 	 0.02786179101931903 
36.0 	 0.027727884513444708 
36.1 	 0.027503440761498858 
36.2 	 0.027220482172341104 
36.3 	 0.026920155988970667 
36.4 	 0.026646767178401812 
36.5 	 0.026441178388167345 
36.6 	 0.026334584602144682 
36.7 	 0.026343671655092292 
36.8 	 0.026467975277577223 
36.9 	 0.026689885950385846 
37.0 	 0.02697727606792324 
37.1 	 0.02728828151043215 
37.2 	 0.02757745419020301 
37.3 	 0.027802356975161847 
37.4 	 0.02792967760582118 
37.5 	 0.02794004926189935 
37.6 	 0.027830945206291903 
37.7 	 0.027617243893628254 
37.8 	 0.02732933233407194 
37.9 	 0.027008922832021366 
38.0 	 0.026703083081262464 
38.1 	 0.026457284673497627 
38.2 	 0.026308502542607196 
38.3 	 0.02627947750731498 
38.4 	 0.026375125923966132 
38.5 	 0.02658173104301123 
38.6 	 0.026869045004574234 
38.7 	 0.027194903023242317 
38.8 	 0.02751154434303936 
38.9 	 0.027772627522048128 
39.0 	 0.027939915124929778 
39.1 	 0.027988728230140154 
39.2 	 0.027911476567644665 
39.3 	 0.02771882064880965 
39.4 	 0.027438295841443434 
39.5 	 0.027110520086677227 
39.6 	 0.02678342386038861 
39.7 	 0.026505254278559695 
39.8 	 0.026317357136744206 
39.9 	 0.026247864666951847 
40.0 	 0.02630734552301447 
40.1 	 0.026487173570565785 
40.2 	 0.026760886567558758 
40.3 	 0.027088259383472722 
40.4 	 0.027421361324031536 
40.5 	 0.027711605555880224 
40.6 	 0.0279167437569959 
40.7 	 0.02800685873659476 
40.8 	 0.027968595954771868 
40.9 	 0.027807107916306605 
41.0 	 0.027545447558926794 
41.1 	 0.027221436806014316 
41.2 	 0.026882350889277873 
41.3 	 0.02657807942262142 
41.4 	 0.02635371046971101 
41.5 	 0.026242668776959875 
41.6 	 0.02626154579617575 
41.7 	 0.0264075294099334 
41.8 	 0.02665888713458939 
41.9 	 0.026978384815876277 
42.0 	 0.02731899794259951 
42.1 	 0.027630932124617515 
42.2 	 0.027868859021938763 
42.3 	 0.027998352550942407 
42.4 	 0.028000701713959904 
42.5 	 0.027875520004661442 
42.6 	 0.02764083628018938 
42.7 	 0.027330631136778378 
42.8 	 0.026990080844448944 
42.9 	 0.026669081813255394 
43.0 	 0.0264149199717684 
43.1 	 0.026265164053722513 
43.2 	 0.026241924684470598 
43.3 	 0.02634846467614499 
43.4 	 0.02656875674126819 
43.5 	 0.026870040885489718 
43.6 	 0.02720788701927749 
43.7 	 0.02753287006335291 
43.8 	 0.027797789558327454 
43.9 	 0.02796439420523463 
44.0 	 0.02800873296824355 
44.1 	 0.027924480376408503 
44.2 	 0.027723837065247083 
44.3 	 0.027435877831022033 
44.4 	 0.027102510055522246 
44.5 	 0.02677251127493352 
44.6 	 0.02649441432429925 
44.7 	 0.02630925527876976 
44.8 	 0.026244322178952943 
44.9 	 0.02630896452091656 
45.0 	 0.026493206041222395 
45.1 	 0.026769392799488003 
45.2 	 0.02709654063908127 
45.3 	 0.027426585019246368 
45.4 	 0.027711489294160528 
45.5 	 0.027910143892031156 
45.6 	 0.027994126125048837 
45.7 	 0.02795161161896525 
45.8 	 0.0277889814044953 
45.9 	 0.02752993333183741 
46.0 	 0.02721218269141762 
46.1 	 0.026882127041314763 
46.2 	 0.026588141897683985 
46.3 	 0.026373430677572817 
46.4 	 0.026269512246112604 
46.5 	 0.026291417703554552 
46.6 	 0.026435431877408537 
46.7 	 0.026679770822845637 
46.8 	 0.02698804047856596 
46.9 	 0.02731482970054244 
47.0 	 0.02761247984238978 
47.1 	 0.027837982377508765 
47.2 	 0.027959043866967813 
47.3 	 0.027958550198790795 
47.4 	 0.027836900205846664 
47.5 	 0.027611934302251753 
47.6 	 0.027316451476791 
47.7 	 0.026993589089777406 
47.8 	 0.026690627129293692 
47.9 	 0.02645204513957627 
48.0 	 0.026312853914342942 
48.1 	 0.026293273728535026 
48.2 	 0.02639567279142554 
48.3 	 0.026604303726817404 
48.4 	 0.026887858576403318 
48.5 	 0.02720434816706468 
48.6 	 0.02750744138348682 
48.7 	 0.02775324364544411 
48.8 	 0.027906533514744217 
48.9 	 0.027945643953093697 
49.0 	 0.027865402875374114 
49.1 	 0.027677796402437168 
49.2 	 0.02741027523697795 
49.3 	 0.027101890889145098 
49.4 	 0.026797722043220364 
49.5 	 0.0265423141080208 
49.6 	 0.02637306538149808 
49.7 	 0.02631458817532926 
49.8 	 0.026374987404335488 
49.9 	 0.026544703723116517 
50.0 	 0.026798108426060927 
50.1 	 0.02709753216660108 
50.2 	 0.027399000064617457 
50.3 	 0.027658724439019695 
50.4 	 0.027839383205682522 
50.5 	 0.027915335293110757 
50.6 	 0.02787612767726484 
50.7 	 0.027727884483487758 
50.8 	 0.02749241673980687 
50.9 	 0.02720414846454063 
51.0 	 0.026905219556530892 
51.1 	 0.026639386248905078 
51.2 	 0.026445563501288658 
51.3 	 0.026351986230734203 
51.4 	 0.026371943395698105 
51.5 	 0.026501818301122783 
51.6 	 0.02672176870394711 
51.7 	 0.026998895163665507 
51.8 	 0.027292310121670913 
51.9 	 0.027559242751993417 
52.0 	 0.027761232322835484 
52.1 	 0.027869542566458454 
52.2 	 0.027869108091796047 
52.3 	 0.027760546740585697 
52.4 	 0.027560009813325004 
52.5 	 0.027296887044137623 
52.6 	 0.027009634322132516 
52.7 	 0.02674024240296558 
52.8 	 0.026528090566448392 
52.9 	 0.026404085700204572 
53.0 	 0.0263860159798398 
53.1 	 0.02647590054277358 
53.2 	 0.02665978915471855 
53.3 	 0.02691002406868309 
53.4 	 0.027189537202607108 
53.5 	 0.027457434498159607 
53.6 	 0.027674975636901907 
53.7 	 0.027811081687889507 
53.8 	 0.02784664398269497 
53.9 	 0.027777109006303216 
54.0 	 0.02761304010417232 
54.1 	 0.027378592496998783 
54.2 	 0.027108079917773722 
54.3 	 0.02684105407661751 
54.4 	 0.026616544793636957 
54.5 	 0.026467283082119732 
54.6 	 0.026414799623426143 
54.7 	 0.026466205951794903 
54.8 	 0.026613206313052067 
54.9 	 0.02683349507490641 
55.0 	 0.027094265433269767 
55.1 	 0.027357204133638395 
55.2 	 0.02758415109869415 
55.3 	 0.02774257500181244 
55.4 	 0.02781011793835684 
55.5 	 0.02777764036137046 
55.6 	 0.027650409223736863 
55.7 	 0.027447296394338284 
55.8 	 0.027198084143618795 
55.9 	 0.026939206006258744 
56.0 	 0.026708472567665082 
56.1 	 0.02653951484746826 
56.2 	 0.0264567788069091 
56.3 	 0.026471874025769167 
56.4 	 0.026581888631716368 
56.5 	 0.02676994953798644 
56.6 	 0.02700790633329842 
56.7 	 0.027260653202586832 
56.8 	 0.02749136293462869 
56.9 	 0.027666824265587246 
57.0 	 0.027762128806218495 
57.1 	 0.027764099999604937 
57.2 	 0.027673049633936367 
57.3 	 0.02750265993702464 
57.4 	 0.027278009542048558 
57.5 	 0.027031984526433035 
57.6 	 0.026800532114659558 
57.7 	 0.026617403022209753 
57.8 	 0.026509152046849505 
57.9 	 0.026491180040655336 
58.0 	 0.02656546909015372 
58.1 	 0.026720388313948736 
58.2 	 0.026932583303354504 
58.3 	 0.027170599099602885 
58.4 	 0.027399614879816427 
58.5 	 0.02758653841337457 
58.6 	 0.027704717915150726 
58.7 	 0.027737641337083407 
58.8 	 0.02768116445904007 
58.9 	 0.02754400721789575 
59.0 	 0.0273464661790536 
59.1 	 0.027117502981585915 
59.2 	 0.026890576731130555 
59.3 	 0.026698776474226343 
59.4 	 0.026569948404527144 
59.5 	 0.026522561323270816 
59.6 	 0.026562976616750864 
59.7 	 0.026684574857702058 
59.8 	 0.02686887314469666 
59.9 	 0.02708841956221502 
60.0 	 0.027310960281287586 
60.1 	 0.027504202463157528 
60.2 	 0.027640458100150953 
60.3 	 0.027700526875456884 
60.4 	 0.027676320591941327 
60.5 	 0.02757191310218128 
60.6 	 0.027402896854774397 
60.7 	 0.027194129944745692 
60.8 	 0.02697615862623847 
60.9 	 0.026780786853309032 
61.0 	 0.02663641276871934 
61.1 	 0.02656382768612347 
61.2 	 0.02657314028627652 
61.3 	 0.02666232875748104 
61.4 	 0.026817653466426047 
61.5 	 0.027015839712697224 
61.6 	 0.02722764308323434 
61.7 	 0.027422206281779424 
61.8 	 0.027571536271832214 
61.9 	 0.027654464457951583 
62.0 	 0.02765956775680575 
62.1 	 0.027586689953588654 
62.2 	 0.027446886016253825 
62.3 	 0.02726080364769247 
62.4 	 0.02705570832550704 
62.5 	 0.026861540070454007 
62.6 	 0.026706543374487808 
62.7 	 0.02661310719992409 
62.8 	 0.02659445655976931 
62.9 	 0.026652727572069143 
63.0 	 0.026778738035837354 
63.1 	 0.026953476057314577 
63.2 	 0.02715103759120109 
63.3 	 0.027342517988112477 
63.4 	 0.027500244232581045 
63.5 	 0.027601727994354997 
63.6 	 0.02763280178521596 
63.7 	 0.027589539166005234 
63.8 	 0.027478728142746062 
63.9 	 0.027316847792396744 
64.0 	 0.027127681901035185 
64.1 	 0.02693888052820895 
64.2 	 0.026777935683180924 
64.3 	 0.02666814672002712 
64.4 	 0.026625184853845837 
64.5 	 0.02665479924861756 
64.6 	 0.026752034275373985 
64.7 	 0.026902075136918977 
64.8 	 0.027082562270331418 
64.9 	 0.027266978293721027 
65.0 	 0.02742856304692029 
65.1 	 0.027544169003898663 
65.2 	 0.027597518147152836 
65.3 	 0.027581434655206724 
65.4 	 0.027498778093951133 
65.5 	 0.02736196980669914 
65.6 	 0.02719117904158885 
65.7 	 0.027011405773590704 
65.8 	 0.026848851570163756 
65.9 	 0.02672708850114342 
66.0 	 0.026663593009709993 
66.1 	 0.026667181772987027 
66.2 	 0.026736758387066788 
66.3 	 0.026861567380165336 
66.4 	 0.027022897851143052 
66.5 	 0.027196940767459266 
66.6 	 0.027358332945495164 
66.7 	 0.02748384358387644 
66.8 	 0.027555673944075133 
66.9 	 0.02756392641257422 
67.0 	 0.027507929802313688 
67.1 	 0.027396262145638468 
67.2 	 0.027245476296990024 
67.3 	 0.027077697336329927 
67.4 	 0.026917412900677246 
67.5 	 0.02678790179324729 
67.6 	 0.026707820191671658 
67.7 	 0.02668846479154189 
67.8 	 0.026732143153469126 
67.9 	 0.026831908309121015 
68.0 	 0.026972687861532875 
68.1 	 0.027133606791690135 
68.2 	 0.027291118626436225 
68.3 	 0.027422454975728466 
68.4 	 0.027508886443350613 
68.5 	 0.027538345156253845 
68.6 	 0.027507067855894036 
68.7 	 0.027420057019591344 
68.8 	 0.027290310011433765 
68.9 	 0.02713692173348272 
69.0 	 0.026982314291188924 
69.1 	 0.02684897399217853 
69.2 	 0.026756162562422144 
69.3 	 0.026717094090515148 
69.4 	 0.02673701494072288 
69.5 	 0.026812488635611302 
69.6 	 0.0269319915254907 
69.7 	 0.027077707995904445 
69.8 	 0.0272282233499266 
69.9 	 0.027361685859914345 
70.0 	 0.027458963056766105 
70.1 	 0.027506345887679376 
70.2 	 0.027497439775976726 
70.3 	 0.027434003062583343 
70.4 	 0.0273256337126511 
70.5 	 0.027188352140906254 
70.6 	 0.02704227116354898 
70.7 	 0.026908671306443865 
70.8 	 0.026806894784627645 
70.9 	 0.026751515041291214 
71.0 	 0.02675021350049796 
71.1 	 0.026802694411229473 
71.2 	 0.02690080385215949 
71.3 	 0.027029821071876424 
71.4 	 0.02717070142114117 
71.5 	 0.027302908813871967 
71.6 	 0.02740740444768212 
71.7 	 0.027469359842209183 
71.8 	 0.027480223501828795 
71.9 	 0.027438873067948736 
72.0 	 0.0273517113258427 
72.1 	 0.027231701465825382 
72.2 	 0.02709647388715543 
72.3 	 0.026965762546610508 
72.4 	 0.026858529431308148 
72.5 	 0.02679019408786081 
72.6 	 0.026770384457737408 
72.7 	 0.02680155578512497 
72.8 	 0.026878690736634524 
72.9 	 0.02699011852032134 
73.0 	 0.027119309410794407 
73.1 	 0.027247351190382185 
73.2 	 0.027355722402544903 
73.3 	 0.02742895331572088 
73.4 	 0.027456802572664796 
73.5 	 0.02743566029875735 
73.6 	 0.027369000154223205 
73.7 	 0.0272668292740908 
73.8 	 0.02714421496270572 
73.9 	 0.02701908984699408 
74.0 	 0.02690964063653825 
74.1 	 0.02683165469152103 
74.2 	 0.026796217538298382 
74.3 	 0.026808111962176997 
74.4 	 0.02686516500150392 
74.5 	 0.026958638144195395 
74.6 	 0.02707458725689644 
74.7 	 0.027195966811038245 
74.8 	 0.027305146611165225 
74.9 	 0.0273864632523295 
75.0 	 0.027428442320027994 
75.1 	 0.02742538960588942 
75.2 	 0.027378145115321505 
75.3 	 0.027293908126990712 
75.4 	 0.02718516327862273 
75.5 	 0.027067856216719755 
75.6 	 0.026959071619143456 
75.7 	 0.026874543146237263 
75.8 	 0.026826359650468784 
75.9 	 0.02682121277833645 
76.0 	 0.026859453965380968 
76.1 	 0.026935102657640233 
76.2 	 0.027036794777107125 
76.3 	 0.027149511461730672 
76.4 	 0.02725681198726428 
76.5 	 0.027343230318932266 
76.6 	 0.027396486814444745 
76.7 	 0.02740920842343191 
76.8 	 0.027379929417406784 
76.9 	 0.027313246447204176 
77.0 	 0.027219114474879763 
77.1 	 0.02711138339086403 
77.2 	 0.027005778483914618 
77.3 	 0.026917609566674137 
77.4 	 0.026859540376548224 
77.5 	 0.026839749932137887 
77.6 	 0.026860764548545073 
77.7 	 0.026919137261725217 
77.8 	 0.027006016868100138 
77.9 	 0.027108507399563293 
78.0 	 0.027211598286101955 
78.1 	 0.027300366852565157 
78.2 	 0.027362127581297795 
78.3 	 0.027388224518230416 
78.4 	 0.027375224435176777 
78.5 	 0.02732535629923732 
78.6 	 0.027246145243257042 
78.7 	 0.027149296034230618 
78.8 	 0.027048982012647757 
78.9 	 0.026959779884259794 
79.0 	 0.02689454670983628 
79.1 	 0.026862551439798005 
79.2 	 0.026868141661080588 
79.3 	 0.026910147197936347 
79.4 	 0.026982106967747693 
79.5 	 0.027073274907202845 
79.6 	 0.027170240097989982 
79.7 	 0.027258907534172205 
79.8 	 0.027326542271360582 
79.9 	 0.02736358305409173 
80.0 	 0.027364975427858616 
