0.0	0.0
0.1	0.04646175839015049
0.2	0.1249143719648565
0.3	0.18936367775966562
0.4	0.22270057716738265
0.5	0.22498036093769963
0.6	0.2018328019586569
0.7	0.15998891070366036
0.8	0.10819471347465877
0.9	0.06060950733277062
1.0	0.03941779699108932
1.1	0.05953006331356342
1.2	0.10310884487748644
1.3	0.14467602936745771
1.4	0.16968581821332043
1.5	0.1740731542943613
1.6	0.15989872776263533
1.7	0.1324189233416268
1.8	0.09966817947013193
1.9	0.07287321197319051
2.0	0.0639541898878657
2.1	0.07642875958099733
2.2	0.10065691841292512
2.3	0.12352954911484178
2.4	0.13675826783207481
2.5	0.13783952284401194
2.6	0.1283289127289043
2.7	0.1123302770679686
2.8	0.09556530638037279
2.9	0.08411779138510726
3.0	0.08200426614190046
3.1	0.08876777080861276
3.2	0.100022963675313
3.3	0.11063171680574517
3.4	0.11713242201661445
3.5	0.11827471186746855
3.6	0.11457980245407379
3.7	0.10773799551259103
3.8	0.1002020645949226
3.9	0.09454469360649481
4.0	0.0925923244092754
4.1	0.09469364595883109
4.2	0.09967077397995718
4.3	0.10547852227422794
4.4	0.11000640957568456
4.5	0.11180492914298137
4.6	0.11047112529410294
4.7	0.1066757153724154
4.8	0.10192235702951599
4.9	0.09805453238171262
5.0	0.09655057873612012
5.1	0.09786465937102011
5.2	0.10118537912652577
5.3	0.10493270043165594
5.4	0.10756949965479894
5.5	0.10820770192926116
5.6	0.10684003029528141
5.7	0.10422598433142835
5.8	0.10153038072140373
5.9	0.09983725453446146
6.0	0.09966803647229085
6.1	0.10083552302305028
6.2	0.10264433551606357
6.3	0.1042763686999978
6.4	0.10515427642698616
6.5	0.1051121470235877
6.6	0.10435821368539948
6.7	0.10330765501771035
6.8	0.10236684111349259
6.9	0.10181034729056572
7.0	0.1017294683966337
7.1	0.10205014988161024
7.2	0.10260481749853352
7.3	0.10320740897945539
7.4	0.10369692195555522
7.5	0.10394764506089987
7.6	0.10388828629314217
7.7	0.10353451662175897
7.8	0.10300010924224653
7.9	0.1024733604047838
8.0	0.10215452148367837
8.1	0.10217302685953934
8.2	0.10252302933258547
8.3	0.1030528224277055
8.4	0.1035334722241165
8.5	0.10376496728032965
8.6	0.10366316403774846
8.7	0.1032921861500478
8.8	0.10283006733764329
8.9	0.10248380943635438
9.0	0.10239243729999904
9.1	0.102565875393923
9.2	0.10289425043324975
9.3	0.10321405773347701
9.4	0.10338969622664003
9.5	0.10337040934974762
9.6	0.10319952243647856
9.7	0.1029788031166201
9.8	0.10281118191829809
9.9	0.10275313933904484
10.0	0.1027999442372577
10.1	0.10290341811335697
10.2	0.1030056356528483
10.3	0.10306854849402537
10.4	0.10308525451976816
10.5	0.10307126989949904
10.6	0.10304607221322364
10.7	0.1030195565737783
10.8	0.10299119888861756
10.9	0.10295842854719572
11.0	0.10292551294473597
11.1	0.10290546506333745
11.2	0.10291296396664587
11.3	0.10295292364525904
11.4	0.10301310814726082
11.5	0.10306737475505405
11.6	0.10308876289062598
11.7	0.10306458937298633
11.8	0.10300454699976859
11.9	0.10293683992663968
12.0	0.10289400351840479
12.1	0.10289596062764648
12.2	0.1029397958783762
12.3	0.10300203161498692
12.4	0.10305167523700268
12.5	0.10306631952543843
12.6	0.10304264697156314
12.7	0.10299634687087826
12.8	0.10295233048996479
12.9	0.10293115736088415
13.0	0.10293921542453915
13.1	0.10296752041556956
13.2	0.1029986718471248
13.3	0.10301711014408113
13.4	0.1030167665538945
13.5	0.10300242326530841
13.6	0.10298500186750001
13.7	0.10297433706455941
13.8	0.10297394739788132
13.9	0.10298048148565449
14.0	0.1029873222912437
14.1	0.102989470739316
14.2	0.10298653529947596
14.3	0.10298223842799732
14.4	0.10298118634590805
14.5	0.10298531369877513
14.6	0.10299243132589263
14.7	0.10299773436019072
14.8	0.10299711345091651
14.9	0.10299001906378187
15.0	0.10298003034627422
15.1	0.10297278549251876
15.2	0.10297258242291775
15.3	0.10297976507895147
15.4	0.10299048778811937
15.5	0.10299895035249712
15.6	0.10300070932124858
15.7	0.10299510817197062
15.8	0.1029854791039414
15.9	0.10297711011218787
16.0	0.1029742427491834
16.1	0.10297784931272018
16.2	0.1029853840264787
16.3	0.10299248907087948
16.4	0.10299553084918452
16.5	0.10299348028997793
16.6	0.10298816106693894
16.7	0.10298289786413284
16.8	0.1029804938316499
16.9	0.10298175208356192
17.0	0.10298531466059994
17.1	0.10298874833239562
17.2	0.10299009828034121
17.3	0.10298895447056244
17.4	0.10298646997474059
17.5	0.1029844465465714
17.6	0.10298414177100301
17.7	0.10298554968846559
17.8	0.10298754284666659
17.9	0.10298870058464478
18.0	0.1029882472872213
18.1	0.10298651046683086
18.2	0.10298465187266642
18.3	0.10298388895129183
18.4	0.10298472160815723
18.5	0.10298664219312044
18.6	0.10298848014894779
18.7	0.10298913651352695
18.8	0.102988243018867
18.9	0.10298635428717116
19.0	0.10298458342980725
19.1	0.10298392704757493
19.2	0.10298469484519694
19.3	0.10298637180808215
19.4	0.10298796533133586
19.5	0.1029886025880201
19.6	0.10298801519539838
19.7	0.1029866411755021
19.8	0.10298531631672192
19.9	0.10298476611778667
20.0	0.10298520699751103
20.1	0.10298627568963507
20.2	0.10298729648606957
20.3	0.10298769993814416
20.4	0.1029873368831791
20.5	0.10298651694595443
20.6	0.10298577706415324
20.7	0.10298554229281963
20.8	0.10298588841681042
20.9	0.10298653568680026
21.0	0.10298705409725584
21.1	0.10298713742006184
21.2	0.10298677611848277
21.3	0.10298623529551221
21.4	0.10298586863074248
21.5	0.10298589462747189
21.6	0.10298627326410546
21.7	0.102986749307423
21.8	0.10298702301121081
21.9	0.10298693557562814
22.0	0.10298655664045639
22.1	0.10298612827660623
22.2	0.10298590912555926
22.3	0.10298601880967077
22.4	0.10298637537046575
22.5	0.10298675645556357
22.6	0.10298693931127481
22.7	0.10298683131461664
22.8	0.10298651491141084
22.9	0.10298618690945156
23.0	0.10298603564886416
23.1	0.1029861326467232
23.2	0.10298640081110405
23.3	0.10298667153473186
23.4	0.10298679002900464
23.5	0.10298670349185597
23.6	0.10298648227481279
23.7	0.10298626760484829
23.8	0.10298618287275661
23.9	0.10298626355348016
24.0	0.10298644503583129
24.1	0.10298661018366431
24.2	0.10298666323213425
24.3	0.10298658416025915
24.4	0.10298643330293046
24.5	0.10298630800862862
24.6	0.10298628130423224
24.7	0.10298636052278987
24.8	0.10298648869781896
24.9	0.10298658418194108
25.0	0.10298659164485187
25.1	0.10298651312148761
25.2	0.10298640225861633
25.3	0.10298632817926685
25.4	0.10298633293126568
25.5	0.10298640837351253
25.6	0.1029865047357674
25.7	0.1029865633003891
25.8	0.10298655193277655
25.9	0.10298648217022191
26.0	0.10298639917143984
26.1	0.10298635256658698
26.2	0.10298636690431927
26.3	0.10298642915644807
26.4	0.10298649929618824
26.5	0.10298653589078996
26.6	0.10298652045990384
26.7	0.10298646639444319
26.8	0.10298640846696279
26.9	0.10298638069589648
27.0	0.10298639652413055
27.1	0.10298644274598627
27.2	0.10298648957619345
27.3	0.102986509566276
27.4	0.10298649349590358
27.5	0.10298645416197753
27.6	0.10298641688732761
27.7	0.1029864034896373
27.8	0.10298641972352009
27.9	0.10298645329986074
28.0	0.10298648273651706
28.1	0.10298649087882143
28.2	0.10298647469677326
28.3	0.10298644588027564
28.4	0.10298642265934987
28.5	0.10298641843162011
28.6	0.10298643420152484
28.7	0.10298645899517136
28.8	0.10298647734688787
28.9	0.10298647884102141
29.0	0.10298646388812309
29.1	0.10298644262061171
29.2	0.10298642811932361
29.3	0.10298642843757094
29.4	0.10298644223758155
29.5	0.10298646032735538
29.6	0.10298647171330329
29.7	0.10298647022907804
29.8	0.10298645778153648
29.9	0.10298644257375128
30.0	0.1029864337625113
30.1	0.10298643599115444
30.2	0.10298644702982228
30.3	0.10298645965726953
30.4	0.10298646632465891
30.5	0.10298646362348747
30.6	0.10298645394248823
30.7	0.10298644357258176
30.8	0.10298643867367901
30.9	0.10298644165884456
31.0	0.10298645009122312
31.1	0.10298645853218778
31.2	0.10298646200247953
31.3	0.10298645887957626
31.4	0.10298645157007322
31.5	0.10298644474789857
31.6	0.10298644240318407
31.7	0.10298644554353464
31.8	0.10298645185013428
31.9	0.10298645732751309
32.0	0.10298645880538072
32.1	0.10298645574345372
32.2	0.10298645033119222
32.3	0.10298644596584787
32.4	0.10298644514338091
32.5	0.10298644805737772
32.6	0.1029864526752896
32.7	0.10298645612438505
32.8	0.1029864564598442
32.9	0.10298645373837638
33.0	0.102986449820171
33.1	0.10298644712101197
33.2	0.10298644713853372
33.3	0.10298644964196106
33.4	0.10298645294967707
33.5	0.1029864550412478
33.6	0.10298645477870565
33.7	0.10298645250676564
33.8	0.10298644972860782
33.9	0.10298644812428483
34.0	0.10298644854511331
34.1	0.10298645057923618
34.2	0.10298645289776748
34.3	0.1029864541130584
34.4	0.10298645360094034
34.5	0.10298645180513667
34.6	0.10298644988747889
34.7	0.10298644898435412
34.8	0.10298644954018579
34.9	0.10298645110423978
35.0	0.10298645267152207
35.1	0.10298645332123835
35.2	0.10298645275155538
35.3	0.10298645140429796
35.4	0.10298645014082994
35.5	0.1029864496982752
35.6	0.1029864502654394
35.7	0.10298645141851019
35.8	0.10298645242404963
35.9	0.1029864526990953
36.0	0.10298645214330561
36.1	0.10298645115754759
36.2	0.10298645036417979
36.3	0.10298645021955748
36.4	0.10298645075700313
36.5	0.10298645160169319
36.6	0.10298645222623745
36.7	0.10298645227588309
36.8	0.10298645176520696
36.9	0.10298645104017995
37.0	0.10298645054708687
37.1	0.10298645056049109
37.2	0.10298645103435528
37.3	0.10298645165441983
37.4	0.1029864520446649
37.5	0.10298645199369556
37.6	0.10298645156598978
37.7	0.10298645104179285
37.8	0.10298645073506263
37.9	0.10298645080657533
38.0	0.10298645118248831
38.1	0.10298645161740173
38.2	0.10298645185276817
38.3	0.10298645176945595
38.4	0.10298645144536267
38.5	0.10298645109230253
38.6	0.10298645091976263
38.7	0.10298645101195462
38.8	0.1029864512895159
38.9	0.10298645157097104
39.0	0.1029864516891017
39.1	0.10298645158865295
39.2	0.1029864513492998
39.3	0.10298645112653042
39.4	0.10298645105266149
39.5	0.10298645115988676
39.6	0.10298645136931717
39.7	0.10298645154701998
39.8	0.10298645158835149
39.9	0.10298645147812507
40.0	0.1029864512928832
40.1	0.1029864511484438
40.2	0.10298645112813284
40.3	0.10298645123573437
40.4	0.10298645139911565
40.5	0.10298645151841093
40.6	0.1029864515268881
40.7	0.10298645142762389
40.8	0.10298645128633557
40.9	0.10298645118803917
41.0	0.10298645118591755
41.1	0.10298645127299556
41.2	0.10298645139128738
41.3	0.1029864514699412
41.4	0.10298645146753899
41.5	0.10298645139351541
41.6	0.10298645129792755
41.7	0.10298645123842934
41.8	0.1029864512458386
41.9	0.10298645130866185
42.0	0.10298645138394659
42.1	0.10298645142567
42.2	0.10298645141232461
42.3	0.10298645135742734
42.4	0.10298645129822702
42.5	0.10298645127125686
42.6	0.10298645129040421
42.7	0.10298645134039576
42.8	0.10298645138832727
42.9	0.10298645140483836
43.0	0.1029864513816253
43.1	0.10298645133498285
43.2	0.10298645129435914
43.3	0.10298645128387976
43.4	0.10298645130829046
43.5	0.10298645135137398
43.6	0.10298645138690336
43.7	0.10298645139468703
43.8	0.10298645137196832
43.9	0.10298645133379163
44.0	0.10298645130296447
44.1	0.10298645129631095
44.2	0.10298645131549257
44.3	0.10298645134734634
44.4	0.10298645137277501
44.5	0.10298645137821105
44.6	0.10298645136286394
44.7	0.10298645133785826
44.8	0.10298645131857918
44.9	0.10298645131531987
45.0	0.10298645132786338
45.1	0.10298645134675247
45.2	0.10298645135992424
45.3	0.10298645136013507
45.4	0.10298645134882302
45.5	0.10298645133432965
45.6	0.10298645132617663
45.7	0.10298645132908202
45.8	0.10298645134044367
45.9	0.10298645135248712
46.0	0.10298645135743517
46.1	0.10298645135229799
46.2	0.1029864513405024
46.3	0.10298645132944809
46.4	0.10298645132585904
46.5	0.10298645133175498
46.6	0.10298645134346478
46.7	0.10298645135405622
46.8	0.10298645135753647
46.9	0.10298645135227454
47.0	0.10298645134167111
47.1	0.10298645133188573
47.2	0.10298645132817918
47.3	0.1029864513320148
47.4	0.1029864513405943
47.5	0.10298645134881167
47.6	0.10298645135231685
47.7	0.10298645134988121
47.8	0.10298645134367565
47.9	0.10298645133765338
48.0	0.10298645133508355
48.1	0.10298645133677586
48.2	0.10298645134095905
48.3	0.1029864513446973
48.4	0.10298645134578252
48.5	0.10298645134400368
48.6	0.10298645134100741
48.7	0.10298645133904788
48.8	0.10298645133947465
48.9	0.10298645134191091
49.0	0.10298645134460917
49.1	0.10298645134565491
49.2	0.10298645134420774
49.3	0.10298645134105561
49.4	0.10298645133808566
49.5	0.10298645133713816
49.6	0.10298645133884049
49.7	0.102986451342291
49.8	0.1029864513455841
49.9	0.10298645134692001
50.0	0.10298645134563518
50.1	0.10298645134249648
50.2	0.10298645133923316
50.3	0.10298645133752349
50.4	0.10298645133808605
50.5	0.10298645134041068
50.6	0.10298645134313428
50.7	0.10298645134485764
50.8	0.10298645134490114
50.9	0.10298645134353351
51.0	0.10298645134170996
51.1	0.10298645134043055
51.2	0.10298645134019306
51.3	0.10298645134082349
51.4	0.10298645134170925
51.5	0.10298645134225105
51.6	0.10298645134224008
51.7	0.10298645134190389
51.8	0.1029864513416799
51.9	0.10298645134185598
52.0	0.10298645134236514
52.1	0.10298645134283141
52.2	0.10298645134284456
52.3	0.10298645134223929
52.4	0.10298645134126373
52.5	0.10298645134043796
52.6	0.10298645134026
52.7	0.10298645134089567
52.8	0.10298645134206859
52.9	0.10298645134319889
53.0	0.10298645134371323
53.1	0.10298645134337245
53.2	0.1029864513423461
53.3	0.1029864513411646
53.4	0.10298645134038213
53.5	0.10298645134033263
53.6	0.10298645134095967
53.7	0.10298645134190947
53.8	0.1029864513427111
53.9	0.10298645134303985
54.0	0.10298645134284293
54.1	0.10298645134231621
54.2	0.10298645134176261
54.3	0.10298645134138618
54.4	0.10298645134129532
54.5	0.10298645134140462
54.6	0.10298645134158714
54.7	0.10298645134176566
54.8	0.10298645134190637
54.9	0.10298645134204466
55.0	0.10298645134219972
55.1	0.1029864513423294
55.2	0.10298645134234767
55.3	0.10298645134219148
55.4	0.10298645134186662
55.5	0.10298645134148622
55.6	0.10298645134122124
55.7	0.10298645134121708
55.8	0.10298645134149739
55.9	0.1029864513419676
56.0	0.1029864513424141
56.1	0.10298645134263937
56.2	0.102986451342541
56.3	0.10298645134217252
56.4	0.10298645134169834
56.5	0.10298645134132645
56.6	0.10298645134120651
56.7	0.10298645134136743
56.8	0.10298645134171529
56.9	0.1029864513420859
57.0	0.1029864513423303
57.1	0.10298645134237973
57.2	0.10298645134225057
57.3	0.10298645134201631
57.4	0.10298645134178012
57.5	0.10298645134161263
57.6	0.10298645134154977
57.7	0.10298645134158753
57.8	0.10298645134170178
57.9	0.10298645134184926
58.0	0.10298645134200281
58.1	0.10298645134212416
58.2	0.10298645134218475
58.3	0.10298645134215317
58.4	0.10298645134202974
58.5	0.10298645134184191
58.6	0.1029864513416582
58.7	0.10298645134154429
58.8	0.1029864513415607
58.9	0.1029864513416969
59.0	0.10298645134191192
59.1	0.10298645134211411
59.2	0.10298645134222831
59.3	0.10298645134220633
59.4	0.10298645134205837
59.5	0.1029864513418515
59.6	0.10298645134166398
59.7	0.10298645134157455
59.8	0.10298645134160038
59.9	0.10298645134173487
60.0	0.10298645134191103
60.1	0.10298645134206183
60.2	0.10298645134213721
60.3	0.10298645134211357
60.4	0.10298645134202107
60.5	0.1029864513418909
60.6	0.10298645134177756
60.7	0.10298645134169984
60.8	0.10298645134168928
60.9	0.10298645134173989
61.0	0.10298645134182931
61.1	0.10298645134193954
61.2	0.10298645134202179
61.3	0.10298645134206501
61.4	0.10298645134204741
61.5	0.10298645134196933
61.6	0.10298645134186914
61.7	0.10298645134177051
61.8	0.10298645134170718
61.9	0.1029864513417129
62.0	0.10298645134177699
62.1	0.1029864513418819
62.2	0.10298645134198442
62.3	0.10298645134205253
62.4	0.10298645134205411
62.5	0.1029864513419878
62.6	0.1029864513418962
62.7	0.10298645134179732
62.8	0.10298645134174064
62.9	0.102986451341734
63.0	0.10298645134178455
63.1	0.10298645134186236
63.2	0.10298645134194956
63.3	0.10298645134200557
63.4	0.10298645134201681
63.5	0.1029864513419787
63.6	0.10298645134191543
63.7	0.10298645134184309
63.8	0.10298645134179084
63.9	0.10298645134176834
64.0	0.1029864513417881
64.1	0.10298645134183827
64.2	0.10298645134189878
64.3	0.10298645134195511
64.4	0.10298645134198181
64.5	0.1029864513419784
64.6	0.10298645134194384
64.7	0.10298645134188596
64.8	0.10298645134182871
64.9	0.1029864513417904
65.0	0.10298645134179012
65.1	0.10298645134181858
65.2	0.10298645134187023
65.3	0.1029864513419246
65.4	0.10298645134196299
65.5	0.1029864513419701
65.6	0.10298645134194433
65.7	0.10298645134190394
65.8	0.1029864513418526
65.9	0.10298645134181582
66.0	0.10298645134180087
66.1	0.10298645134182251
66.2	0.10298645134185838
66.3	0.1029864513419033
66.4	0.10298645134194015
66.5	0.10298645134195196
66.6	0.10298645134194437
66.7	0.10298645134191552
66.8	0.10298645134187832
66.9	0.1029864513418399
67.0	0.10298645134182131
67.1	0.10298645134182968
67.2	0.10298645134184838
67.3	0.10298645134188351
67.4	0.10298645134191411
67.5	0.10298645134193578
67.6	0.1029864513419363
67.7	0.1029864513419197
67.8	0.10298645134189062
67.9	0.1029864513418598
68.0	0.10298645134183938
68.1	0.10298645134183278
68.2	0.10298645134184865
68.3	0.10298645134187061
68.4	0.10298645134190008
68.5	0.10298645134192122
68.6	0.10298645134193198
68.7	0.1029864513419236
68.8	0.1029864513419022
68.9	0.10298645134187644
69.0	0.10298645134185212
69.1	0.10298645134184224
69.2	0.10298645134184237
69.3	0.1029864513418657
69.4	0.1029864513418869
69.5	0.10298645134190754
69.6	0.10298645134191865
69.7	0.1029864513419152
69.8	0.10298645134190654
69.9	0.1029864513418865
70.0	0.10298645134186772
70.1	0.1029864513418529
70.2	0.1029864513418525
70.3	0.10298645134186231
70.4	0.10298645134188048
70.5	0.1029864513418958
70.6	0.10298645134191048
70.7	0.10298645134191364
70.8	0.10298645134190315
70.9	0.10298645134189198
71.0	0.10298645134187533
71.1	0.10298645134185858
71.2	0.10298645134185744
71.3	0.10298645134185529
71.4	0.1029864513418746
71.5	0.10298645134188564
71.6	0.10298645134190483
71.7	0.10298645134190905
71.8	0.10298645134190557
71.9	0.10298645134189476
72.0	0.10298645134188196
72.1	0.1029864513418694
72.2	0.10298645134186184
72.3	0.10298645134186127
72.4	0.10298645134187327
72.5	0.10298645134188274
72.6	0.10298645134189212
72.7	0.10298645134190268
72.8	0.10298645134190298
72.9	0.10298645134189686
73.0	0.10298645134188565
73.1	0.10298645134187476
73.2	0.10298645134186718
73.3	0.10298645134186993
73.4	0.10298645134186843
73.5	0.10298645134188048
73.6	0.10298645134188973
73.7	0.10298645134189638
73.8	0.10298645134189927
73.9	0.10298645134189406
74.0	0.10298645134188968
74.1	0.1029864513418812
74.2	0.1029864513418743
74.3	0.10298645134186914
74.4	0.10298645134187409
74.5	0.10298645134187778
74.6	0.10298645134187949
74.7	0.10298645134189098
74.8	0.10298645134189306
74.9	0.10298645134189768
75.0	0.10298645134189185
75.1	0.10298645134188462
75.2	0.1029864513418777
75.3	0.10298645134187093
75.4	0.10298645134187542
75.5	0.1029864513418762
75.6	0.10298645134187963
75.7	0.10298645134188766
75.8	0.10298645134189768
75.9	0.1029864513418948
76.0	0.10298645134189297
76.1	0.10298645134188573
76.2	0.10298645134187681
76.3	0.10298645134187781
76.4	0.10298645134187293
76.5	0.10298645134187623
76.6	0.10298645134188007
76.7	0.10298645134188858
76.8	0.1029864513418899
76.9	0.10298645134188986
77.0	0.10298645134189222
77.1	0.10298645134188797
77.2	0.10298645134188485
77.3	0.10298645134187993
77.4	0.1029864513418751
77.5	0.10298645134187646
77.6	0.10298645134187821
77.7	0.10298645134188275
77.8	0.10298645134188847
77.9	0.10298645134189027
78.0	0.10298645134189387
78.1	0.10298645134188919
78.2	0.1029864513418827
78.3	0.10298645134187895
78.4	0.10298645134187479
78.5	0.10298645134187528
78.6	0.10298645134188254
78.7	0.10298645134188426
78.8	0.10298645134188653
78.9	0.10298645134188907
79.0	0.1029864513418895
79.1	0.10298645134188589
79.2	0.10298645134188587
79.3	0.10298645134188267
79.4	0.10298645134188224
79.5	0.10298645134188096
79.6	0.10298645134188025
79.7	0.10298645134188199
79.8	0.10298645134188451
79.9	0.10298645134188553
80.0	0.10298645134188725
