0.0 	 0.0 
0.1 	 0.03711287749836573 
0.2 	 0.10417367715422764 
0.3 	 0.16985216349644414 
0.4 	 0.22200615954603978 
0.5 	 0.25903411608490723 
0.6 	 0.28316320581710325 
0.7 	 0.297078991668232 
0.8 	 0.302867745537828 
0.9 	 0.30190352680241245 
1.0 	 0.295005944999878 
1.1 	 0.2826714631982009 
1.2 	 0.2653500217693279 
1.3 	 0.24387180197652164 
1.4 	 0.21995190512327772 
1.5 	 0.19651641090968772 
1.6 	 0.17732603160225358 
1.7 	 0.1654951525567399 
1.8 	 0.16176335323858784 
1.9 	 0.16426816780962353 
2.0 	 0.16998301355819426 
2.1 	 0.17629005665165923 
2.2 	 0.18166345156501193 
2.3 	 0.18561030223202968 
2.4 	 0.18833540444076058 
2.5 	 0.19038986557859833 
2.6 	 0.19238073092736202 
2.7 	 0.19476603108018786 
2.8 	 0.1977573172477622 
2.9 	 0.2013013780861424 
3.0 	 0.2051132654081646 
3.1 	 0.20875648469654956 
3.2 	 0.2117482629476874 
3.3 	 0.213686556966462 
3.4 	 0.21443909878924503 
3.5 	 0.21442618609239578 
3.6 	 0.2150573140335255 
3.7 	 0.21933813924723847 
3.8 	 0.2325557421483314 
3.9 	 0.26316342255514646 
4.0 	 0.32685330225041503 
4.1 	 0.4714772120842504 
4.2 	 0.9064886996302195 
4.3 	 1.4743823870166013 
4.4 	 1.2582466863337314 
4.5 	 1.1432125403644025 
4.6 	 1.0638433494466195 
4.7 	 0.990070774226921 
4.8 	 0.9186815893780362 
4.9 	 0.851937057838333 
5.0 	 0.7923189279024039 
5.1 	 0.7411158531076361 
5.2 	 0.6983832374065547 
5.3 	 0.6633463191245939 
5.4 	 0.6348334784718337 
5.5 	 0.6115997585212559 
5.6 	 0.5924981151078473 
5.7 	 0.5765656888163747 
5.8 	 0.5630991451722754 
5.9 	 0.5515586251571107 
6.0 	 0.5414105824725459 
6.1 	 0.5322760959948912 
6.2 	 0.5238831018117764 
6.3 	 0.5160362812267765 
6.4 	 0.5085964391932779 
6.5 	 0.5014740348097035 
6.6 	 0.4946222235801495 
6.7 	 0.48803385805368915 
6.8 	 0.48173680717706835 
6.9 	 0.4757859087355636 
7.0 	 0.47025183560461037 
7.1 	 0.46520851091092075 
7.2 	 0.4607220943536197 
7.3 	 0.45684263235054995 
7.4 	 0.45359936701347653 
7.5 	 0.4509991809019505 
7.6 	 0.44902746453845827 
7.7 	 0.44765105332688954 
7.8 	 0.4468208886154026 
7.9 	 0.4464765680518755 
8.0 	 0.4465501753600293 
8.1 	 0.44696988160521195 
8.2 	 0.44766323352747445 
8.3 	 0.448559725326513 
8.4 	 0.44959295724189524 
8.5 	 0.4507022045008146 
8.6 	 0.4518334195704932 
8.7 	 0.45293979111388283 
8.8 	 0.4539752846259861 
8.9 	 0.45491389381527575 
9.0 	 0.45574059161116715 
9.1 	 0.45643254097026403 
9.2 	 0.45697758707651565 
9.3 	 0.4573694298964979 
9.4 	 0.4576074269135836 
9.5 	 0.457679205064953 
9.6 	 0.45762123359714263 
9.7 	 0.45742684284598534 
9.8 	 0.4571121308502825 
9.9 	 0.45669462110968195 
10.0 	 0.4561923872169058 
10.1 	 0.45562406729371246 
10.2 	 0.4550077137054702 
10.3 	 0.45436099027936494 
10.4 	 0.4537006758247061 
10.5 	 0.45304239085230635 
10.6 	 0.45240036389406174 
10.7 	 0.45178723854199965 
10.8 	 0.4512139233057236 
10.9 	 0.4506894863775957 
11.0 	 0.45022094009970753 
11.1 	 0.44979455013156994 
11.2 	 0.44947099074331953 
11.3 	 0.44923449298533225 
11.4 	 0.4490874440165802 
11.5 	 0.4490385894639097 
11.6 	 0.44910564504885114 
11.7 	 0.4493217543861578 
11.8 	 0.4497474541684985 
11.9 	 0.45049165729449 
12.0 	 0.4517613238061201 
12.1 	 0.4539292832761896 
12.2 	 0.45750451021154637 
12.3 	 0.46298639188564744 
12.4 	 0.4706494874928728 
12.5 	 0.48024511451621477 
12.6 	 0.4908152301939062 
12.7 	 0.5009024333200807 
12.8 	 0.50905331729998 
12.9 	 0.51426006603246 
13.0 	 0.516194198573861 
13.1 	 0.5151651813866308 
13.2 	 0.5118792733506937 
13.3 	 0.5071660599726391 
13.4 	 0.5017752893086483 
13.5 	 0.49627493217672797 
13.6 	 0.4910328247722887 
13.7 	 0.4862469040038482 
13.8 	 0.4819928693842108 
13.9 	 0.47826989981510665 
14.0 	 0.4750360856647302 
14.1 	 0.4722322860446364 
14.2 	 0.46979638718102545 
14.3 	 0.4676707792067968 
14.4 	 0.4658055515581232 
14.5 	 0.46415923394797387 
14.6 	 0.46269826958591365 
14.7 	 0.461395929683738 
14.8 	 0.4602310660307167 
14.9 	 0.4591869101756197 
15.0 	 0.4582500192151068 
15.1 	 0.4574094065387909 
15.2 	 0.4566558608778151 
15.3 	 0.45598143750020836 
15.4 	 0.4553790955351004 
15.5 	 0.45484245192109346 
15.6 	 0.45436550737803544 
15.7 	 0.4539429935781277 
15.8 	 0.4535697086229254 
15.9 	 0.4532263226944486 
16.0 	 0.4529349711110703 
16.1 	 0.4526823496686176 
16.2 	 0.45246348150313404 
16.3 	 0.4522737324756199 
16.4 	 0.45210926924819006 
16.5 	 0.451950432272721 
16.6 	 0.45182342980029416 
16.7 	 0.4517076685206094 
16.8 	 0.4516033954280789 
16.9 	 0.4515103580609178 
17.0 	 0.4514281967406013 
17.1 	 0.45135583157218806 
17.2 	 0.4512921424882893 
17.3 	 0.45123592390640344 
17.4 	 0.45118598398993587 
17.5 	 0.4511412143946496 
17.6 	 0.45110063322372396 
17.7 	 0.4510634063409308 
17.8 	 0.4510288526431001 
17.9 	 0.45099635524524817 
18.0 	 0.4509656620568964 
18.1 	 0.4509177347147627 
18.2 	 0.45090824852354683 
18.3 	 0.45092061740277434 
18.4 	 0.4509577162608026 
18.5 	 0.4510302196266668 
18.6 	 0.4511591947217777 
18.7 	 0.4513824229711051 
18.8 	 0.4517661593589936 
18.9 	 0.45242578432606373 
19.0 	 0.45357525129143006 
19.1 	 0.45559303418118385 
19.2 	 0.4589870275762604 
19.3 	 0.4642463416697021 
19.4 	 0.4716255404670308 
19.5 	 0.4808548653913176 
19.6 	 0.49097043306164756 
19.7 	 0.5005371225395129 
19.8 	 0.5081503084522618 
19.9 	 0.5128633137174974 
20.0 	 0.5143981385212499 
20.1 	 0.5130922362268775 
20.2 	 0.5096552169654415 
20.3 	 0.5049013555765963 
20.4 	 0.4995555157521788 
20.5 	 0.4941592979544659 
20.6 	 0.48905778045180276 
20.7 	 0.4844317830321922 
20.8 	 0.4803454226594296 
20.9 	 0.47679069108361144 
21.0 	 0.4737215235738511 
21.1 	 0.47107649239852506 
21.2 	 0.46879223548555177 
21.3 	 0.46681041558116665 
21.4 	 0.46508063078654643 
21.5 	 0.46356102092181944 
21.6 	 0.4622176917669935 
21.7 	 0.4610236229018003 
21.8 	 0.4599574302335911 
21.9 	 0.4590021784222545 
22.0 	 0.45814433758333584 
22.1 	 0.4573729212171395 
22.2 	 0.4566788091708178 
22.3 	 0.45605424039397535 
22.4 	 0.45549245015625145 
22.5 	 0.45498742247309826 
22.6 	 0.4545336153546982 
22.7 	 0.4541262942388567 
22.8 	 0.45376087244276164 
22.9 	 0.4534189585792649 
23.0 	 0.4531230210713573 
23.1 	 0.45286057552091874 
23.2 	 0.45262750268008456 
23.3 	 0.45242000972883184 
23.4 	 0.45223509259580613 
23.5 	 0.4520543070510026 
23.6 	 0.4519039022262633 
23.7 	 0.4517644515960382 
23.8 	 0.4516367287711514 
23.9 	 0.45152121295656417 
24.0 	 0.4514178331505233 
24.1 	 0.45132600918483845 
24.2 	 0.45124496077162213 
24.3 	 0.4511737442069478 
24.4 	 0.4511113496130966 
24.5 	 0.45105677144426193 
24.6 	 0.4510090547655632 
24.7 	 0.45096732205730305 
24.8 	 0.4509307856735375 
24.9 	 0.4508986692305378 
25.0 	 0.45087051048537785 
25.1 	 0.450827430110984 
25.2 	 0.4508236374812195 
25.3 	 0.4508426101188502 
25.4 	 0.4508868574395847 
25.5 	 0.45096651666379967 
25.6 	 0.4511018936938424 
25.7 	 0.4513296487628974 
25.8 	 0.45171429959828047 
25.9 	 0.45236842485482065 
26.0 	 0.4535002126569652 
26.1 	 0.4554800134020154 
26.2 	 0.4588126401758353 
26.3 	 0.4639895881903652 
26.4 	 0.47127858579779575 
26.5 	 0.48043405053797267 
26.6 	 0.4905199073996281 
26.7 	 0.5001139841452455 
26.8 	 0.5078050417826675 
26.9 	 0.512626974768849 
27.0 	 0.5142764625454249 
27.1 	 0.5130706577254533 
27.2 	 0.5097082900820684 
27.3 	 0.5050016140747902 
27.4 	 0.49967924436552114 
27.5 	 0.49428896197820144 
27.6 	 0.4891820656231765 
27.7 	 0.48454442572086154 
27.8 	 0.4804437200098944 
27.9 	 0.4768741760766408 
28.0 	 0.47379097754464355 
28.1 	 0.4711332921068337 
28.2 	 0.46883796192536786 
28.3 	 0.4668466415179529 
28.4 	 0.4651088189464613 
28.5 	 0.4635824852618735 
28.6 	 0.4622335918152243 
28.7 	 0.4610349735647344 
28.8 	 0.45996511731854195 
28.9 	 0.459006974776211 
29.0 	 0.4581469174271264 
29.1 	 0.457373871780976 
29.2 	 0.4566786395991389 
29.3 	 0.456053388345754 
29.4 	 0.4554912867251787 
29.5 	 0.4549862560797812 
29.6 	 0.45453269498420135 
29.7 	 0.4541258134415542 
29.8 	 0.45376097255874476 
29.9 	 0.4534197092327911 
30.0 	 0.4531244921545947 
30.1 	 0.45286278356791143 
30.2 	 0.45263042951564486 
30.3 	 0.4524236079160972 
30.4 	 0.45223929172215 
30.5 	 0.45205899101413466 
30.6 	 0.4519089929266191 
30.7 	 0.4517698324130088 
30.8 	 0.4516422842851643 
30.9 	 0.45152683214527894 
31.0 	 0.4514234115010316 
31.1 	 0.45133145030571076 
31.2 	 0.4512501780232288 
31.3 	 0.4511786618523324 
31.4 	 0.45111590366553905 
31.5 	 0.4510609102086998 
31.6 	 0.4510127390737943 
31.7 	 0.4509705252039849 
31.8 	 0.45093349306885777 
31.9 	 0.45090087763920134 
32.0 	 0.4508722276255469 
32.1 	 0.45082863836359066 
32.2 	 0.45082443186341176 
32.3 	 0.4508430613064698 
32.4 	 0.4508870465992674 
32.5 	 0.45096654807403175 
32.6 	 0.4511019116737731 
32.7 	 0.45132986543404896 
32.8 	 0.45171504271567 
32.9 	 0.4523702204694331 
33.0 	 0.4535039493644427 
33.1 	 0.4554872158021413 
33.2 	 0.4588256767326079 
33.3 	 0.46401160517185724 
33.4 	 0.4713131491019215 
33.5 	 0.48048417624891404 
33.6 	 0.49058676010118407 
33.7 	 0.5001965224961721 
33.8 	 0.507900037524048 
33.9 	 0.5127297154865567 
34.0 	 0.514381940182053 
34.1 	 0.513174432599817 
34.2 	 0.509806986545979 
34.3 	 0.5050930598805377 
34.4 	 0.49976235677061837 
34.5 	 0.4943635022992486 
34.6 	 0.48924836285179824 
34.7 	 0.48460313279230277 
34.8 	 0.48049563037429593 
34.9 	 0.4769201027700247 
35.0 	 0.47383168377308094 
35.1 	 0.47116945851371056 
35.2 	 0.4688701770752295 
35.3 	 0.46687540543584444 
35.4 	 0.4651345529240093 
35.5 	 0.46360554381230423 
35.6 	 0.46225427450208895 
35.7 	 0.4610535355893693 
35.8 	 0.45998177843433463 
35.9 	 0.4590219264777214 
36.0 	 0.45816032855923616 
36.1 	 0.4573858928020902 
36.2 	 0.4566894057581555 
36.3 	 0.45606302202128973 
36.4 	 0.4554998991446668 
36.5 	 0.454993948596814 
36.6 	 0.4545395598542036 
36.7 	 0.45413193516309314 
36.8 	 0.45376642804547745 
36.9 	 0.45342454326096976 
37.0 	 0.4531287895364187 
37.1 	 0.4528666072930185 
37.2 	 0.4526338353814823 
37.3 	 0.45242664495099977 
37.4 	 0.452242003453277 
37.5 	 0.4520613875872921 
37.6 	 0.4519111313334947 
37.7 	 0.4517717343277692 
37.8 	 0.45164397232451003 
37.9 	 0.4515283293568274 
38.0 	 0.45142474034834995 
38.1 	 0.451332631781962 
38.2 	 0.4512512313093596 
38.3 	 0.45117960404941876 
38.4 	 0.4511167497110493 
38.5 	 0.4510616729276527 
38.6 	 0.4510134293195175 
38.7 	 0.45097115205136645 
38.8 	 0.45093406403209146 
38.9 	 0.45090139874566126 
39.0 	 0.450872704042073 
39.1 	 0.4508290406092688 
39.2 	 0.4508248301150975 
39.3 	 0.4508434955478553 
39.4 	 0.4508875614433825 
39.5 	 0.4509672065856809 
39.6 	 0.45110281359947846 
39.7 	 0.4513311761960276 
39.8 	 0.4517170422185468 
39.9 	 0.45237338616034284 
40.0 	 0.4535092126472232 
40.1 	 0.45549610504553295 
40.2 	 0.4588396743865008 
40.3 	 0.46403157196574485 
40.4 	 0.4713383317054591 
40.5 	 0.4805113978212411 
40.6 	 0.49061051591721866 
40.7 	 0.5002109213905899 
40.8 	 0.5079009108736336 
40.9 	 0.512715653105709 
41.0 	 0.5143544652734544 
41.1 	 0.5131370362881091 
41.2 	 0.509763851658936 
41.3 	 0.5050480249973724 
41.4 	 0.49971834815862126 
41.5 	 0.4943223965582412 
41.6 	 0.48921112209712125 
41.7 	 0.48457005081300164 
41.8 	 0.4804665802382883 
41.9 	 0.47689473394475934 
42.0 	 0.4738095570668344 
42.1 	 0.4711501274078609 
42.2 	 0.4688532303056966 
42.3 	 0.4668604847721222 
42.4 	 0.46512135664906495 
42.5 	 0.46359382284749756 
42.6 	 0.46224382535904496 
42.7 	 0.46104419248317474 
42.8 	 0.45997340576795104 
42.9 	 0.4590144122619638 
43.0 	 0.45815357897173203 
43.1 	 0.45737982788896914 
43.2 	 0.4566839561731535 
43.3 	 0.45605812664319073 
43.4 	 0.45549550339534883 
43.5 	 0.45499000328741185 
43.6 	 0.4545360205079066 
43.7 	 0.45412876119614887 
43.8 	 0.4537635826337915 
43.9 	 0.45342200587028036 
44.0 	 0.453126519083409 
44.1 	 0.45286457376025546 
44.2 	 0.45263201235170464 
44.3 	 0.4524250093749033 
44.4 	 0.4522405349794365 
44.5 	 0.4520600827005215 
44.6 	 0.4519099625522545 
44.7 	 0.4517706919414629 
44.8 	 0.451643045932775 
44.9 	 0.45152750811193537 
45.0 	 0.4514240134607906 
45.1 	 0.4513319889668627 
45.2 	 0.45125066296347055 
45.3 	 0.4511791013981717 
45.4 	 0.4511163048687377 
45.5 	 0.4510612788945082 
45.6 	 0.451013079937144 
45.7 	 0.4509708419340221 
45.8 	 0.4509337884867414 
45.9 	 0.45090115376553286 
46.0 	 0.4508724860173789 
46.1 	 0.4508288636056489 
46.2 	 0.4508246573334325 
46.3 	 0.45084330563811953 
46.4 	 0.450887330754333 
46.5 	 0.45096690213164936 
46.6 	 0.45110238377801015 
46.7 	 0.4513305360170845 
46.8 	 0.4517160484350793 
46.9 	 0.45237179494431057 
47.0 	 0.45350659627331086 
47.1 	 0.45549171443568515 
47.2 	 0.4588323374837001 
47.3 	 0.4640197325126389 
47.4 	 0.4713202005067217 
47.5 	 0.48048548362782256 
47.6 	 0.4905764077206468 
47.7 	 0.5001693001914039 
47.8 	 0.5078533815863755 
47.9 	 0.5126645664781392 
48.0 	 0.5143022611079683 
48.1 	 0.5130858459889384 
48.2 	 0.5097152809829429 
48.3 	 0.5050031002515132 
48.4 	 0.4996775753468327 
48.5 	 0.4942858787041235 
48.6 	 0.4891786900909402 
48.7 	 0.48454137914933687 
48.8 	 0.48044127476851084 
48.9 	 0.4768723902956808 
49.0 	 0.4737897945957077 
49.1 	 0.4711326055348726 
49.2 	 0.46883765356122964 
49.3 	 0.46684660140965084 
49.4 	 0.4651089541035144 
49.5 	 0.46358272205140333 
49.6 	 0.46223387504233693 
49.7 	 0.4610352640188684 
49.8 	 0.45996538879102145 
49.9 	 0.4590072111006727 
50.0 	 0.45814710983208734 
50.1 	 0.4573740166868804 
50.2 	 0.4566787368940999 
50.3 	 0.45605344011218957 
50.4 	 0.4554912963533524 
50.5 	 0.4549862276877295 
50.6 	 0.4545326330619052 
50.7 	 0.454125722646654 
50.8 	 0.4537608576025517 
50.9 	 0.45341957477785727 
51.0 	 0.45312434284943015 
51.1 	 0.4528626239549445 
51.2 	 0.45263026399657846 
51.3 	 0.45242344068433527 
51.4 	 0.45223912669791705 
51.5 	 0.4520588316377723 
51.6 	 0.45190884249496777 
51.7 	 0.45176969363027725 
51.8 	 0.4516421594003408 
51.9 	 0.451526722924409 
52.0 	 0.4514233192117623 
52.1 	 0.45133137571471965 
52.2 	 0.4512501214093807 
52.3 	 0.45117862303375245 
52.4 	 0.4511158820390256 
52.5 	 0.45106090479893307 
52.6 	 0.45101274858947776 
52.7 	 0.4509705480982555 
52.8 	 0.45093352760146516 
52.9 	 0.4509009219379909 
53.0 	 0.4508722797467484 
53.1 	 0.4508286963033026 
53.2 	 0.45082449378528916 
53.3 	 0.4508431254109349 
53.4 	 0.4508871112216809 
53.5 	 0.4509666117461969 
53.6 	 0.45110197319201095 
53.7 	 0.4513299239525469 
53.8 	 0.45171509789369585 
53.9 	 0.45237027272026664 
54.0 	 0.45350400033406535 
54.1 	 0.4554872691861853 
54.2 	 0.45882573906362917 
54.3 	 0.46401168588467584 
54.4 	 0.4713132593641497 
54.5 	 0.48048432611524067 
54.6 	 0.4905869546900374 
54.7 	 0.5001967593642702 
54.8 	 0.5079003068430267 
54.9 	 0.5127300025849445 
55.0 	 0.5143822291452234 
55.1 	 0.5131747094899793 
55.2 	 0.509807241304789 
55.3 	 0.5050932868271976 
55.4 	 0.4997625540802829 
55.5 	 0.4943636709798375 
55.6 	 0.489248505648018 
55.7 	 0.48460325326956544 
55.8 	 0.480495732271917 
55.9 	 0.4769201896085424 
56.0 	 0.47383175865536253 
56.1 	 0.4711695240538355 
56.2 	 0.46887023540168 
56.3 	 0.4668754582324132 
56.4 	 0.46513460148626146 
56.5 	 0.4636055891073537 
56.6 	 0.46225431722590116 
56.7 	 0.4610535762188604 
56.8 	 0.45998181727353477 
56.9 	 0.4590219636978904 
57.0 	 0.4581603642331628 
57.1 	 0.45738592693298574 
57.2 	 0.45668943830347447 
57.3 	 0.4560630529120085 
57.4 	 0.4554999283005153 
57.5 	 0.4549939759379182 
57.6 	 0.4545395853092157 
57.7 	 0.45413195867668804 
57.8 	 0.45376644958116014 
57.9 	 0.45342456273913734 
58.0 	 0.4531288070185389 
58.1 	 0.45286662282227785 
58.2 	 0.4526338490178644 
58.3 	 0.45242665676971233 
58.4 	 0.4522420135448946 
58.5 	 0.4520613959849545 
58.6 	 0.45191113821043616 
58.7 	 0.4517717397879072 
58.8 	 0.45164397648985777 
58.9 	 0.45152833236252615 
59.0 	 0.45142474233666186 
59.1 	 0.451332632897024 
59.2 	 0.4512512316934586 
59.3 	 0.45117960383984995 
59.4 	 0.4511167490376665 
59.5 	 0.45106167191111 
59.6 	 0.4510134280699674 
59.7 	 0.45097115066756577 
59.8 	 0.45093406260088087 
59.9 	 0.4509013973413608 
60.0 	 0.45087270272748325 
60.1 	 0.45082903935411933 
60.2 	 0.4508248291192349 
60.3 	 0.45084349493025533 
60.4 	 0.45088756132615043 
60.5 	 0.45096720712832083 
60.6 	 0.45110281504447036 
60.7 	 0.45133117894115704 
60.8 	 0.45171704693812276 
60.9 	 0.4523733940107587 
61.0 	 0.4535092256697766 
61.1 	 0.45549612682972207 
61.2 	 0.45883971055606176 
61.3 	 0.4640316299793138 
61.4 	 0.47133841976760465 
61.5 	 0.48051152270535574 
61.6 	 0.4906106803293846 
61.7 	 0.5002111224395714 
61.8 	 0.5079011405532415 
61.9 	 0.5127159002316278 
62.0 	 0.514354717935848 
62.1 	 0.5131372839542482 
62.2 	 0.5097640863913157 
62.3 	 0.5050482417867933 
62.4 	 0.49971854462441856 
62.5 	 0.4943225723276816 
62.6 	 0.4892112781203898 
62.7 	 0.48457018877073715 
62.8 	 0.4804667021048071 
62.9 	 0.4768948417067734 
63.0 	 0.47380965256700097 
63.1 	 0.4711502122750026 
63.2 	 0.4688533059386719 
63.3 	 0.46686055235291557 
63.4 	 0.46512141716933203 
63.5 	 0.46359387713911543 
63.6 	 0.4622438741235803 
63.7 	 0.46104423631781166 
63.8 	 0.4599734451870568 
63.9 	 0.45901444771420996 
64.0 	 0.45815361085329925 
64.1 	 0.4573798565532879 
64.2 	 0.45668398193802534 
64.3 	 0.45605814979589154 
64.4 	 0.45549552419627987 
64.5 	 0.4549900219727513 
64.6 	 0.454536037291218 
64.7 	 0.4541287762714549 
64.8 	 0.4537635961759436 
64.9 	 0.453422017975213 
65.0 	 0.453126529944157 
65.1 	 0.4528645835163381 
65.2 	 0.4526320211250572 
65.3 	 0.45242501727122647 
65.4 	 0.45224054209154846 
65.5 	 0.45206008904114475 
65.6 	 0.45190996824858126 
65.7 	 0.451770697036308 
65.8 	 0.451643050472597 
65.9 	 0.4515275121456845 
66.0 	 0.45142401703751706 
66.1 	 0.45133199213361336 
66.2 	 0.45125066576444905 
66.3 	 0.451179103874022 
66.4 	 0.45111630705627537 
66.5 	 0.4510612808266719 
66.6 	 0.45101308164322274 
66.7 	 0.4509708434399512 
66.8 	 0.45093378981543125 
66.9 	 0.45090115493687477 
67.0 	 0.4508724870495838 
67.1 	 0.4508288644328374 
67.2 	 0.4508246581323095 
67.3 	 0.45084330651185384 
67.4 	 0.4508873318171303 
67.5 	 0.45096690354220514 
67.6 	 0.45110238578372697 
67.7 	 0.45133053902442155 
67.8 	 0.45171605312811336 
67.9 	 0.45237180248637243 
68.0 	 0.45350660870397375 
68.1 	 0.45549173532573084 
68.2 	 0.4588323724190075 
68.3 	 0.4640197889088515 
68.4 	 0.47132028654962344 
68.5 	 0.48048560613434393 
68.6 	 0.49057656952696865 
68.7 	 0.500169498606024 
68.8 	 0.5078536088211253 
68.9 	 0.5126648115286733 
69.0 	 0.5143025121683924 
69.1 	 0.5130860925476126 
69.2 	 0.5097155150581714 
69.3 	 0.5050033167525246 
69.4 	 0.4996777718001802 
69.5 	 0.49428605465114955 
69.6 	 0.48917884641172493 
69.7 	 0.4845415174723085 
69.8 	 0.4804413970317737 
69.9 	 0.4768724984623705 
70.0 	 0.47378989049396436 
70.1 	 0.4711326907851563 
70.2 	 0.4688377295580203 
70.3 	 0.4668466693329749 
70.4 	 0.4651090149444958 
70.5 	 0.4635827766420718 
70.6 	 0.46223392408466524 
70.7 	 0.4610353081104431 
70.8 	 0.4599654284463761 
70.9 	 0.4590072467683735 
71.0 	 0.458147141907859 
71.1 	 0.4573740455234427 
71.2 	 0.4566787628083498 
71.3 	 0.4560534633904408 
71.4 	 0.45549131725510805 
71.5 	 0.45498624644849517 
71.6 	 0.45453264989487085 
71.7 	 0.4541257377458943 
71.8 	 0.45376087114343 
71.9 	 0.45341958685752387 
72.0 	 0.4531243536622377 
72.1 	 0.45286263364236 
72.2 	 0.4526302726829226 
72.3 	 0.45242344847801885 
72.4 	 0.4522391336947676 
72.5 	 0.4520588378537343 
72.6 	 0.45190884806037696 
72.7 	 0.45176969859115224 
72.8 	 0.451642163806198 
72.9 	 0.4515267268270909 
73.0 	 0.4514233226629549 
73.1 	 0.4513313787637862 
73.2 	 0.45125012410248705 
73.3 	 0.4511786254131377 
73.4 	 0.45111588414266857 
73.5 	 0.4510609066605535 
73.6 	 0.45101275023877874 
73.7 	 0.45097054956120525 
73.8 	 0.45093352890067734 
73.9 	 0.45090092309276886 
74.0 	 0.45087228077445085 
74.1 	 0.45082869713719725 
74.2 	 0.45082449460044594 
74.3 	 0.45084312630889956 
74.4 	 0.4508871123149243 
74.5 	 0.4509666131915464 
74.6 	 0.45110197523480244 
74.7 	 0.4513299269968817 
74.8 	 0.4517151026207481 
74.9 	 0.4523702802895957 
75.0 	 0.453504012779485 
75.1 	 0.4554872900702235 
75.2 	 0.45882577396457447 
75.3 	 0.46401174221416724 
75.4 	 0.47131334531220404 
75.5 	 0.4804844485136165 
75.6 	 0.49058711639765873 
75.7 	 0.5001969577127475 
75.8 	 0.507900534059728 
75.9 	 0.5127302476696866 
76.0 	 0.5143824802857516 
76.1 	 0.5131749561615748 
76.2 	 0.5098074755103934 
76.3 	 0.505093503461951 
76.4 	 0.4997627506600776 
76.5 	 0.49436384703929515 
76.6 	 0.4892486620641156 
76.7 	 0.48460339167028615 
76.8 	 0.48049585459666855 
76.9 	 0.4769202978226719 
77.0 	 0.47383185458956734 
77.1 	 0.47116960933112884 
77.2 	 0.4688703114188382 
77.3 	 0.4668755261714498 
77.4 	 0.4651346623399077 
77.5 	 0.46360564370897045 
77.6 	 0.4622543662784687 
77.7 	 0.46105362032067043 
77.8 	 0.4599818569396064 
77.9 	 0.4590219993770771 
78.0 	 0.4581603963213037 
78.1 	 0.45738595578279284 
78.2 	 0.45668946423174683 
78.3 	 0.45606307620490477 
78.4 	 0.4554999492173421 
78.5 	 0.4549939947139831 
78.6 	 0.4545396021575048 
78.7 	 0.45413197379106635 
78.8 	 0.4537664631368208 
78.9 	 0.45342457483302256 
79.0 	 0.45312881784488307 
79.1 	 0.4528666325224337 
79.2 	 0.4526338577160531 
79.3 	 0.45242666457428365 
79.4 	 0.4522420205516171 
79.5 	 0.4520614022097011 
79.6 	 0.4519111437835498 
79.7 	 0.4517717447553882 
79.8 	 0.45164398090127056 
79.9 	 0.45152833626973576 
80.0 	 0.4514247457914331 
