0.0	0.0
0.1	0.12529774772141236
0.2	0.2698897404543169
0.3	0.3599615112886646
0.4	0.4150251766745859
0.5	0.45188829452024903
0.6	0.47858209610442826
0.7	0.4986023939940006
0.8	0.5133301087644286
0.9	0.5230032882533321
1.0	0.5271424251596661
1.1	0.5248956594626609
1.2	0.5157272908384735
1.3	0.5007298028200675
1.4	0.48385509334014176
1.5	0.47089004388870637
1.6	0.4656590523923285
1.7	0.46758465223280266
1.8	0.47339754888423186
1.9	0.480989687458157
2.0	0.49779864570892024
2.1	0.616485642037064
2.2	1.2813748266062943
2.3	0.9950156862513337
2.4	0.7543849419878313
2.5	0.7055292600682008
2.6	0.6794390944167011
2.7	0.6602856220096635
2.8	0.645627381132267
2.9	0.6343238428616557
3.0	0.6256196704246669
3.1	0.6189695761341744
3.2	0.613954916855519
3.3	0.6102529299197559
3.4	0.6076182593024416
3.5	0.6058371553775654
3.6	0.6047401183473913
3.7	0.6041892722256456
3.8	0.6040699564473722
3.9	0.6042844974424696
4.0	0.604755344304957
4.1	0.6054125408471289
4.2	0.6062032284735546
4.3	0.607078471050565
4.4	0.6079998543706872
4.5	0.6089364779043259
4.6	0.6098638844547094
4.7	0.6107606062868886
4.8	0.611618379493956
4.9	0.6124209819279655
5.0	0.6131671259566829
5.1	0.613849810176525
5.2	0.6144667470460518
5.3	0.6150175441517268
5.4	0.615504406361127
5.5	0.6159289690869284
5.6	0.6162944835511163
5.7	0.6166047556967804
5.8	0.6168639567126029
5.9	0.6170764666860068
6.0	0.6172467472195877
6.1	0.617379239086763
6.2	0.6174782813459556
6.3	0.6175480487196574
6.4	0.6175925044346605
6.5	0.617615366087684
6.6	0.6176200824356102
6.7	0.6176098193037903
6.8	0.6175874530610908
6.9	0.6175555703277882
7.0	0.6175164727658603
7.1	0.6174721859567415
7.2	0.6174244715027837
7.3	0.617374841600248
7.4	0.6173245754285474
7.5	0.617274736784467
7.6	0.6172261924657586
7.7	0.6171796309759483
7.8	0.6171355811846572
7.9	0.6170944306350572
8.0	0.6170564432431997
8.1	0.6170217761830938
8.2	0.6169904957969697
8.3	0.6169625924115568
8.4	0.6169379939788245
8.5	0.6169165784929714
8.6	0.6168981851653738
8.7	0.6168826243638823
8.8	0.6168696863451733
8.9	0.6168591488253785
9.0	0.6168507834491843
9.1	0.6168443612274739
9.2	0.6168396570212106
9.3	0.6168364531543272
9.4	0.6168345422402877
9.5	0.616833729307666
9.6	0.6168338333084745
9.7	0.6168346880899532
9.8	0.6168361429070935
9.9	0.6168380625479235
10.0	0.6168403271384207
10.1	0.6168428316882071
10.2	0.616845485432247
10.3	0.616848211017752
10.4	0.6168509435798519
10.5	0.6168536297435929
10.6	0.6168562265849252
10.7	0.6168587005777718
10.8	0.616861026550169
10.9	0.6168631866675822
11.0	0.6168651694582736
11.1	0.6168669688918379
11.2	0.6168685835187736
11.3	0.6168700156770114
11.4	0.6168712707681215
11.5	0.6168723566049088
11.6	0.616873282829997
11.7	0.6168740604034859
11.8	0.6168747011574475
11.9	0.6168752174136751
12.0	0.6168756216605976
12.1	0.6168759262848541
12.2	0.6168761433530846
12.3	0.6168762844388036
12.4	0.6168763604898375
12.5	0.6168763817314515
12.6	0.6168763576006961
12.7	0.6168762967074656
12.8	0.6168762068184139
12.9	0.6168760948599358
13.0	0.6168759669365352
13.1	0.6168758283616758
13.2	0.6168756836981532
13.3	0.6168755368057
13.4	0.6168753908934025
13.5	0.6168752485750991
13.6	0.616875111926303
13.7	0.616874982541182
13.8	0.6168748615885317
13.9	0.6168747498657434
14.0	0.616874647850339
14.1	0.6168745557482512
14.2	0.6168744735387153
14.3	0.6168744010153399
14.4	0.6168743378234411
14.5	0.6168742834935085
14.6	0.616874237470805
14.7	0.6168741991413117
14.8	0.616874167854121
14.9	0.616874142940582
15.0	0.6168741237302462
15.1	0.6168741095640458
15.2	0.616874099804914
15.3	0.6168740938460037
15.4	0.6168740911168621
15.5	0.6168740910878253
15.6	0.6168740932728488
15.7	0.6168740972309745
15.8	0.6168741025666435
15.9	0.6168741089291263
16.0	0.6168741160112061
16.1	0.6168741235471722
16.2	0.6168741313105137
16.3	0.6168741391111552
16.4	0.6168741467925833
16.5	0.6168741542287917
16.6	0.6168741613211637
16.7	0.6168741679954804
16.8	0.6168741741989291
16.9	0.6168741798972889
17.0	0.616874185072186
17.1	0.6168741897186265
17.2	0.6168741938426865
17.3	0.6168741974593643
17.4	0.6168742005907396
17.5	0.6168742032642021
17.6	0.6168742055110333
17.7	0.6168742073650353
17.8	0.6168742088615222
17.9	0.6168742100362485
18.0	0.6168742109247447
18.1	0.6168742115616468
18.2	0.6168742119801318
18.3	0.6168742122116219
18.4	0.6168742122854486
18.5	0.6168742122286959
18.6	0.616874212066069
18.7	0.6168742118198528
18.8	0.6168742115098902
18.9	0.6168742111536807
19.0	0.6168742107664651
19.1	0.6168742103613262
19.2	0.6168742099493173
19.3	0.6168742095396139
19.4	0.6168742091396965
19.5	0.6168742087555268
19.6	0.616874208391669
19.7	0.6168742080514649
19.8	0.6168742077371998
19.9	0.6168742074502488
20.0	0.6168742071911991
20.1	0.6168742069600368
20.2	0.616874206756153
20.3	0.6168742065785514
20.4	0.6168742064259062
20.5	0.6168742062966389
20.6	0.6168742061890193
20.7	0.6168742061012128
20.8	0.6168742060313254
20.9	0.6168742059774519
21.0	0.6168742059377478
21.1	0.616874205910411
21.2	0.6168742058937368
21.3	0.6168742058861203
21.4	0.6168742058860416
21.5	0.6168742058921661
21.6	0.6168742059032163
21.7	0.6168742059180877
21.8	0.616874205935807
21.9	0.6168742059555433
22.0	0.6168742059765303
22.1	0.6168742059981396
22.2	0.6168742060198423
22.3	0.6168742060411988
22.4	0.616874206061835
22.5	0.6168742060815031
22.6	0.6168742060999934
22.7	0.6168742061171577
22.8	0.6168742061329197
22.9	0.6168742061472017
23.0	0.6168742061600009
23.1	0.6168742061713507
23.2	0.6168742061812802
23.3	0.6168742061898622
23.4	0.6168742061971798
23.5	0.616874206203317
23.6	0.6168742062083736
23.7	0.6168742062124506
23.8	0.6168742062156346
23.9	0.6168742062180324
24.0	0.6168742062197327
24.1	0.6168742062208442
24.2	0.6168742062214273
24.3	0.6168742062215833
24.4	0.6168742062213932
24.5	0.6168742062208977
24.6	0.6168742062201914
24.7	0.616874206219306
24.8	0.6168742062183001
24.9	0.6168742062172218
25.0	0.6168742062160948
25.1	0.6168742062149443
25.2	0.6168742062138175
25.3	0.6168742062127206
25.4	0.6168742062116538
25.5	0.616874206210651
25.6	0.6168742062097189
25.7	0.6168742062088657
25.8	0.6168742062080956
25.9	0.6168742062073923
26.0	0.6168742062067677
26.1	0.6168742062062171
26.2	0.6168742062057306
26.3	0.6168742062053115
26.4	0.6168742062049687
26.5	0.6168742062046905
26.6	0.6168742062044748
26.7	0.616874206204304
26.8	0.6168742062041683
26.9	0.6168742062040663
27.0	0.616874206203996
27.1	0.616874206203956
27.2	0.6168742062039362
27.3	0.6168742062039234
27.4	0.616874206203942
27.5	0.6168742062039793
27.6	0.6168742062040126
27.7	0.6168742062040493
27.8	0.6168742062041042
27.9	0.6168742062041749
28.0	0.6168742062042525
28.1	0.6168742062043252
28.2	0.6168742062043845
28.3	0.6168742062044311
28.4	0.616874206204484
28.5	0.61687420620452
28.6	0.6168742062045383
28.7	0.616874206204556
28.8	0.616874206204586
28.9	0.6168742062046167
29.0	0.6168742062046484
29.1	0.6168742062046654
29.2	0.6168742062046797
29.3	0.6168742062047115
29.4	0.6168742062047509
29.5	0.6168742062047801
29.6	0.6168742062047949
29.7	0.6168742062048099
29.8	0.6168742062048216
29.9	0.6168742062048251
30.0	0.6168742062048322
30.1	0.6168742062048431
30.2	0.6168742062048436
30.3	0.6168742062048531
30.4	0.6168742062048456
30.5	0.6168742062048542
30.6	0.6168742062048577
30.7	0.6168742062048653
30.8	0.6168742062048654
30.9	0.6168742062048578
31.0	0.6168742062048551
31.1	0.6168742062048392
31.2	0.6168742062048151
31.3	0.6168742062048038
31.4	0.6168742062048065
31.5	0.6168742062048008
31.6	0.6168742062048012
31.7	0.6168742062047908
31.8	0.6168742062047924
31.9	0.6168742062048089
32.0	0.6168742062048083
32.1	0.6168742062047952
32.2	0.6168742062047935
32.3	0.6168742062047989
32.4	0.6168742062047876
32.5	0.6168742062047933
32.6	0.6168742062048077
32.7	0.616874206204806
32.8	0.6168742062048039
32.9	0.6168742062048191
33.0	0.61687420620483
33.1	0.6168742062048215
33.2	0.616874206204822
33.3	0.6168742062048219
33.4	0.6168742062048219
33.5	0.6168742062048047
33.6	0.6168742062047884
33.7	0.6168742062047758
33.8	0.6168742062047694
33.9	0.6168742062047652
34.0	0.6168742062047682
34.1	0.6168742062047731
34.2	0.6168742062047705
34.3	0.6168742062047835
34.4	0.6168742062048084
34.5	0.6168742062048129
34.6	0.6168742062047988
34.7	0.6168742062047917
34.8	0.6168742062047888
34.9	0.6168742062047977
35.0	0.6168742062048127
35.1	0.6168742062048113
35.2	0.6168742062048175
35.3	0.6168742062048183
35.4	0.6168742062048305
35.5	0.6168742062048298
35.6	0.6168742062048193
35.7	0.616874206204809
35.8	0.6168742062048072
35.9	0.6168742062048015
36.0	0.616874206204795
36.1	0.6168742062047935
36.2	0.6168742062047833
36.3	0.6168742062047762
36.4	0.6168742062047642
36.5	0.616874206204774
36.6	0.6168742062047694
36.7	0.6168742062047723
36.8	0.6168742062047824
36.9	0.6168742062047866
37.0	0.6168742062047747
37.1	0.6168742062047732
37.2	0.6168742062047716
37.3	0.6168742062047847
37.4	0.6168742062047902
37.5	0.6168742062047938
37.6	0.6168742062047865
37.7	0.616874206204779
37.8	0.6168742062047707
37.9	0.616874206204765
38.0	0.6168742062047697
38.1	0.6168742062047669
38.2	0.6168742062047667
38.3	0.6168742062047685
38.4	0.6168742062047885
38.5	0.6168742062047987
38.6	0.6168742062048171
38.7	0.6168742062048177
38.8	0.6168742062048214
38.9	0.6168742062048147
39.0	0.6168742062048217
39.1	0.6168742062048248
39.2	0.616874206204811
39.3	0.6168742062048027
39.4	0.616874206204795
39.5	0.6168742062047854
39.6	0.6168742062047934
39.7	0.6168742062047899
39.8	0.6168742062047758
39.9	0.6168742062047678
40.0	0.6168742062047662
40.1	0.6168742062047591
40.2	0.616874206204749
40.3	0.6168742062047533
40.4	0.616874206204758
40.5	0.6168742062047623
40.6	0.6168742062047596
40.7	0.6168742062047569
40.8	0.6168742062047544
40.9	0.6168742062047521
41.0	0.6168742062047555
41.1	0.6168742062047549
41.2	0.6168742062047627
41.3	0.616874206204778
41.4	0.6168742062047871
41.5	0.6168742062047954
41.6	0.6168742062048097
41.7	0.6168742062048198
41.8	0.6168742062048146
41.9	0.6168742062048025
42.0	0.6168742062047855
42.1	0.6168742062047761
42.2	0.6168742062047765
42.3	0.6168742062047758
42.4	0.6168742062047835
42.5	0.616874206204779
42.6	0.6168742062047785
42.7	0.6168742062047632
42.8	0.6168742062047762
42.9	0.6168742062047823
43.0	0.6168742062047742
43.1	0.6168742062047837
43.2	0.61687420620479
43.3	0.616874206204808
43.4	0.6168742062048164
43.5	0.6168742062048163
43.6	0.6168742062048207
43.7	0.6168742062048161
43.8	0.6168742062048174
43.9	0.616874206204815
44.0	0.6168742062048117
44.1	0.6168742062048088
44.2	0.6168742062048107
44.3	0.6168742062048073
44.4	0.616874206204802
44.5	0.616874206204807
44.6	0.6168742062048002
44.7	0.616874206204787
44.8	0.616874206204784
44.9	0.6168742062047925
45.0	0.616874206204795
45.1	0.6168742062047908
45.2	0.6168742062047881
45.3	0.6168742062047947
45.4	0.6168742062048035
45.5	0.6168742062048094
45.6	0.6168742062048107
45.7	0.6168742062048207
45.8	0.616874206204825
45.9	0.6168742062048246
46.0	0.6168742062048232
46.1	0.6168742062048153
46.2	0.6168742062048101
46.3	0.6168742062048045
46.4	0.6168742062048095
46.5	0.6168742062048183
46.6	0.616874206204831
46.7	0.6168742062048254
46.8	0.6168742062048156
46.9	0.6168742062048068
47.0	0.6168742062048087
47.1	0.6168742062048009
47.2	0.6168742062048165
47.3	0.6168742062048178
47.4	0.6168742062048127
47.5	0.6168742062048185
47.6	0.6168742062048297
47.7	0.6168742062048352
47.8	0.6168742062048148
47.9	0.6168742062048042
48.0	0.6168742062048103
48.1	0.6168742062048107
48.2	0.6168742062048194
48.3	0.6168742062048184
48.4	0.6168742062048131
48.5	0.6168742062048173
48.6	0.616874206204819
48.7	0.6168742062048159
48.8	0.616874206204829
48.9	0.6168742062048165
49.0	0.6168742062048191
49.1	0.6168742062048052
49.2	0.6168742062048084
49.3	0.6168742062047903
49.4	0.6168742062047771
49.5	0.6168742062047692
49.6	0.6168742062047697
49.7	0.6168742062047827
49.8	0.6168742062047881
49.9	0.6168742062047861
50.0	0.6168742062047821
50.1	0.6168742062047906
50.2	0.6168742062048003
50.3	0.6168742062047939
50.4	0.6168742062047924
50.5	0.6168742062047935
50.6	0.6168742062047882
50.7	0.616874206204783
50.8	0.6168742062047806
50.9	0.6168742062047889
51.0	0.6168742062047966
51.1	0.6168742062047964
51.2	0.6168742062047922
51.3	0.6168742062047932
51.4	0.6168742062048019
51.5	0.6168742062048085
51.6	0.6168742062048197
51.7	0.6168742062048156
51.8	0.6168742062048143
51.9	0.6168742062048123
52.0	0.616874206204822
52.1	0.6168742062048311
52.2	0.6168742062048274
52.3	0.616874206204815
52.4	0.6168742062048118
52.5	0.6168742062048104
52.6	0.6168742062048049
52.7	0.6168742062047884
52.8	0.6168742062047955
52.9	0.6168742062047964
53.0	0.6168742062047919
53.1	0.6168742062047954
53.2	0.6168742062047906
53.3	0.6168742062047825
53.4	0.6168742062047766
53.5	0.6168742062047765
53.6	0.6168742062047721
53.7	0.6168742062047636
53.8	0.6168742062047766
53.9	0.6168742062047783
54.0	0.6168742062047866
54.1	0.6168742062047792
54.2	0.6168742062047922
54.3	0.6168742062048075
54.4	0.6168742062048094
54.5	0.6168742062048069
54.6	0.61687420620479
54.7	0.6168742062047735
54.8	0.6168742062047518
54.9	0.6168742062047404
55.0	0.6168742062047384
55.1	0.6168742062047478
55.2	0.6168742062047644
55.3	0.6168742062047726
55.4	0.6168742062047874
55.5	0.6168742062048098
55.6	0.6168742062048265
55.7	0.6168742062048538
55.8	0.6168742062048772
55.9	0.6168742062048688
56.0	0.6168742062048693
56.1	0.6168742062048647
56.2	0.6168742062048577
56.3	0.6168742062048554
56.4	0.6168742062048522
56.5	0.6168742062048432
56.6	0.6168742062048425
56.7	0.6168742062048421
56.8	0.6168742062048335
56.9	0.6168742062048178
57.0	0.6168742062048123
57.1	0.6168742062048217
57.2	0.6168742062048207
57.3	0.6168742062048164
57.4	0.6168742062048076
57.5	0.6168742062047989
57.6	0.6168742062047907
57.7	0.6168742062047882
57.8	0.6168742062047803
57.9	0.6168742062047828
58.0	0.6168742062047996
58.1	0.6168742062048096
58.2	0.6168742062048121
58.3	0.6168742062047976
58.4	0.616874206204797
58.5	0.6168742062047917
58.6	0.6168742062047723
58.7	0.6168742062047672
58.8	0.6168742062047681
58.9	0.6168742062047676
59.0	0.61687420620477
59.1	0.6168742062047564
59.2	0.6168742062047518
59.3	0.6168742062047431
59.4	0.6168742062047703
59.5	0.6168742062047932
59.6	0.616874206204795
59.7	0.6168742062047977
59.8	0.6168742062048108
59.9	0.6168742062048105
60.0	0.6168742062048149
60.1	0.6168742062048206
60.2	0.6168742062047992
60.3	0.6168742062047802
60.4	0.6168742062047755
60.5	0.616874206204798
60.6	0.6168742062048135
60.7	0.6168742062048217
60.8	0.6168742062048279
60.9	0.616874206204821
61.0	0.6168742062048177
61.1	0.6168742062048195
61.2	0.6168742062048178
61.3	0.6168742062048095
61.4	0.6168742062048059
61.5	0.6168742062048
61.6	0.616874206204806
61.7	0.6168742062048068
61.8	0.6168742062048143
61.9	0.6168742062048163
62.0	0.6168742062048371
62.1	0.6168742062048364
62.2	0.6168742062048317
62.3	0.6168742062048322
62.4	0.6168742062048154
62.5	0.6168742062048109
62.6	0.6168742062047974
62.7	0.6168742062047897
62.8	0.6168742062047738
62.9	0.616874206204777
63.0	0.6168742062047667
63.1	0.6168742062047635
63.2	0.6168742062047536
63.3	0.6168742062047661
63.4	0.6168742062047721
63.5	0.6168742062047712
63.6	0.6168742062047742
63.7	0.6168742062047847
63.8	0.6168742062047798
63.9	0.6168742062047781
64.0	0.6168742062047633
64.1	0.6168742062047553
64.2	0.6168742062047516
64.3	0.6168742062047516
64.4	0.6168742062047459
64.5	0.6168742062047462
64.6	0.6168742062047551
64.7	0.616874206204754
64.8	0.6168742062047554
64.9	0.6168742062047468
65.0	0.6168742062047365
65.1	0.6168742062047381
65.2	0.6168742062047387
65.3	0.6168742062047392
65.4	0.616874206204733
65.5	0.6168742062047397
65.6	0.6168742062047571
65.7	0.6168742062047652
65.8	0.6168742062047767
65.9	0.6168742062047758
66.0	0.6168742062047762
66.1	0.6168742062047683
66.2	0.6168742062047693
66.3	0.6168742062047756
66.4	0.6168742062047741
66.5	0.6168742062047841
66.6	0.6168742062047813
66.7	0.6168742062047827
66.8	0.6168742062047947
66.9	0.6168742062048087
67.0	0.6168742062048311
67.1	0.6168742062048209
67.2	0.6168742062048167
67.3	0.6168742062048268
67.4	0.6168742062048096
67.5	0.6168742062048118
67.6	0.616874206204822
67.7	0.616874206204823
67.8	0.6168742062048302
67.9	0.6168742062048294
68.0	0.6168742062048359
68.1	0.6168742062048416
68.2	0.6168742062048377
68.3	0.6168742062048348
68.4	0.6168742062048388
68.5	0.6168742062048361
68.6	0.616874206204839
68.7	0.6168742062048546
68.8	0.6168742062048638
68.9	0.6168742062048598
69.0	0.616874206204855
69.1	0.6168742062048566
69.2	0.6168742062048598
69.3	0.6168742062048552
69.4	0.6168742062048462
69.5	0.6168742062048461
69.6	0.616874206204839
69.7	0.616874206204829
69.8	0.6168742062048325
69.9	0.6168742062048254
70.0	0.6168742062048056
70.1	0.6168742062047805
70.2	0.616874206204768
70.3	0.6168742062047601
70.4	0.616874206204762
70.5	0.6168742062047586
70.6	0.6168742062047545
70.7	0.6168742062047564
70.8	0.6168742062047649
70.9	0.6168742062047754
71.0	0.6168742062047805
71.1	0.6168742062047728
71.2	0.6168742062047675
71.3	0.6168742062047603
71.4	0.6168742062047669
71.5	0.6168742062047805
71.6	0.6168742062047862
71.7	0.6168742062047775
71.8	0.6168742062047801
71.9	0.6168742062047654
72.0	0.6168742062047653
72.1	0.6168742062047613
72.2	0.6168742062047663
72.3	0.6168742062047753
72.4	0.6168742062047757
72.5	0.6168742062047612
72.6	0.6168742062047707
72.7	0.6168742062047872
72.8	0.6168742062047889
72.9	0.6168742062047848
73.0	0.6168742062047872
73.1	0.6168742062047802
73.2	0.616874206204779
73.3	0.6168742062047925
73.4	0.6168742062047982
73.5	0.6168742062047966
73.6	0.6168742062047922
73.7	0.6168742062047887
73.8	0.6168742062047844
73.9	0.6168742062047782
74.0	0.6168742062047767
74.1	0.616874206204763
74.2	0.6168742062047786
74.3	0.6168742062047787
74.4	0.616874206204769
74.5	0.616874206204771
74.6	0.6168742062047753
74.7	0.6168742062047844
74.8	0.616874206204773
74.9	0.616874206204776
75.0	0.6168742062047912
75.1	0.6168742062048079
75.2	0.6168742062048038
75.3	0.616874206204814
75.4	0.616874206204827
75.5	0.616874206204831
75.6	0.6168742062048316
75.7	0.6168742062048269
75.8	0.6168742062048139
75.9	0.6168742062047968
76.0	0.616874206204784
76.1	0.6168742062047764
76.2	0.6168742062047659
76.3	0.6168742062047687
76.4	0.6168742062047688
76.5	0.6168742062047563
76.6	0.6168742062047522
76.7	0.6168742062047488
76.8	0.6168742062047468
76.9	0.616874206204739
77.0	0.6168742062047503
77.1	0.6168742062047585
77.2	0.6168742062047726
77.3	0.6168742062047754
77.4	0.6168742062047821
77.5	0.6168742062047838
77.6	0.616874206204785
77.7	0.6168742062047897
77.8	0.6168742062047858
77.9	0.6168742062047781
78.0	0.6168742062047894
78.1	0.6168742062048023
78.2	0.6168742062048053
78.3	0.6168742062047955
78.4	0.6168742062048066
78.5	0.6168742062048156
78.6	0.6168742062048227
78.7	0.6168742062048138
78.8	0.6168742062048052
78.9	0.6168742062048007
79.0	0.6168742062048105
79.1	0.6168742062048077
79.2	0.6168742062048014
79.3	0.6168742062047992
79.4	0.616874206204802
79.5	0.6168742062047968
79.6	0.6168742062048185
79.7	0.6168742062048261
79.8	0.6168742062048326
79.9	0.6168742062048345
80.0	0.6168742062048432
