0.0	0.0
0.1	0.016699773855515555
0.2	0.048635379689634994
0.3	0.08233839028283448
0.4	0.10966964761868073
0.5	0.1257850323026091
0.6	0.1285096519327721
0.7	0.11799397692860226
0.8	0.09656822553447907
0.9	0.06863611069412201
1.0	0.04038871681850653
1.1	0.019299426677352353
1.2	0.013171747641157323
1.3	0.023934738236888135
1.4	0.04386849286491885
1.5	0.06513649042095546
1.6	0.08235970421498916
1.7	0.09227287565434528
1.8	0.09349554877057889
1.9	0.0863685329815844
2.0	0.07279711578686485
2.1	0.05602413755952431
2.2	0.04023237135981156
2.3	0.029824389169205892
2.4	0.027961270232704998
2.5	0.034491891648963414
2.6	0.046072594189875395
2.7	0.058613188618254465
2.8	0.06880243699298819
2.9	0.07452528975044533
3.0	0.07491540471039596
3.1	0.07029847636383632
3.2	0.06204999869409834
3.3	0.05234495530741971
3.4	0.04374938278474877
3.5	0.03859481588785443
3.6	0.038167976907104904
3.7	0.042136599330334375
3.8	0.04881110908806846
3.9	0.05601612222205705
4.0	0.06183297281593465
4.1	0.06498288503960968
4.2	0.0649632071478868
4.3	0.06203984330011782
4.4	0.057134937224414
4.5	0.05161181787491273
4.6	0.04695588733689582
4.7	0.044374848765808765
4.8	0.04442251714877304
4.9	0.04683287150631811
5.0	0.050683707837806194
5.1	0.054781258749630794
5.2	0.05803696642157177
5.3	0.05971546366089126
5.4	0.05954705578193474
5.5	0.057729856609458355
5.6	0.054850294457058614
5.7	0.05172805654828304
5.8	0.049203233739965456
5.9	0.047906553166876406
6.0	0.04808329000105493
6.1	0.049545616315222876
6.2	0.05177006343014705
6.3	0.054089077706744454
6.4	0.05589028465296671
6.5	0.05676280042439474
6.6	0.05657057459492766
6.7	0.055455352541887784
6.8	0.053779533931078136
6.9	0.052022861490177756
7.0	0.050653262730645146
7.1	0.05000193951814015
7.2	0.05017937927485398
7.3	0.051060942120403366
7.4	0.05234446097328752
7.5	0.05365291550679567
7.6	0.05464309631319776
7.7	0.05508923350644958
7.8	0.05492622726693452
7.9	0.054249851355165454
8.0	0.05327919580271071
8.1	0.05229205154217994
8.2	0.05154884599373028
8.3	0.051224527481328136
8.4	0.05136742364822925
8.5	0.05189662794881115
8.6	0.05263624038008683
8.7	0.0533723289654302
8.8	0.05391322666640565
8.9	0.05413655669751014
9.0	0.05401329562185926
9.1	0.053606282771759065
9.2	0.05304625608009674
9.3	0.052492766947644424
9.4	0.05209034028912269
9.5	0.0519314187642669
9.6	0.052035909591733445
9.7	0.05235217742383488
9.8	0.05277752646045945
9.9	0.053190419148048604
10.0	0.05348420522607628
10.1	0.053593281611206633
10.2	0.05350600311159538
10.3	0.05326268142899906
10.4	0.05294062936871105
10.5	0.05263099191780613
10.6	0.05241377801285761
10.7	0.05233771405703258
10.8	0.05241001961417936
10.9	0.05259818669685798
11.0	0.05284225608359333
11.1	0.05307321435523874
11.2	0.05323192144010252
11.3	0.053283549309919846
11.4	0.05322432377311863
11.5	0.0530796631863023
11.6	0.052894992391427614
11.7	0.05272217718467537
11.8	0.05260540275764353
11.9	0.052570230160522646
12.0	0.05261849897246695
12.1	0.052729973189795304
12.2	0.0528696942528963
12.3	0.05299852852071928
12.4	0.05308379319804374
12.5	0.05310717381266868
12.6	0.053068162361627806
12.7	0.05298257148262516
12.8	0.05287695815560994
12.9	0.05278074429094648
13.0	0.052718266595864774
13.1	0.05270284256733854
13.2	0.05273425422057657
13.3	0.05280002642996643
13.4	0.05287982061658762
13.5	0.052951488129267914
13.6	0.05299702928320392
13.7	0.05300690981218916
13.8	0.0529817727767199
13.9	0.05293134871772816
14.0	0.0528711008053106
14.1	0.05281767346552857
14.2	0.0527844321272256
14.3	0.05277825411553864
14.4	0.05279830762775182
14.5	0.052836966626952316
14.6	0.05288242765394276
14.7	0.052922181922459725
14.8	0.052946351018417326
14.9	0.05295002730169326
15.0	0.0529341030241117
15.1	0.05290451245730908
15.2	0.05287022775116316
15.3	0.05284064084391488
15.4	0.05282306850400416
15.5	0.05282102289361099
15.6	0.052833634332102086
15.7	0.05285627545256932
15.8	0.05288211403948806
15.9	0.05290410164942548
16.0	0.05291683663124901
16.1	0.05291782621583266
16.2	0.05290787393871924
16.3	0.05289057148319221
16.4	0.05287110837309292
16.5	0.05285477104763346
16.6	0.05284555107014697
16.7	0.052845217073954856
16.8	0.05285305241697306
16.9	0.05286626764770798
17.0	0.05288091850768764
17.1	0.0528930427256846
17.2	0.05289969793868658
17.3	0.052899638456866765
17.4	0.05289348718243285
17.5	0.052883403755543096
17.6	0.052872381092063866
17.7	0.05286338743977232
17.8	0.05285859207568135
17.9	0.05285886978941135
18.0	0.05286368892722704
18.1	0.05287137778121562
18.2	0.05287966527891463
18.3	0.05288632944053958
18.4	0.05288977408873081
18.5	0.05288938955436832
18.6	0.05288562278149263
18.7	0.052879764886476666
18.8	0.05287353721730615
18.9	0.05286860225780016
19.0	0.05286613403722226
19.1	0.0528665551001363
19.2	0.05286949389343415
19.3	0.05287395383138417
19.4	0.052878630613208175
19.5	0.05288228128646859
19.6	0.0528840437970945
19.7	0.05288362795882354
19.8	0.05288133958959209
19.9	0.05287794662178921
20.0	0.052874436473092784
20.1	0.052871737929717055
20.2	0.05287048348176204
20.3	0.05287087064389236
20.4	0.05287264962098619
20.5	0.05287522912962033
20.6	0.052877861986417016
20.7	0.052879854672142186
20.8	0.05288074387500592
20.9	0.05288039683556316
21.0	0.052879016160305214
21.1	0.05287705649426224
21.2	0.05287508281128331
21.3	0.052873612655354445
21.4	0.05287298504604392
21.5	0.052873287936338206
21.6	0.052874357913718945
21.7	0.05287584569066471
21.8	0.05287732429505828
21.9	0.052878407788225036
22.0	0.052878848501658124
22.1	0.052878589306199826
22.2	0.052877761315940346
22.3	0.05287663256555409
22.4	0.05287552551684409
22.5	0.052874727787902386
22.6	0.05287442006795818
22.7	0.05287463852248256
22.8	0.05287527840610962
22.9	0.05287613421130972
23.0	0.052876962543058216
23.1	0.052877549214109074
23.2	0.05287776262787252
23.3	0.05287758072743641
23.4	0.05287708685499611
23.5	0.05287643841761181
23.6	0.05287581901430131
23.7	0.052875388041495185
23.8	0.05287524118698598
23.9	0.05287539116225439
24.0	0.052875771883553566
24.1	0.05287626288697343
24.2	0.05287672575955302
24.3	0.05287704196912491
24.4	0.05287714207064253
24.5	0.052877019430151904
24.6	0.05287672627771049
24.7	0.052876354720439056
24.8	0.05287600904230594
24.9	0.05287577732425766
25.0	0.052875709869611466
25.1	0.05287580946299807
25.2	0.052876034940664465
25.3	0.05287631593409075
25.4	0.052876573919153444
25.5	0.05287674349415468
25.6	0.052876788300189034
25.7	0.0528767079042597
25.8	0.05287653466245568
25.9	0.05287632229020789
26.0	0.05287612987935272
26.1	0.05287600595465995
26.2	0.05287597673662205
26.3	0.05287604130040237
26.4	0.05287617427344284
26.5	0.05287633468413073
26.6	0.052876478090338255
26.7	0.052876568518482256
26.8	0.05287658710725929
26.9	0.052876535493212126
27.0	0.05287643352831518
27.1	0.0528763124393081
27.2	0.05287620563049783
27.3	0.05287613974890458
27.4	0.05287612832527449
27.5	0.0528761694212231
27.6	0.05287624753572325
27.7	0.05287633888680255
27.8	0.05287641838154411
27.9	0.05287646629846251
28.0	0.05287647296024073
28.1	0.052876440356456195
28.2	0.05287638056770099
28.3	0.05287631169268974
28.4	0.05287625256960775
28.5	0.052876217781573344
28.6	0.0528762142269124
28.7	0.05287624000991763
28.8	0.05287628573225558
28.9	0.05287633763014626
29.0	0.05287638156954885
29.1	0.05287640677684329
29.2	0.05287640835296179
29.3	0.05287638802342396
29.4	0.05287635308768873
29.5	0.05287631400552668
29.6	0.05287628137509177
29.7	0.0528762631481405
29.8	0.05287626278943868
29.9	0.05287627877635798
30.0	0.0528763054483563
30.1	0.052876334861983766
30.2	0.052876359075263196
30.3	0.05287637222496828
30.4	0.052876371872301035
30.5	0.052876359331000676
30.6	0.05287633898424355
30.7	0.05287631686042251
30.8	0.0528762989074055
30.9	0.05287628944400784
31.0	0.05287629017762721
31.1	0.05287629999388814
31.2	0.05287631550341317
31.3	0.05287633213419724
31.4	0.05287634543455994
31.5	0.05287635222670213
31.6	0.05287635132271477
31.7	0.05287634365529211
31.8	0.052876331841922065
31.9	0.052876319347786374
32.0	0.05287630950266349
32.1	0.05287630464218384
32.2	0.052876305586805485
32.3	0.052876311564275254
32.4	0.052876320555720266
32.5	0.05287632993651377
32.6	0.052876337217620924
32.7	0.0528763406844145
32.8	0.05287633977511217
32.9	0.052876335123462036
33.0	0.05287632828477545
33.1	0.052876321245765204
33.2	0.052876315865797455
33.3	0.05287631340207186
33.4	0.052876314235229635
33.5	0.052876317849080146
33.6	0.05287632304676113
33.7	0.05287632832539051
33.8	0.052876332296874114
33.9	0.05287633404060884
34.0	0.052876333301999895
34.1	0.052876330498823516
34.2	0.05287632655110045
34.3	0.05287632259500548
34.4	0.05287631966613237
34.5	0.05287631843767321
34.6	0.052876319077147314
34.7	0.05287632124829441
34.8	0.05287632424462656
34.9	0.052876327207715665
35.0	0.052876329365496445
35.1	0.05287633022638601
35.2	0.05287632968252283
35.3	0.052876328003243704
35.4	0.052876325730536466
35.5	0.0528763235125685
35.6	0.052876321924565664
35.7	0.052876321324919116
35.8	0.05287632178107715
35.9	0.052876323078204265
36.0	0.05287632480091666
36.1	0.052876326460098266
36.2	0.05287632762748403
36.3	0.05287632804219923
36.4	0.052876327663863985
36.5	0.052876326663179186
36.6	0.05287632535820157
36.7	0.05287632411781637
36.8	0.052876323260637514
36.9	0.05287632297621705
37.0	0.05287632328713882
37.1	0.05287632405821413
37.2	0.05287632504611829
37.3	0.05287632597282458
37.4	0.052876326601454436
37.5	0.05287632679455158
37.6	0.05287632654099403
37.7	0.05287632594751771
37.8	0.052876325200119055
37.9	0.05287632450821547
38.0	0.05287632404778405
38.1	0.05287632391831537
38.2	0.052876324123739646
38.3	0.052876324580023934
38.4	0.052876325145123096
38.5	0.052876325661371494
38.6	0.05287632599815279
38.7	0.052876326083602744
38.8	0.05287632591811111
38.9	0.05287632556766905
39.0	0.0528763251406711
39.1	0.05287632475574006
39.2	0.05287632450975964
39.3	0.05287632445450294
39.4	0.05287632458717008
39.5	0.052876324856055264
39.6	0.05287632517850521
39.7	0.05287632546532189
39.8	0.05287632564470894
39.9	0.05287632567946414
40.0	0.052876325573573066
40.1	0.052876325367459565
40.2	0.05287632512411375
40.3	0.05287632491053926
40.4	0.05287632477993091
40.5	0.052876324758933745
40.6	0.05287632484312951
40.7	0.05287632500097187
40.8	0.05287632518451638
40.9	0.05287632534343094
41.0	0.05287632543836147
41.1	0.052876325450275936
41.2	0.05287632538356396
41.3	0.05287632526279209
41.4	0.0528763251244353
41.5	0.05287632500627867
41.6	0.05287632493740486
41.7	0.052876324931372176
41.8	0.0528763249840671
41.9	0.05287632507639725
42.0	0.05287632518062319
42.1	0.052876325268414216
42.2	0.05287632531828224
42.3	0.05287632532061277
42.4	0.05287632527910476
42.5	0.05287632520857988
42.6	0.05287632513010739
42.7	0.052876325064936426
42.8	0.05287632502890887
42.9	0.052876325028810005
43.0	0.05287632506141889
43.1	0.052876325115248944
43.2	0.05287632517429655
43.3	0.05287632522264114
43.4	0.052876325248607574
43.5	0.05287632524743217
43.6	0.05287632522187182
43.7	0.05287632518082258
43.8	0.05287632513642079
43.9	0.052876325100584126
44.0	0.05287632508191433
44.1	0.05287632508373929
44.2	0.05287632510373055
44.3	0.052876325135013016
44.4	0.052876325168382296
44.5	0.0528763251949231
44.6	0.052876325208309455
44.7	0.05287632520623193
44.8	0.05287632519062652
44.9	0.05287632516680613
45.0	0.05287632514174062
45.1	0.052876325122099985
45.2	0.052876325112534296
45.3	0.05287632511463072
45.4	0.052876325126783745
45.5	0.05287632514491174
45.6	0.05287632516372725
45.7	0.05287632517824737
45.8	0.05287632518506127
45.9	0.052876325183088
46.0	0.05287632517363152
46.1	0.052876325159848254
46.2	0.05287632514573618
46.3	0.05287632513501543
46.4	0.05287632513017299
46.5	0.052876325131961964
46.6	0.0528763251393
46.7	0.05287632514977304
46.8	0.05287632516035469
46.9	0.05287632516826884
47.0	0.05287632517168775
47.1	0.05287632517011862
47.2	0.0528763251644263
47.3	0.05287632515647775
47.4	0.05287632514854752
47.5	0.05287632514271219
47.6	0.05287632514030945
47.7	0.05287632514165824
47.8	0.05287632514606128
47.9	0.052876325152095505
48.0	0.05287632515803503
48.1	0.052876325162329874
48.2	0.05287632516400813
48.3	0.05287632516286858
48.4	0.05287632515946649
48.5	0.05287632515488756
48.6	0.05287632515044531
48.7	0.05287632514728467
48.8	0.052876325146116857
48.9	0.0528763251470696
49.0	0.05287632514969663
49.1	0.05287632515316171
49.2	0.05287632515649105
49.3	0.05287632515880995
49.4	0.0528763251596156
49.5	0.05287632515883369
49.6	0.05287632515680176
49.7	0.052876325154174585
49.8	0.052876325151693444
49.9	0.052876325149989564
50.0	0.05287632514944013
50.1	0.052876325150078736
50.2	0.05287632515164345
50.3	0.05287632515363192
50.4	0.052876325155488936
50.5	0.05287632515673877
50.6	0.05287632515710821
50.7	0.05287632515658287
50.8	0.052876325155384436
50.9	0.05287632515387715
51.0	0.052876325152494616
51.1	0.05287632515158072
51.2	0.052876325151331796
51.3	0.052876325151755
51.4	0.05287632515267786
51.5	0.052876325153815955
51.6	0.05287632515484743
51.7	0.05287632515551796
51.8	0.0528763251556806
51.9	0.05287632515534319
52.0	0.05287632515462922
52.1	0.05287632515377464
52.2	0.05287632515300352
52.3	0.0528763251525152
52.4	0.05287632515241232
52.5	0.05287632515268235
52.6	0.05287632515322689
52.7	0.05287632515387562
52.8	0.05287632515444608
52.9	0.05287632515480459
53.0	0.052876325154868946
53.1	0.05287632515464952
53.2	0.05287632515423535
53.3	0.05287632515374498
53.4	0.05287632515331698
53.5	0.052876325153059386
53.6	0.05287632515301756
53.7	0.052876325153193966
53.8	0.05287632515351376
53.9	0.05287632515387909
54.0	0.05287632515419927
54.1	0.05287632515438476
54.2	0.05287632515440864
54.3	0.052876325154269835
54.4	0.05287632515402799
54.5	0.05287632515374563
54.6	0.05287632515351349
54.7	0.052876325153379124
54.8	0.05287632515336645
54.9	0.05287632515347715
55.0	0.05287632515366216
55.1	0.052876325153869155
55.2	0.05287632515404564
55.3	0.05287632515414587
55.4	0.052876325154147995
55.5	0.052876325154062535
55.6	0.05287632515392177
55.7	0.0528763251537631
55.8	0.052876325153636175
55.9	0.05287632515356364
56.0	0.0528763251535644
56.1	0.052876325153629125
56.2	0.05287632515373475
56.3	0.052876325153857394
56.4	0.052876325153950715
56.5	0.05287632515400182
56.6	0.05287632515399916
56.7	0.052876325153949764
56.8	0.05287632515386526
56.9	0.05287632515377791
57.0	0.052876325153703774
57.1	0.0528763251536696
57.2	0.05287632515367617
57.3	0.05287632515371313
57.4	0.05287632515377751
57.5	0.05287632515384406
57.6	0.05287632515389732
57.7	0.05287632515392314
57.8	0.05287632515391505
57.9	0.052876325153886954
58.0	0.05287632515383907
58.1	0.05287632515378801
58.2	0.05287632515374601
58.3	0.052876325153726436
58.4	0.05287632515373515
58.5	0.052876325153760215
58.6	0.052876325153797865
58.7	0.052876325153834315
58.8	0.052876325153863014
58.9	0.05287632515387565
59.0	0.05287632515386957
59.1	0.05287632515384949
59.2	0.05287632515382034
59.3	0.05287632515379488
59.4	0.05287632515377507
59.5	0.05287632515376642
59.6	0.052876325153767764
59.7	0.052876325153781746
59.8	0.05287632515380774
59.9	0.05287632515382357
60.0	0.052876325153839616
60.1	0.05287632515384905
60.2	0.05287632515384755
60.3	0.05287632515383502
60.4	0.0528763251538186
60.5	0.052876325153803444
60.6	0.05287632515379026
60.7	0.05287632515378598
60.8	0.05287632515379056
60.9	0.05287632515379888
61.0	0.052876325153809405
61.1	0.05287632515381896
61.2	0.052876325153828306
61.3	0.05287632515383126
61.4	0.052876325153832206
61.5	0.052876325153824656
61.6	0.05287632515381623
61.7	0.05287632515380747
61.8	0.05287632515379985
61.9	0.05287632515380057
62.0	0.052876325153798795
62.1	0.05287632515380148
62.2	0.052876325153810064
62.3	0.052876325153815656
62.4	0.05287632515382411
62.5	0.052876325153823005
62.6	0.05287632515382509
62.7	0.05287632515382211
62.8	0.05287632515381358
62.9	0.052876325153810536
63.0	0.052876325153806344
63.1	0.05287632515380472
63.2	0.052876325153806684
63.3	0.05287632515380913
63.4	0.05287632515381392
63.5	0.052876325153818286
63.6	0.05287632515381723
63.7	0.05287632515382219
63.8	0.05287632515381807
63.9	0.05287632515381609
64.0	0.0528763251538122
64.1	0.05287632515381063
64.2	0.05287632515380986
64.3	0.05287632515380868
64.4	0.052876325153810806
64.5	0.05287632515381104
64.6	0.0528763251538127
64.7	0.05287632515381706
64.8	0.05287632515381761
64.9	0.05287632515381828
65.0	0.05287632515381684
65.1	0.05287632515381404
65.2	0.05287632515381305
65.3	0.05287632515381262
65.4	0.05287632515381317
65.5	0.05287632515381059
65.6	0.05287632515381192
65.7	0.05287632515381469
65.8	0.05287632515381205
65.9	0.05287632515381345
66.0	0.05287632515381508
66.1	0.05287632515381381
66.2	0.05287632515381688
66.3	0.052876325153814845
66.4	0.052876325153813596
66.5	0.05287632515381038
66.6	0.05287632515380928
66.7	0.05287632515381213
66.8	0.052876325153811694
66.9	0.052876325153815865
67.0	0.052876325153813845
67.1	0.05287632515381293
67.2	0.05287632515381214
67.3	0.05287632515381492
67.4	0.05287632515381305
67.5	0.05287632515381286
67.6	0.052876325153812916
67.7	0.05287632515381379
67.8	0.052876325153808336
67.9	0.05287632515381295
68.0	0.052876325153814685
68.1	0.05287632515381236
68.2	0.052876325153811424
68.3	0.05287632515381616
68.4	0.05287632515381284
68.5	0.052876325153813325
68.6	0.0528763251538128
68.7	0.052876325153813554
68.8	0.052876325153811646
68.9	0.05287632515381174
69.0	0.052876325153815386
69.1	0.05287632515381382
69.2	0.05287632515381398
69.3	0.05287632515381379
69.4	0.05287632515381293
69.5	0.05287632515381142
69.6	0.052876325153816045
69.7	0.052876325153813845
69.8	0.05287632515381443
69.9	0.05287632515381071
70.0	0.05287632515381042
70.1	0.05287632515381432
70.2	0.05287632515381192
70.3	0.052876325153807406
70.4	0.052876325153812125
70.5	0.05287632515381024
70.6	0.05287632515381138
70.7	0.05287632515381124
70.8	0.05287632515381092
70.9	0.05287632515381597
71.0	0.052876325153810556
71.1	0.052876325153809224
71.2	0.0528763251538121
71.3	0.052876325153812735
71.4	0.05287632515381208
71.5	0.052876325153813554
71.6	0.052876325153812465
71.7	0.0528763251538141
71.8	0.0528763251538129
71.9	0.052876325153814234
72.0	0.05287632515381217
72.1	0.05287632515381461
72.2	0.05287632515381469
72.3	0.052876325153813054
72.4	0.052876325153816676
72.5	0.05287632515381223
72.6	0.052876325153812694
72.7	0.05287632515381482
72.8	0.052876325153809675
72.9	0.0528763251538144
73.0	0.05287632515381143
73.1	0.05287632515381448
73.2	0.05287632515381301
73.3	0.05287632515381197
73.4	0.05287632515381303
73.5	0.052876325153811694
73.6	0.0528763251538146
73.7	0.05287632515381249
73.8	0.052876325153812895
73.9	0.05287632515381608
74.0	0.052876325153814484
74.1	0.05287632515381703
74.2	0.05287632515381567
74.3	0.052876325153813575
74.4	0.052876325153814005
74.5	0.052876325153812645
74.6	0.05287632515381293
74.7	0.05287632515381538
74.8	0.052876325153813096
74.9	0.05287632515381358
75.0	0.05287632515381495
75.1	0.05287632515381459
75.2	0.052876325153814775
75.3	0.052876325153814276
75.4	0.052876325153812825
75.5	0.052876325153815275
75.6	0.05287632515380959
75.7	0.05287632515381233
75.8	0.05287632515381353
75.9	0.05287632515381336
76.0	0.05287632515381553
76.1	0.05287632515381176
76.2	0.05287632515381432
76.3	0.05287632515381433
76.4	0.05287632515381265
76.5	0.05287632515381268
76.6	0.052876325153814005
76.7	0.052876325153813644
76.8	0.052876325153814165
76.9	0.05287632515381525
77.0	0.05287632515381101
77.1	0.05287632515381267
77.2	0.05287632515381648
77.3	0.052876325153812014
77.4	0.05287632515381415
77.5	0.05287632515381576
77.6	0.05287632515381311
77.7	0.052876325153811965
77.8	0.05287632515381277
77.9	0.05287632515381462
78.0	0.052876325153812166
78.1	0.05287632515381268
78.2	0.05287632515381278
78.3	0.052876325153813665
78.4	0.05287632515381262
78.5	0.052876325153816024
78.6	0.05287632515381788
78.7	0.052876325153812125
78.8	0.05287632515381535
78.9	0.052876325153814234
79.0	0.052876325153815934
79.1	0.05287632515381293
79.2	0.05287632515381473
79.3	0.05287632515381321
79.4	0.05287632515381017
79.5	0.05287632515381022
79.6	0.052876325153812756
79.7	0.05287632515381353
79.8	0.05287632515381335
79.9	0.052876325153812916
80.0	0.05287632515381071
80.1	0.05287632515381332
80.2	0.05287632515381044
80.3	0.052876325153813915
80.4	0.052876325153812576
80.5	0.052876325153816975
80.6	0.05287632515381394
80.7	0.05287632515381525
80.8	0.052876325153812805
80.9	0.05287632515381226
81.0	0.052876325153810036
81.1	0.05287632515381389
81.2	0.05287632515381046
81.3	0.05287632515381
81.4	0.05287632515381318
81.5	0.05287632515381557
81.6	0.05287632515381388
81.7	0.05287632515381267
81.8	0.05287632515381173
81.9	0.052876325153814414
82.0	0.05287632515381444
82.1	0.05287632515381036
82.2	0.05287632515381348
82.3	0.05287632515381304
82.4	0.05287632515381358
82.5	0.05287632515381191
82.6	0.052876325153813346
82.7	0.052876325153814636
82.8	0.0528763251538169
82.9	0.05287632515381669
83.0	0.05287632515381332
83.1	0.05287632515381524
83.2	0.05287632515381121
83.3	0.05287632515381278
83.4	0.05287632515381337
83.5	0.05287632515381388
83.6	0.05287632515381431
83.7	0.0528763251538104
83.8	0.05287632515381476
83.9	0.052876325153809745
84.0	0.05287632515381313
84.1	0.052876325153812596
84.2	0.05287632515381105
84.3	0.05287632515381296
84.4	0.052876325153811486
84.5	0.052876325153813346
84.6	0.052876325153813936
84.7	0.05287632515381242
84.8	0.05287632515381305
84.9	0.05287632515381342
85.0	0.0528763251538118
85.1	0.05287632515381161
85.2	0.052876325153813186
85.3	0.05287632515381134
85.4	0.0528763251538145
85.5	0.052876325153810064
85.6	0.052876325153812145
85.7	0.052876325153815656
85.8	0.05287632515380949
85.9	0.05287632515381565
86.0	0.05287632515381322
86.1	0.052876325153812166
86.2	0.05287632515381319
86.3	0.05287632515381121
86.4	0.05287632515381387
86.5	0.05287632515381354
86.6	0.05287632515381562
86.7	0.0528763251538135
86.8	0.05287632515381378
86.9	0.05287632515381208
87.0	0.052876325153813485
87.1	0.052876325153812215
87.2	0.05287632515381418
87.3	0.052876325153811736
87.4	0.05287632515381383
87.5	0.0528763251538121
87.6	0.0528763251538132
87.7	0.052876325153815525
87.8	0.052876325153812485
87.9	0.05287632515381325
88.0	0.052876325153813464
88.1	0.052876325153814234
88.2	0.052876325153810654
88.3	0.052876325153814206
88.4	0.052876325153813
88.5	0.05287632515381315
88.6	0.052876325153809155
88.7	0.052876325153813186
88.8	0.052876325153815004
88.9	0.052876325153812624
89.0	0.05287632515381383
89.1	0.05287632515381162
89.2	0.05287632515381308
89.3	0.052876325153812145
89.4	0.052876325153811445
89.5	0.0528763251538119
89.6	0.05287632515381225
89.7	0.05287632515381269
89.8	0.05287632515381341
89.9	0.05287632515381565
90.0	0.0528763251538139
90.1	0.052876325153813616
90.2	0.052876325153814706
90.3	0.05287632515381104
90.4	0.05287632515381299
90.5	0.05287632515381125
90.6	0.052876325153813346
90.7	0.052876325153816246
90.8	0.052876325153811875
90.9	0.05287632515381286
91.0	0.05287632515381313
91.1	0.05287632515381924
91.2	0.05287632515381476
91.3	0.0528763251538157
91.4	0.052876325153813845
91.5	0.05287632515381116
91.6	0.052876325153814054
91.7	0.052876325153815684
91.8	0.052876325153812236
91.9	0.05287632515381553
92.0	0.05287632515381163
92.1	0.05287632515381289
92.2	0.05287632515381399
92.3	0.05287632515381486
92.4	0.052876325153814914
92.5	0.05287632515381036
92.6	0.05287632515381282
92.7	0.05287632515381363
92.8	0.05287632515381073
92.9	0.05287632515381059
93.0	0.05287632515381722
93.1	0.05287632515381562
93.2	0.05287632515381242
93.3	0.052876325153810876
93.4	0.05287632515381233
93.5	0.052876325153815365
93.6	0.05287632515381336
93.7	0.05287632515381061
93.8	0.052876325153809835
93.9	0.05287632515381489
94.0	0.05287632515381641
94.1	0.052876325153814026
94.2	0.05287632515381091
94.3	0.05287632515381201
94.4	0.05287632515381278
94.5	0.052876325153816524
94.6	0.05287632515381192
94.7	0.05287632515381251
94.8	0.05287632515381276
94.9	0.05287632515381156
95.0	0.05287632515381498
95.1	0.0528763251538127
95.2	0.05287632515381019
95.3	0.05287632515381455
95.4	0.05287632515381471
95.5	0.052876325153814005
95.6	0.05287632515381017
95.7	0.05287632515381474
95.8	0.05287632515381454
95.9	0.052876325153811604
96.0	0.05287632515381195
96.1	0.0528763251538148
96.2	0.05287632515381444
96.3	0.05287632515381611
96.4	0.052876325153815774
96.5	0.05287632515381117
96.6	0.05287632515381332
96.7	0.052876325153811486
96.8	0.052876325153816454
96.9	0.05287632515381353
97.0	0.05287632515381331
97.1	0.05287632515381351
97.2	0.052876325153814234
97.3	0.052876325153811354
97.4	0.05287632515381473
97.5	0.05287632515381619
97.6	0.052876325153812714
97.7	0.05287632515381333
97.8	0.052876325153812895
97.9	0.05287632515381642
98.0	0.05287632515381705
98.1	0.052876325153812985
98.2	0.05287632515381347
98.3	0.05287632515381345
98.4	0.05287632515381232
98.5	0.05287632515381619
98.6	0.05287632515381094
98.7	0.05287632515381383
98.8	0.052876325153813394
98.9	0.05287632515381266
99.0	0.05287632515380894
99.1	0.052876325153813984
99.2	0.05287632515381121
99.3	0.05287632515381054
99.4	0.0528763251538141
99.5	0.05287632515381381
99.6	0.052876325153809176
99.7	0.05287632515381165
99.8	0.05287632515381251
99.9	0.05287632515381321
100.0	0.05287632515381278
