0.0	0.0
0.1	0.00500700701308997
0.2	0.01551825790531383
0.3	0.028124630938947206
0.4	0.040536795318668835
0.5	0.05108551454690037
0.6	0.0586311465314618
0.7	0.06252124442720479
0.8	0.06255472290869012
0.9	0.058944191144576843
1.0	0.05227151482237849
1.1	0.043431081192759076
1.2	0.033556575560747884
1.3	0.02393181482338009
1.4	0.015891376406995644
1.5	0.010700748036301357
1.6	0.009284003423086122
1.7	0.011629329799992191
1.8	0.016667310725404224
1.9	0.02302169290593453
2.0	0.029486074123800884
2.1	0.03512092171125562
2.2	0.039264724177722324
2.3	0.04153149643809405
2.4	0.04179972939565242
2.5	0.04019165985361531
2.6	0.03704192318351363
2.7	0.03285482317181019
2.8	0.028249580013824747
2.9	0.023892627563530052
3.0	0.020414441509702577
3.1	0.018307630302786426
3.2	0.017816473003874896
3.3	0.018868318416118406
3.4	0.021108944181986562
3.5	0.024028287027429228
3.6	0.027092132775266398
3.7	0.029832370373735335
3.8	0.031895318129201454
3.9	0.033064007612947865
4.0	0.033262829730296095
4.1	0.03254923792845911
4.2	0.031094984826567917
4.3	0.029158274655308732
4.4	0.027048023222070866
4.5	0.02508178563454733
4.6	0.023540149412157922
4.7	0.022623110215262445
4.8	0.022417692727571006
4.9	0.022887980416203834
5.0	0.023891736326437783
5.1	0.025218404944071415
5.2	0.026633665936102394
5.3	0.02791951864688365
5.4	0.02890264359609921
5.5	0.02947203927353631
5.6	0.029585905980281692
5.7	0.0292694363588569
5.8	0.028605222479326738
5.9	0.027717785229168963
6.0	0.02675387387851155
6.1	0.025860557845525697
6.2	0.025163707766665825
6.3	0.024750032776016194
6.4	0.024655930416813115
6.5	0.024865450770508984
6.6	0.02531758702482129
6.7	0.025920662774208885
6.8	0.02657006370140216
6.9	0.027165541087674473
7.0	0.027625341574272964
7.1	0.027895706997338624
7.2	0.027955323400447242
7.3	0.027814966820120406
7.4	0.02751299683632389
7.5	0.02710761851039983
7.6	0.026667053170238215
7.7	0.02625895074189887
7.8	0.02594050339333704
7.9	0.025750695510705503
8.0	0.025705850258986036
8.1	0.0257990718913336
8.2	0.026003431751002202
8.3	0.026278024682528836
8.4	0.026575561892964082
8.5	0.026850073625561154
8.6	0.027063515695650235
8.7	0.027190462228748553
8.8	0.027220484154214162
8.9	0.02715817888504595
9.0	0.027021106267557354
9.1	0.026836103056959583
9.2	0.02663460081991515
9.3	0.02644765931323254
9.4	0.026301437035991977
9.5	0.02621373688760381
9.6	0.026192081766239755
9.7	0.026233511097288914
9.8	0.02632599280187435
9.9	0.026451081770108333
10.0	0.026587283763837108
10.1	0.026713530955545642
10.2	0.026812233585165803
10.3	0.026871507755242583
10.4	0.026886351461703695
10.5	0.026858715682121805
10.6	0.02679657249137351
10.7	0.02671220522665549
10.8	0.02662002960647788
10.9	0.026534294626749413
11.0	0.026467004866361665
11.1	0.02642635178760643
11.2	0.026415847128684288
11.3	0.026434230839552573
11.4	0.026476100115175642
11.5	0.026533097850030683
11.6	0.02659542692638942
11.7	0.026653430563282725
11.8	0.026698997230896318
11.9	0.02672660171454358
12.0	0.02673386793154305
12.1	0.026721619966249575
12.2	0.026693463588738392
12.3	0.026655002374052345
12.4	0.02661283444717093
12.5	0.0265734944402483
12.6	0.026542499608988912
12.7	0.026523631149547897
12.8	0.026518536496764514
12.9	0.02652668335004343
13.0	0.02654564053871426
13.1	0.0265716136455012
13.2	0.026600131593194642
13.3	0.026626767841429862
13.4	0.026647786347058486
13.5	0.02666062471645821
13.6	0.026664159693575634
13.7	0.02665873721828942
13.8	0.026645985008251064
13.9	0.026628455215367143
14.0	0.026609164794695005
14.1	0.026591109932999176
14.2	0.026576827933584197
14.3	0.02656806661745144
14.4	0.026565600235907386
14.5	0.026569205766363294
14.6	0.02657778838709531
14.7	0.026589623745483144
14.8	0.026602670280853516
14.9	0.02661489890728948
15.0	0.026624589868887702
15.1	0.026630556279017923
15.2	0.026632268529643587
15.3	0.026629870724625727
15.4	0.026624096866959816
15.5	0.02661610839232744
15.6	0.026607284089316355
15.7	0.02659899754637066
15.8	0.02659241590032648
15.9	0.02658834748875126
16.0	0.0265871563249667
16.1	0.02658874983983345
16.2	0.02659263492690695
16.3	0.026598027691925714
16.4	0.02660399573269283
16.5	0.026609608962834184
16.6	0.026614076000582024
16.7	0.02661684744453329
16.8	0.026617673988653404
16.9	0.026616615084369338
17.0	0.02661400149804276
17.1	0.02661036154257995
17.2	0.02660632516714434
17.3	0.02660252202027058
17.4	0.026599489002910207
17.5	0.026597600011485617
17.6	0.02659702614528214
17.7	0.0265977294101041
17.8	0.026599487738869488
17.9	0.026601944739285927
18.0	0.02660467455025874
18.1	0.026607250863029577
18.2	0.026609309575569878
18.3	0.026610596472335303
18.4	0.02661099432759985
18.5	0.026610527374210526
18.6	0.026609344590836307
18.7	0.026607686230429584
18.8	0.02660584005817769
18.9	0.0266040946770024
19.0	0.02660269706300781
19.1	0.026601820157272804
19.2	0.02660154434253651
19.3	0.026601854238613772
19.4	0.026602649865027216
19.5	0.026603769194941444
19.6	0.02660501772605139
19.7	0.026606200070089247
19.8	0.02660714873208799
19.9	0.0266077461143658
20.0	0.026607937145275047
20.1	0.026607731551537603
20.2	0.02660719640445623
20.3	0.026606440938865068
20.4	0.026605596591633186
20.5	0.02660479563471149
20.6	0.026604151670860055
20.7	0.02660374468358026
20.8	0.02660361241436437
20.9	0.02660374874627527
21.0	0.02660410868020388
21.1	0.026604618559947123
21.2	0.02660518955568883
21.3	0.026605732121967575
21.4	0.0266061692158492
21.5	0.026606446449199555
21.6	0.026606537969505406
21.7	0.026606447603084515
21.8	0.02660620553348005
21.9	0.026605861418031184
22.0	0.026605475284476182
22.1	0.02660510775078153
22.2	0.026604811067295064
22.3	0.02660462222058816
22.4	0.026604558920138983
22.5	0.02660461878952089
22.6	0.026604781583014003
22.7	0.026605013820756446
22.8	0.026605274936645325
22.9	0.02660552389533428
23.0	0.026605725262734855
23.1	0.02660585388930563
23.2	0.02660589764732699
23.3	0.02660585800126114
23.4	0.026605748528801928
23.5	0.026605591800488652
23.6	0.026605415228723388
23.7	0.026605246591584128
23.8	0.02660510991905434
23.9	0.026605022312203675
24.0	0.02660499207573515
24.1	0.026605018316144296
24.2	0.026605091928174233
24.3	0.026605197695685617
24.4	0.02660531709468395
24.5	0.026605431321551014
24.6	0.026605524080711727
24.7	0.026605583744762223
24.8	0.026605604628101947
24.9	0.026605587269462987
25.0	0.026605537774066608
25.1	0.026605466399361358
25.2	0.02660538566246983
25.3	0.026605308291700342
25.4	0.02660524533751937
25.5	0.026605204705539762
25.6	0.02660519028786887
25.7	0.026605201764585553
25.8	0.02660523504241862
25.9	0.02660528320674551
26.0	0.02660533779949625
26.1	0.02660539020491122
26.2	0.026605432929594372
26.3	0.0266054605987041
26.4	0.026605470548376496
26.5	0.026605462964866024
26.6	0.02660544059221482
26.7	0.026605408091389605
26.8	0.026605371177510013
26.9	0.026605335682435942
27.0	0.02660530668740472
27.1	0.026605287846545537
27.2	0.026605280982865572
27.3	0.02660528599078604
27.4	0.02660530103096019
27.5	0.02660532296162339
27.6	0.026605347921136023
27.7	0.026605371962068115
27.8	0.026605391638938256
27.9	0.02660540446758743
28.0	0.02660540920062245
28.1	0.026605405895650476
28.2	0.026605395785444182
28.3	0.026605380987649443
28.4	0.026605364111464497
28.5	0.02660534782875664
28.6	0.02660533447577293
28.7	0.026605325741261746
28.8	0.026605322478628374
28.9	0.026605324658278622
29.0	0.026605331454057017
29.1	0.026605341438656598
29.2	0.026605352849133058
29.3	0.02660536387705773
29.4	0.026605372938327296
29.5	0.026605378884977427
29.6	0.02660538113322286
29.7	0.026605379696750635
29.8	0.026605375129128295
29.9	0.02660536839235653
30.0	0.026605360677549438
30.1	0.026605353208713125
30.2	0.026605347059929788
30.3	0.026605343011526266
30.4	0.026605341462798533
30.5	0.026605342408791186
30.6	0.026605345478595513
30.7	0.02660535002388223
30.8	0.02660535523989092
30.9	0.026605360298177668
31.0	0.0266053644705075
31.1	0.026605367226459557
31.2	0.026605368292962856
31.3	0.026605367670476065
31.4	0.026605365607462895
31.5	0.02660536254085242
31.6	0.026605359014361712
31.7	0.026605355588684616
31.8	0.026605352757573093
31.9	0.02660535088155285
32.0	0.026605350147347096
32.1	0.02660535055662163
32.2	0.02660535194294495
32.3	0.026605354011861197
32.4	0.026605356396041283
32.5	0.02660535871600666
32.6	0.026605360636994563
32.7	0.02660536191396716
32.8	0.02660536241925529
32.9	0.026605362150401168
33.0	0.026605361218872168
33.1	0.026605359823097793
33.2	0.02660535821123949
33.3	0.026605356640123954
33.4	0.02660535533671186
33.5	0.026605354467543797
33.6	0.02660535411990096
33.7	0.026605354296346476
33.8	0.02660535492223713
33.9	0.026605355863854444
34.0	0.026605356953553254
34.1	0.02660535801751625
34.2	0.026605358901873665
34.3	0.026605359493441037
34.4	0.026605359732555713
34.5	0.026605359616871157
34.6	0.026605359196368968
34.7	0.02660535856115247
34.8	0.02660535782447781
34.9	0.026605357103973624
35.0	0.026605356503955038
35.1	0.026605356101346702
35.2	0.026605355936923415
35.3	0.02660535601268968
35.4	0.026605356295181737
35.5	0.026605356723684366
35.6	0.02660535722169919
35.7	0.026605357709608927
35.8	0.026605358116694122
35.9	0.026605358390689397
36.0	0.026605358503717945
36.1	0.026605358454156954
36.2	0.026605358264394682
36.3	0.026605357975341252
36.4	0.02660535763867296
36.5	0.0266053573082826
36.6	0.02660535703209378
36.7	0.02660535684564162
36.8	0.02660535676795631
36.9	0.02660535680034125
37.0	0.02660535692780309
37.1	0.026605357122785434
37.2	0.026605357350366142
37.3	0.026605357574093182
37.4	0.02660535776146929
37.5	0.026605357888349297
37.6	0.02660535794172488
37.7	0.026605357920588896
37.8	0.02660535783498151
37.9	0.026605357703464155
38.0	0.026605357549623673
38.1	0.026605357398123933
38.2	0.026605357271008153
38.3	0.026605357184675722
38.4	0.026605357148004726
38.5	0.026605357161781692
38.6	0.026605357219273266
38.7	0.02660535730798374
38.8	0.026605357411978524
38.9	0.02660535751455925
39.0	0.026605357600795018
39.1	0.026605357659537008
39.2	0.026605357684720287
39.3	0.026605357675756888
39.4	0.026605357637146165
39.5	0.026605357577314546
39.6	0.026605357507017396
39.7	0.026605357437559214
39.8	0.026605357379056394
39.9	0.02660535733909349
40.0	0.026605357321800832
40.1	0.026605357327621485
40.2	0.026605357353548017
40.3	0.02660535739390687
40.4	0.02660535744141765
40.5	0.02660535748845048
40.6	0.02660535752813246
40.7	0.026605357555329633
40.8	0.026605357567197507
40.9	0.026605357563423235
41.0	0.026605357546014587
41.1	0.02660535751879659
41.2	0.02660535748667844
41.3	0.0266053574548345
41.4	0.026605357427917357
41.5	0.026605357409417392
41.6	0.026605357401270655
41.7	0.026605357403714166
41.8	0.026605357415398986
41.9	0.026605357433756312
42.0	0.026605357455462414
42.1	0.02660535747702518
42.2	0.026605357495285236
42.3	0.026605357507871213
42.4	0.026605357513459993
42.5	0.026605357511884708
42.6	0.026605357504038894
42.7	0.026605357491657315
42.8	0.026605357476986117
42.9	0.026605357462384637
43.0	0.026605357449999062
43.1	0.026605357441436116
43.2	0.026605357437604782
43.3	0.026605357438623436
43.4	0.026605357443891583
43.5	0.02660535745223391
43.6	0.02660535746215251
43.7	0.026605357472037225
43.8	0.026605357480438643
43.9	0.026605357486260195
44.0	0.02660535748889183
44.1	0.02660535748824077
44.2	0.0266053574847014
44.3	0.02660535747907384
44.4	0.026605357472370302
44.5	0.026605357465680875
44.6	0.02660535745998257
44.7	0.026605357456019746
44.8	0.026605357454217635
44.9	0.026605357454635607
45.0	0.026605357457004486
45.1	0.026605357460802694
45.2	0.026605357465333396
45.3	0.026605357469863776
45.4	0.026605357473727807
45.5	0.02660535747642367
45.6	0.026605357477663086
45.7	0.026605357477394072
45.8	0.026605357475800877
45.9	0.026605357473240446
46.0	0.026605357470179534
46.1	0.026605357467113965
46.2	0.0266053574644888
46.3	0.026605357462656902
46.4	0.02660535746181255
46.5	0.026605357461980485
46.6	0.026605357463047784
46.7	0.026605357464777688
46.8	0.02660535746684314
46.9	0.026605357468923244
47.0	0.02660535747069725
47.1	0.02660535747194741
47.2	0.026605357472527482
47.3	0.02660535747241497
47.4	0.026605357471701535
47.5	0.026605357470537796
47.6	0.026605357469138422
47.7	0.02660535746773468
47.8	0.026605357466527386
47.9	0.02660535746568076
48.0	0.02660535746528276
48.1	0.026605357465348266
48.2	0.02660535746583219
48.3	0.02660535746661755
48.4	0.02660535746756065
48.5	0.026605357468512236
48.6	0.026605357469334068
48.7	0.026605357469902297
48.8	0.026605357470180082
48.9	0.026605357470138893
49.0	0.026605357469813726
49.1	0.02660535746928418
49.2	0.026605357468645358
49.3	0.026605357467999653
49.4	0.026605357467446272
49.5	0.026605357467059176
49.6	0.026605357466867558
49.7	0.026605357466895123
49.8	0.026605357467108622
49.9	0.026605357467470486
50.0	0.026605357467898882
50.1	0.026605357468338642
50.2	0.026605357468712773
50.3	0.026605357468978165
50.4	0.026605357469105667
50.5	0.02660535746909182
50.6	0.02660535746894303
50.7	0.026605357468705005
50.8	0.026605357468413856
50.9	0.02660535746811838
51.0	0.026605357467862297
51.1	0.026605357467682385
51.2	0.026605357467593255
51.3	0.026605357467601967
51.4	0.026605357467700257
51.5	0.026605357467864077
51.6	0.0266053574680609
51.7	0.02660535746825817
51.8	0.0266053574684343
51.9	0.026605357468556138
52.0	0.026605357468617197
52.1	0.02660535746861199
52.2	0.026605357468545577
52.3	0.026605357468437386
52.4	0.026605357468304076
52.5	0.026605357468165024
52.6	0.026605357468050463
52.7	0.026605357467968365
52.8	0.02660535746792549
52.9	0.02660535746793178
53.0	0.026605357467973743
53.1	0.026605357468048735
53.2	0.026605357468139645
53.3	0.026605357468228938
53.4	0.026605357468306518
53.5	0.026605357468366512
53.6	0.026605357468394604
53.7	0.02660535746839227
53.8	0.0266053574683605
53.9	0.026605357468312257
54.0	0.02660535746825016
54.1	0.02660535746819009
54.2	0.026605357468134708
54.3	0.02660535746809675
54.4	0.026605357468077462
54.5	0.026605357468078888
54.6	0.026605357468096308
54.7	0.026605357468130638
54.8	0.026605357468171064
54.9	0.026605357468211
55.0	0.026605357468249623
55.1	0.026605357468274082
55.2	0.026605357468290836
55.3	0.026605357468289105
55.4	0.02660535746828051
55.5	0.026605357468253692
55.6	0.026605357468225677
55.7	0.026605357468199746
55.8	0.026605357468173017
55.9	0.026605357468156496
56.0	0.026605357468145317
56.1	0.02660535746814444
56.2	0.026605357468157342
56.3	0.026605357468168844
56.4	0.02660535746818865
56.5	0.026605357468210192
56.6	0.026605357468224382
56.7	0.0266053574682348
56.8	0.026605357468240897
56.9	0.026605357468240744
57.0	0.02660535746823954
57.1	0.026605357468224393
57.2	0.026605357468213953
57.3	0.02660535746820111
57.4	0.02660535746819002
57.5	0.026605357468183734
57.6	0.02660535746817789
57.7	0.026605357468174943
57.8	0.026605357468180324
57.9	0.026605357468187284
58.0	0.026605357468194212
58.1	0.026605357468204506
58.2	0.02660535746821109
58.3	0.02660535746821779
58.4	0.02660535746822161
58.5	0.026605357468222148
58.6	0.026605357468219456
58.7	0.026605357468211303
58.8	0.02660535746820965
58.9	0.026605357468203972
59.0	0.026605357468196648
59.1	0.02660535746819398
59.2	0.026605357468190483
59.3	0.026605357468193657
59.4	0.0266053574681931
59.5	0.02660535746819762
59.6	0.02660535746820245
59.7	0.026605357468205526
59.8	0.02660535746821097
59.9	0.02660535746821065
60.0	0.026605357468210942
60.1	0.026605357468214373
60.2	0.02660535746820968
60.3	0.026605357468209658
60.4	0.026605357468203993
60.5	0.026605357468202452
60.6	0.026605357468201998
60.7	0.02660535746819826
60.8	0.026605357468199763
60.9	0.026605357468197876
61.0	0.026605357468198938
61.1	0.02660535746820051
61.2	0.026605357468204773
61.3	0.026605357468201744
61.4	0.02660535746820878
61.5	0.02660535746820863
61.6	0.026605357468208662
61.7	0.026605357468210567
61.8	0.026605357468205793
61.9	0.02660535746820454
62.0	0.02660535746820382
62.1	0.026605357468203028
62.2	0.026605357468203392
62.3	0.026605357468202927
62.4	0.02660535746820149
62.5	0.026605357468200353
62.6	0.02660535746820063
62.7	0.026605357468201474
62.8	0.026605357468204756
62.9	0.02660535746820446
63.0	0.02660535746820508
63.1	0.026605357468206803
63.2	0.026605357468208544
63.3	0.026605357468206584
63.4	0.02660535746820439
63.5	0.02660535746820664
63.6	0.02660535746820646
63.7	0.026605357468204843
63.8	0.026605357468205516
63.9	0.02660535746820153
64.0	0.026605357468202702
64.1	0.02660535746820317
64.2	0.026605357468202438
64.3	0.026605357468203316
64.4	0.02660535746820296
64.5	0.026605357468207157
64.6	0.02660535746820415
64.7	0.026605357468204367
64.8	0.026605357468203857
64.9	0.02660535746820492
65.0	0.026605357468203642
65.1	0.026605357468203705
65.2	0.02660535746820463
65.3	0.026605357468201765
65.4	0.026605357468204208
65.5	0.026605357468205162
65.6	0.026605357468202723
65.7	0.026605357468203354
65.8	0.026605357468203483
65.9	0.026605357468203403
66.0	0.026605357468203528
66.1	0.026605357468205373
66.2	0.02660535746820471
66.3	0.026605357468202858
66.4	0.026605357468206404
66.5	0.026605357468206633
66.6	0.02660535746820491
66.7	0.026605357468203285
66.8	0.026605357468203923
66.9	0.026605357468203163
67.0	0.02660535746820216
67.1	0.026605357468203163
67.2	0.026605357468205703
67.3	0.02660535746820324
67.4	0.026605357468204336
67.5	0.026605357468201602
67.6	0.02660535746820394
67.7	0.026605357468205578
67.8	0.026605357468203725
67.9	0.026605357468202657
68.0	0.02660535746820775
68.1	0.026605357468201668
68.2	0.026605357468205595
68.3	0.026605357468203764
68.4	0.02660535746820342
68.5	0.026605357468205228
68.6	0.026605357468203708
68.7	0.026605357468203864
68.8	0.02660535746820383
68.9	0.02660535746820586
69.0	0.02660535746820385
69.1	0.026605357468202456
69.2	0.026605357468205335
69.3	0.026605357468205155
69.4	0.02660535746820402
69.5	0.02660535746820374
69.6	0.026605357468202414
69.7	0.02660535746820301
69.8	0.026605357468206428
69.9	0.02660535746820221
70.0	0.026605357468204582
70.1	0.026605357468202133
70.2	0.02660535746820342
70.3	0.026605357468205405
70.4	0.02660535746820289
70.5	0.02660535746819951
70.6	0.02660535746820333
70.7	0.026605357468201602
70.8	0.026605357468204853
70.9	0.026605357468203517
71.0	0.02660535746820342
71.1	0.02660535746820125
71.2	0.02660535746820354
71.3	0.02660535746820417
71.4	0.026605357468199867
71.5	0.02660535746820263
71.6	0.026605357468202872
71.7	0.02660535746820548
71.8	0.026605357468205974
71.9	0.026605357468204267
72.0	0.026605357468201755
72.1	0.02660535746820439
72.2	0.026605357468204003
72.3	0.026605357468202456
72.4	0.0266053574682061
72.5	0.026605357468205148
72.6	0.026605357468201373
72.7	0.026605357468202532
72.8	0.026605357468203143
72.9	0.026605357468204575
73.0	0.026605357468206314
73.1	0.026605357468203267
73.2	0.026605357468201706
73.3	0.02660535746820417
73.4	0.02660535746820111
73.5	0.026605357468205765
73.6	0.02660535746820371
73.7	0.02660535746820421
73.8	0.026605357468200773
73.9	0.026605357468207694
74.0	0.02660535746820202
74.1	0.02660535746820478
74.2	0.0266053574682032
74.3	0.026605357468204843
74.4	0.02660535746820571
74.5	0.026605357468203555
74.6	0.026605357468204784
74.7	0.02660535746820569
74.8	0.026605357468203597
74.9	0.026605357468203156
75.0	0.026605357468203913
75.1	0.02660535746820369
75.2	0.02660535746820371
75.3	0.026605357468204176
75.4	0.026605357468202816
75.5	0.026605357468204454
75.6	0.02660535746820317
75.7	0.026605357468204655
75.8	0.02660535746820334
75.9	0.02660535746820482
76.0	0.02660535746820449
76.1	0.02660535746820073
76.2	0.026605357468202622
76.3	0.026605357468203254
76.4	0.0266053574682026
76.5	0.02660535746820403
76.6	0.02660535746820629
76.7	0.02660535746820397
76.8	0.026605357468204412
76.9	0.02660535746820167
77.0	0.026605357468204947
77.1	0.026605357468204405
77.2	0.026605357468205876
77.3	0.02660535746820608
77.4	0.026605357468203947
77.5	0.026605357468203503
77.6	0.026605357468200422
77.7	0.026605357468202726
77.8	0.02660535746820227
77.9	0.0266053574682055
78.0	0.026605357468204374
78.1	0.026605357468203514
78.2	0.026605357468203777
78.3	0.02660535746820424
78.4	0.02660535746820447
78.5	0.026605357468202553
78.6	0.026605357468207507
78.7	0.026605357468201734
78.8	0.026605357468198934
78.9	0.026605357468205436
79.0	0.026605357468204704
79.1	0.026605357468204336
79.2	0.026605357468199704
79.3	0.026605357468203587
79.4	0.02660535746820311
79.5	0.026605357468204565
79.6	0.026605357468205467
79.7	0.026605357468205065
79.8	0.02660535746820186
79.9	0.026605357468203455
80.0	0.02660535746820538
80.1	0.02660535746820605
80.2	0.026605357468203937
80.3	0.02660535746820269
80.4	0.026605357468202168
80.5	0.026605357468203628
80.6	0.026605357468203597
80.7	0.02660535746820397
80.8	0.0266053574682035
80.9	0.026605357468205023
81.0	0.026605357468202865
81.1	0.026605357468202202
81.2	0.026605357468203777
81.3	0.026605357468204933
81.4	0.02660535746820212
81.5	0.026605357468202254
81.6	0.026605357468201685
81.7	0.026605357468202456
81.8	0.026605357468202855
81.9	0.026605357468205658
82.0	0.02660535746820622
82.1	0.026605357468203233
82.2	0.026605357468199923
82.3	0.026605357468205092
82.4	0.026605357468207514
82.5	0.026605357468203146
82.6	0.026605357468204038
82.7	0.026605357468204253
82.8	0.02660535746819976
82.9	0.026605357468203732
83.0	0.026605357468203673
83.1	0.02660535746820426
83.2	0.02660535746820382
83.3	0.026605357468204038
83.4	0.026605357468204843
83.5	0.026605357468204843
83.6	0.026605357468201803
83.7	0.026605357468203913
83.8	0.026605357468206716
83.9	0.02660535746820265
84.0	0.026605357468203677
84.1	0.026605357468205703
84.2	0.026605357468201817
84.3	0.026605357468200287
84.4	0.026605357468203777
84.5	0.026605357468202154
84.6	0.026605357468203226
84.7	0.026605357468206074
84.8	0.026605357468204246
84.9	0.02660535746820337
85.0	0.026605357468205273
85.1	0.026605357468205856
85.2	0.02660535746820449
85.3	0.02660535746820468
85.4	0.026605357468204437
85.5	0.02660535746820292
85.6	0.02660535746820439
85.7	0.026605357468202934
85.8	0.026605357468203535
85.9	0.026605357468205932
86.0	0.02660535746820218
86.1	0.02660535746820434
86.2	0.026605357468201203
86.3	0.0266053574682041
86.4	0.026605357468205273
86.5	0.026605357468204686
86.6	0.026605357468201436
86.7	0.026605357468203954
86.8	0.02660535746820294
86.9	0.026605357468202726
87.0	0.026605357468203486
87.1	0.026605357468206543
87.2	0.026605357468203698
87.3	0.026605357468205446
87.4	0.026605357468203323
87.5	0.026605357468203365
87.6	0.026605357468204246
87.7	0.026605357468202476
87.8	0.02660535746820361
87.9	0.02660535746820541
88.0	0.026605357468205876
88.1	0.026605357468204534
88.2	0.026605357468205335
88.3	0.026605357468204176
88.4	0.026605357468205505
88.5	0.02660535746820785
88.6	0.02660535746820596
88.7	0.026605357468203805
88.8	0.026605357468203323
88.9	0.026605357468202688
89.0	0.026605357468206806
89.1	0.02660535746820596
89.2	0.026605357468202712
89.3	0.026605357468202147
89.4	0.02660535746820782
89.5	0.02660535746820892
89.6	0.026605357468204888
89.7	0.026605357468204683
89.8	0.026605357468204454
89.9	0.02660535746820358
90.0	0.026605357468204957
90.1	0.026605357468204017
90.2	0.026605357468203486
90.3	0.026605357468204107
90.4	0.02660535746820535
90.5	0.02660535746820422
90.6	0.02660535746820541
90.7	0.026605357468203035
90.8	0.02660535746820245
90.9	0.02660535746820237
91.0	0.026605357468205092
91.1	0.026605357468202726
91.2	0.026605357468206442
91.3	0.026605357468204752
91.4	0.02660535746820713
91.5	0.026605357468201994
91.6	0.02660535746820231
91.7	0.026605357468206345
91.8	0.026605357468202997
91.9	0.026605357468205117
92.0	0.02660535746820357
92.1	0.026605357468203514
92.2	0.026605357468201873
92.3	0.026605357468203975
92.4	0.02660535746820144
92.5	0.026605357468203004
92.6	0.026605357468202643
92.7	0.02660535746820506
92.8	0.0266053574682044
92.9	0.02660535746820283
93.0	0.026605357468204846
93.1	0.02660535746820378
93.2	0.026605357468204364
93.3	0.026605357468201307
93.4	0.026605357468204322
93.5	0.026605357468203125
93.6	0.026605357468202202
93.7	0.02660535746820324
93.8	0.02660535746820267
93.9	0.02660535746820294
94.0	0.026605357468205353
94.1	0.02660535746820361
94.2	0.02660535746820144
94.3	0.026605357468205176
94.4	0.026605357468203177
94.5	0.026605357468203385
94.6	0.026605357468202712
94.7	0.026605357468201644
94.8	0.026605357468206824
94.9	0.0266053574682008
95.0	0.026605357468203597
95.1	0.026605357468205998
95.2	0.026605357468202997
95.3	0.026605357468202587
95.4	0.02660535746820503
95.5	0.02660535746820739
95.6	0.026605357468203642
95.7	0.02660535746820083
95.8	0.02660535746820469
95.9	0.026605357468203552
96.0	0.02660535746820333
96.1	0.0266053574682009
96.2	0.026605357468204582
96.3	0.02660535746820257
96.4	0.026605357468204544
96.5	0.026605357468201737
96.6	0.02660535746820369
96.7	0.026605357468203344
96.8	0.026605357468204926
96.9	0.02660535746820127
97.0	0.026605357468204232
97.1	0.026605357468205568
97.2	0.026605357468202098
97.3	0.026605357468202608
97.4	0.026605357468202816
97.5	0.02660535746820387
97.6	0.02660535746820687
97.7	0.0266053574682031
97.8	0.02660535746820571
97.9	0.02660535746820306
98.0	0.02660535746820611
98.1	0.026605357468202775
98.2	0.026605357468202456
98.3	0.02660535746820351
98.4	0.026605357468204666
98.5	0.02660535746820314
98.6	0.026605357468206945
98.7	0.026605357468203476
98.8	0.026605357468203715
98.9	0.02660535746820408
99.0	0.026605357468205373
99.1	0.02660535746820616
99.2	0.026605357468204773
99.3	0.026605357468200887
99.4	0.026605357468205814
99.5	0.026605357468204527
99.6	0.02660535746820221
99.7	0.026605357468204614
99.8	0.026605357468204534
99.9	0.0266053574682012
100.0	0.02660535746820453
