0.0 	 0.0 
0.1 	 0.002577812839929495 
0.2 	 0.0048436303745104095 
0.3 	 0.005880502013272339 
0.4 	 0.006237875107150778 
0.5 	 0.006315915087360123 
0.6 	 0.006306128878451094 
0.7 	 0.006281502077912896 
0.8 	 0.006262772248479058 
0.9 	 0.006252094646943462 
1.0 	 0.006246971822736411 
1.1 	 0.006244859678152942 
1.2 	 0.006244135646496048 
1.3 	 0.006243959943505469 
1.4 	 0.006243960348407665 
1.5 	 0.006243996448566031 
1.6 	 0.006244026560424311 
1.7 	 0.006244044398360165 
1.8 	 0.006244053189170224 
1.9 	 0.006244056911135256 
2.0 	 0.006244058234914885 
2.1 	 0.006244058584566876 
2.2 	 0.006244058607580679 
2.3 	 0.0062440585556571455 
2.4 	 0.00624405850754252 
2.5 	 0.0062440584778642935 
2.6 	 0.006244058462836135 
2.7 	 0.006244058456311504 
2.8 	 0.006244058453906247 
2.9 	 0.006244058453227356 
3.0 	 0.00624405845315155 
3.1 	 0.006244058453215817 
3.2 	 0.006244058453292424 
3.3 	 0.0062440584533455835 
3.4 	 0.0062440584533648875 
3.5 	 0.006244058453385749 
3.6 	 0.006244058453383759 
3.7 	 0.006244058453390498 
3.8 	 0.006244058453385318 
3.9 	 0.006244058453386148 
4.0 	 0.0062440584533867355 
4.1 	 0.006244058453390778 
4.2 	 0.006244058453390052 
4.3 	 0.00624405845339024 
4.4 	 0.006244058453385423 
4.5 	 0.006244058453383684 
4.6 	 0.006244058453382603 
4.7 	 0.006244058453392289 
4.8 	 0.00624405845338301 
4.9 	 0.006244058453389429 
5.0 	 0.0062440584533925 
5.1 	 0.006244058453390163 
5.2 	 0.006244058453384365 
5.3 	 0.0062440584533834794 
5.4 	 0.006244058453384589 
5.5 	 0.0062440584533821645 
5.6 	 0.006244058453390128 
5.7 	 0.006244058453382154 
5.8 	 0.006244058453382344 
5.9 	 0.00624405845338389 
6.0 	 0.006244058453384279 
6.1 	 0.006244058453387368 
6.2 	 0.0062440584533794445 
6.3 	 0.0062440584533865195 
6.4 	 0.006244058453382625 
6.5 	 0.006244058453383553 
6.6 	 0.006244058453386649 
6.7 	 0.006244058453383057 
6.8 	 0.006244058453382225 
6.9 	 0.006244058453388382 
7.0 	 0.006244058453389475 
7.1 	 0.006244058453384367 
7.2 	 0.006244058453385859 
7.3 	 0.006244058453388303 
7.4 	 0.0062440584533827925 
7.5 	 0.006244058453383468 
7.6 	 0.006244058453390974 
7.7 	 0.006244058453385695 
7.8 	 0.006244058453387175 
7.9 	 0.0062440584533871996 
8.0 	 0.006244058453383953 
8.1 	 0.00624405845338701 
8.2 	 0.00624405845338678 
8.3 	 0.006244058453385433 
8.4 	 0.006244058453387011 
8.5 	 0.006244058453388462 
8.6 	 0.006244058453386299 
8.7 	 0.00624405845338519 
8.8 	 0.00624405845338724 
8.9 	 0.006244058453379463 
9.0 	 0.0062440584533910905 
9.1 	 0.006244058453383635 
9.2 	 0.0062440584533877954 
9.3 	 0.006244058453387624 
9.4 	 0.006244058453386075 
9.5 	 0.006244058453386875 
9.6 	 0.006244058453387046 
9.7 	 0.006244058453384188 
9.8 	 0.006244058453387233 
9.9 	 0.0062440584533841464 
10.0 	 0.00624405845338107 
10.1 	 0.006244058453387002 
10.2 	 0.006244058453387 
10.3 	 0.006244058453384544 
10.4 	 0.006244058453384288 
10.5 	 0.006244058453387168 
10.6 	 0.006244058453378936 
10.7 	 0.00624405845338605 
10.8 	 0.006244058453388282 
10.9 	 0.006244058453387474 
11.0 	 0.006244058453384825 
11.1 	 0.006244058453384211 
11.2 	 0.006244058453387401 
11.3 	 0.006244058453386471 
11.4 	 0.0062440584533801306 
11.5 	 0.006244058453386299 
11.6 	 0.00624405845338544 
11.7 	 0.0062440584533896264 
11.8 	 0.00624405845338367 
11.9 	 0.00624405845338851 
12.0 	 0.006244058453388985 
12.1 	 0.006244058453384537 
12.2 	 0.006244058453381677 
12.3 	 0.006244058453386758 
12.4 	 0.006244058453385086 
12.5 	 0.006244058453382836 
12.6 	 0.0062440584533877954 
12.7 	 0.006244058453384174 
12.8 	 0.006244058453383675 
12.9 	 0.006244058453392066 
13.0 	 0.006244058453384101 
13.1 	 0.006244058453390962 
13.2 	 0.00624405845338531 
13.3 	 0.006244058453382606 
13.4 	 0.006244058453384533 
13.5 	 0.006244058453385518 
13.6 	 0.006244058453387455 
13.7 	 0.006244058453383265 
13.8 	 0.006244058453378834 
13.9 	 0.006244058453389655 
14.0 	 0.00624405845338764 
14.1 	 0.006244058453388272 
14.2 	 0.0062440584533913195 
14.3 	 0.006244058453386746 
14.4 	 0.006244058453379492 
14.5 	 0.006244058453386218 
14.6 	 0.006244058453386331 
14.7 	 0.006244058453391512 
14.8 	 0.0062440584533883575 
14.9 	 0.006244058453382159 
15.0 	 0.006244058453387783 
15.1 	 0.006244058453386337 
15.2 	 0.006244058453381917 
15.3 	 0.0062440584533845715 
15.4 	 0.00624405845338677 
15.5 	 0.0062440584533878535 
15.6 	 0.006244058453386758 
15.7 	 0.006244058453382205 
15.8 	 0.0062440584533832175 
15.9 	 0.006244058453385602 
16.0 	 0.006244058453384089 
16.1 	 0.006244058453384082 
16.2 	 0.006244058453382574 
16.3 	 0.006244058453384162 
16.4 	 0.006244058453388538 
16.5 	 0.006244058453386421 
16.6 	 0.006244058453387335 
16.7 	 0.0062440584533927646 
16.8 	 0.006244058453383367 
16.9 	 0.0062440584533844075 
17.0 	 0.006244058453381243 
17.1 	 0.006244058453385811 
17.2 	 0.006244058453386575 
17.3 	 0.006244058453381946 
17.4 	 0.0062440584533900835 
17.5 	 0.006244058453387438 
17.6 	 0.006244058453388818 
17.7 	 0.006244058453388586 
17.8 	 0.006244058453391714 
17.9 	 0.0062440584533860494 
18.0 	 0.006244058453385027 
18.1 	 0.006244058453389423 
18.2 	 0.006244058453386546 
18.3 	 0.006244058453390672 
18.4 	 0.0062440584533873435 
18.5 	 0.006244058453383185 
18.6 	 0.006244058453378546 
18.7 	 0.006244058453386484 
18.8 	 0.006244058453381908 
18.9 	 0.0062440584533883774 
19.0 	 0.0062440584533840614 
19.1 	 0.006244058453386556 
19.2 	 0.006244058453389212 
19.3 	 0.0062440584533931635 
19.4 	 0.006244058453388985 
19.5 	 0.006244058453379461 
19.6 	 0.006244058453387884 
19.7 	 0.006244058453378987 
19.8 	 0.006244058453390788 
19.9 	 0.006244058453385283 
20.0 	 0.0062440584533879125 
20.1 	 0.006244058453391802 
20.2 	 0.006244058453385429 
20.3 	 0.006244058453386321 
20.4 	 0.006244058453380966 
20.5 	 0.00624405845338915 
20.6 	 0.0062440584533889594 
20.7 	 0.0062440584533867876 
20.8 	 0.006244058453387721 
20.9 	 0.00624405845338932 
21.0 	 0.006244058453382433 
21.1 	 0.006244058453388139 
21.2 	 0.006244058453387849 
21.3 	 0.006244058453387159 
21.4 	 0.006244058453384277 
21.5 	 0.006244058453390703 
21.6 	 0.0062440584533862845 
21.7 	 0.006244058453381937 
21.8 	 0.006244058453384518 
21.9 	 0.006244058453387381 
22.0 	 0.00624405845338536 
22.1 	 0.006244058453387505 
22.2 	 0.006244058453386402 
22.3 	 0.006244058453383043 
22.4 	 0.006244058453388939 
22.5 	 0.006244058453392916 
22.6 	 0.006244058453389894 
22.7 	 0.006244058453380671 
22.8 	 0.006244058453389677 
22.9 	 0.006244058453384612 
23.0 	 0.006244058453384583 
23.1 	 0.006244058453383253 
23.2 	 0.006244058453382416 
23.3 	 0.006244058453394962 
23.4 	 0.0062440584533879065 
23.5 	 0.0062440584533883375 
23.6 	 0.006244058453383097 
23.7 	 0.006244058453387432 
23.8 	 0.006244058453385897 
23.9 	 0.006244058453385244 
24.0 	 0.006244058453384207 
24.1 	 0.0062440584533880895 
24.2 	 0.006244058453383906 
24.3 	 0.006244058453387236 
24.4 	 0.00624405845339168 
24.5 	 0.006244058453389161 
24.6 	 0.006244058453385382 
24.7 	 0.006244058453383095 
24.8 	 0.006244058453388767 
24.9 	 0.006244058453387043 
25.0 	 0.00624405845337796 
25.1 	 0.006244058453381475 
25.2 	 0.006244058453390106 
25.3 	 0.0062440584533840285 
25.4 	 0.006244058453387395 
25.5 	 0.006244058453389379 
25.6 	 0.0062440584533876775 
25.7 	 0.0062440584533899005 
25.8 	 0.00624405845338589 
25.9 	 0.006244058453386605 
26.0 	 0.006244058453383214 
26.1 	 0.006244058453388727 
26.2 	 0.0062440584533860945 
26.3 	 0.006244058453390325 
26.4 	 0.00624405845338183 
26.5 	 0.0062440584533898676 
26.6 	 0.0062440584533840805 
26.7 	 0.006244058453385627 
26.8 	 0.006244058453380321 
26.9 	 0.006244058453384304 
27.0 	 0.006244058453388335 
27.1 	 0.006244058453386768 
27.2 	 0.006244058453384689 
27.3 	 0.006244058453386575 
27.4 	 0.006244058453387108 
27.5 	 0.00624405845338761 
27.6 	 0.006244058453382394 
27.7 	 0.006244058453388989 
27.8 	 0.0062440584533865005 
27.9 	 0.00624405845338593 
28.0 	 0.006244058453382854 
28.1 	 0.006244058453381739 
28.2 	 0.006244058453386039 
28.3 	 0.006244058453382466 
28.4 	 0.006244058453384079 
28.5 	 0.006244058453385251 
28.6 	 0.006244058453384983 
28.7 	 0.006244058453383847 
28.8 	 0.006244058453387197 
28.9 	 0.006244058453389213 
29.0 	 0.0062440584533806015 
29.1 	 0.006244058453383869 
29.2 	 0.006244058453385263 
29.3 	 0.006244058453381491 
29.4 	 0.006244058453385227 
29.5 	 0.006244058453376396 
29.6 	 0.006244058453385176 
29.7 	 0.006244058453385189 
29.8 	 0.006244058453383269 
29.9 	 0.006244058453384916 
30.0 	 0.006244058453382105 
30.1 	 0.0062440584533813796 
30.2 	 0.006244058453383876 
30.3 	 0.006244058453388273 
30.4 	 0.006244058453382715 
30.5 	 0.006244058453385033 
30.6 	 0.0062440584533848 
30.7 	 0.00624405845338411 
30.8 	 0.006244058453382345 
30.9 	 0.006244058453384478 
31.0 	 0.006244058453381778 
31.1 	 0.006244058453387096 
31.2 	 0.006244058453390148 
31.3 	 0.006244058453391507 
31.4 	 0.006244058453390349 
31.5 	 0.0062440584533865855 
31.6 	 0.006244058453387272 
31.7 	 0.006244058453388019 
31.8 	 0.00624405845338853 
31.9 	 0.00624405845338885 
32.0 	 0.006244058453387356 
32.1 	 0.006244058453387623 
32.2 	 0.006244058453387378 
32.3 	 0.006244058453390776 
32.4 	 0.006244058453380921 
32.5 	 0.006244058453385424 
32.6 	 0.006244058453385948 
32.7 	 0.00624405845338594 
32.8 	 0.006244058453388405 
32.9 	 0.006244058453385636 
33.0 	 0.006244058453385218 
33.1 	 0.006244058453382401 
33.2 	 0.006244058453387166 
33.3 	 0.006244058453383267 
33.4 	 0.006244058453387875 
33.5 	 0.006244058453387669 
33.6 	 0.006244058453386334 
33.7 	 0.006244058453386556 
33.8 	 0.006244058453389051 
33.9 	 0.006244058453384157 
34.0 	 0.006244058453391424 
34.1 	 0.00624405845338507 
34.2 	 0.006244058453387886 
34.3 	 0.006244058453389443 
34.4 	 0.006244058453380838 
34.5 	 0.006244058453388324 
34.6 	 0.006244058453381253 
34.7 	 0.006244058453383237 
34.8 	 0.0062440584533883245 
34.9 	 0.006244058453389914 
35.0 	 0.006244058453385086 
35.1 	 0.0062440584533850286 
35.2 	 0.006244058453382366 
35.3 	 0.006244058453381909 
35.4 	 0.006244058453381959 
35.5 	 0.006244058453384323 
35.6 	 0.006244058453384811 
35.7 	 0.006244058453389838 
35.8 	 0.006244058453380546 
35.9 	 0.0062440584533778615 
36.0 	 0.0062440584533871805 
36.1 	 0.006244058453386964 
36.2 	 0.006244058453388375 
36.3 	 0.006244058453387236 
36.4 	 0.006244058453382088 
36.5 	 0.006244058453384058 
36.6 	 0.006244058453386067 
36.7 	 0.006244058453383882 
36.8 	 0.006244058453386324 
36.9 	 0.006244058453391812 
37.0 	 0.006244058453386378 
37.1 	 0.006244058453386151 
37.2 	 0.006244058453386127 
37.3 	 0.006244058453388683 
37.4 	 0.0062440584533829235 
37.5 	 0.006244058453387591 
37.6 	 0.006244058453382481 
37.7 	 0.0062440584533838255 
37.8 	 0.006244058453387228 
37.9 	 0.006244058453380788 
38.0 	 0.00624405845339023 
38.1 	 0.0062440584533837995 
38.2 	 0.0062440584533833745 
38.3 	 0.006244058453378811 
38.4 	 0.006244058453385484 
38.5 	 0.006244058453386419 
38.6 	 0.006244058453388183 
38.7 	 0.006244058453379975 
38.8 	 0.006244058453389228 
38.9 	 0.006244058453388242 
39.0 	 0.006244058453390261 
39.1 	 0.006244058453379466 
39.2 	 0.006244058453383844 
39.3 	 0.006244058453388119 
39.4 	 0.006244058453384105 
39.5 	 0.006244058453384769 
39.6 	 0.006244058453388316 
39.7 	 0.006244058453391188 
39.8 	 0.00624405845338541 
39.9 	 0.006244058453393401 
40.0 	 0.006244058453381459 
40.1 	 0.006244058453380609 
40.2 	 0.006244058453384961 
40.3 	 0.006244058453380151 
40.4 	 0.006244058453385297 
40.5 	 0.006244058453387929 
40.6 	 0.006244058453386598 
40.7 	 0.006244058453385537 
40.8 	 0.006244058453393207 
40.9 	 0.006244058453383514 
41.0 	 0.006244058453387962 
41.1 	 0.0062440584533856236 
41.2 	 0.006244058453390936 
41.3 	 0.00624405845338025 
41.4 	 0.006244058453387382 
41.5 	 0.006244058453381162 
41.6 	 0.006244058453388308 
41.7 	 0.006244058453383097 
41.8 	 0.00624405845338745 
41.9 	 0.006244058453382592 
42.0 	 0.0062440584533815366 
42.1 	 0.006244058453388117 
42.2 	 0.006244058453381906 
42.3 	 0.006244058453384153 
42.4 	 0.006244058453388891 
42.5 	 0.006244058453381889 
42.6 	 0.0062440584533828055 
42.7 	 0.006244058453382374 
42.8 	 0.006244058453384852 
42.9 	 0.006244058453389015 
43.0 	 0.0062440584533880955 
43.1 	 0.006244058453384367 
43.2 	 0.006244058453388724 
43.3 	 0.006244058453383188 
43.4 	 0.006244058453384103 
43.5 	 0.006244058453388709 
43.6 	 0.006244058453381699 
43.7 	 0.0062440584533828055 
43.8 	 0.006244058453388172 
43.9 	 0.00624405845338549 
44.0 	 0.00624405845338458 
44.1 	 0.006244058453388484 
44.2 	 0.006244058453382405 
44.3 	 0.0062440584533827986 
44.4 	 0.006244058453384176 
44.5 	 0.006244058453387008 
44.6 	 0.006244058453386353 
44.7 	 0.006244058453383424 
44.8 	 0.006244058453381645 
44.9 	 0.00624405845338343 
45.0 	 0.006244058453388773 
45.1 	 0.006244058453385439 
45.2 	 0.006244058453387121 
45.3 	 0.006244058453388174 
45.4 	 0.0062440584533845975 
45.5 	 0.006244058453382372 
45.6 	 0.006244058453390152 
45.7 	 0.006244058453382623 
45.8 	 0.006244058453385228 
45.9 	 0.00624405845338391 
46.0 	 0.006244058453386933 
46.1 	 0.006244058453384516 
46.2 	 0.006244058453390945 
46.3 	 0.00624405845338628 
46.4 	 0.00624405845338746 
46.5 	 0.006244058453387428 
46.6 	 0.0062440584533856895 
46.7 	 0.006244058453386465 
46.8 	 0.00624405845339075 
46.9 	 0.0062440584533896325 
47.0 	 0.006244058453380781 
47.1 	 0.006244058453384981 
47.2 	 0.006244058453390257 
47.3 	 0.006244058453390793 
47.4 	 0.006244058453383076 
47.5 	 0.006244058453384764 
47.6 	 0.006244058453379695 
47.7 	 0.006244058453390524 
47.8 	 0.006244058453387226 
47.9 	 0.00624405845338864 
48.0 	 0.006244058453384669 
48.1 	 0.006244058453388161 
48.2 	 0.006244058453388167 
48.3 	 0.006244058453387854 
48.4 	 0.006244058453388813 
48.5 	 0.006244058453387226 
48.6 	 0.006244058453385217 
48.7 	 0.006244058453383271 
48.8 	 0.006244058453382991 
48.9 	 0.006244058453383219 
49.0 	 0.006244058453389809 
49.1 	 0.006244058453385937 
49.2 	 0.006244058453384283 
49.3 	 0.0062440584533861145 
49.4 	 0.0062440584533896264 
49.5 	 0.006244058453381148 
49.6 	 0.006244058453385339 
49.7 	 0.006244058453390215 
49.8 	 0.00624405845338053 
49.9 	 0.006244058453384079 
50.0 	 0.00624405845337945 
50.1 	 0.006244058453381901 
50.2 	 0.006244058453389413 
50.3 	 0.0062440584533909015 
50.4 	 0.0062440584533835835 
50.5 	 0.00624405845338252 
50.6 	 0.006244058453383964 
50.7 	 0.006244058453384446 
50.8 	 0.006244058453388128 
50.9 	 0.006244058453387386 
51.0 	 0.006244058453388511 
51.1 	 0.006244058453380032 
51.2 	 0.00624405845339358 
51.3 	 0.00624405845338559 
51.4 	 0.006244058453391575 
51.5 	 0.006244058453387417 
51.6 	 0.006244058453380908 
51.7 	 0.006244058453384498 
51.8 	 0.0062440584533856236 
51.9 	 0.00624405845338763 
52.0 	 0.006244058453382162 
52.1 	 0.006244058453382835 
52.2 	 0.0062440584533830085 
52.3 	 0.006244058453391172 
52.4 	 0.006244058453385042 
52.5 	 0.006244058453392298 
52.6 	 0.006244058453382963 
52.7 	 0.006244058453386693 
52.8 	 0.006244058453389538 
52.9 	 0.006244058453386511 
53.0 	 0.0062440584533867746 
53.1 	 0.006244058453379254 
53.2 	 0.006244058453386443 
53.3 	 0.006244058453382828 
53.4 	 0.006244058453386816 
53.5 	 0.00624405845338879 
53.6 	 0.006244058453389188 
53.7 	 0.0062440584533864805 
53.8 	 0.006244058453389217 
53.9 	 0.006244058453388482 
54.0 	 0.006244058453385213 
54.1 	 0.00624405845338235 
54.2 	 0.006244058453389105 
54.3 	 0.0062440584533895935 
54.4 	 0.006244058453382768 
54.5 	 0.006244058453390035 
54.6 	 0.006244058453385873 
54.7 	 0.006244058453384117 
54.8 	 0.006244058453389878 
54.9 	 0.006244058453386992 
55.0 	 0.006244058453390483 
55.1 	 0.0062440584533834 
55.2 	 0.006244058453384481 
55.3 	 0.0062440584533818505 
55.4 	 0.006244058453390908 
55.5 	 0.00624405845338433 
55.6 	 0.006244058453385879 
55.7 	 0.006244058453385488 
55.8 	 0.006244058453384436 
55.9 	 0.006244058453390689 
56.0 	 0.006244058453387489 
56.1 	 0.006244058453388666 
56.2 	 0.006244058453383153 
56.3 	 0.006244058453386109 
56.4 	 0.006244058453382579 
56.5 	 0.006244058453384319 
56.6 	 0.006244058453384131 
56.7 	 0.006244058453386277 
56.8 	 0.006244058453386973 
56.9 	 0.006244058453383686 
57.0 	 0.006244058453383869 
57.1 	 0.006244058453390485 
57.2 	 0.00624405845339224 
57.3 	 0.006244058453386367 
57.4 	 0.006244058453384771 
57.5 	 0.006244058453384797 
57.6 	 0.0062440584533845515 
57.7 	 0.006244058453384487 
57.8 	 0.006244058453387834 
57.9 	 0.0062440584533861405 
58.0 	 0.006244058453384378 
58.1 	 0.006244058453386531 
58.2 	 0.006244058453389376 
58.3 	 0.00624405845338851 
58.4 	 0.00624405845338584 
58.5 	 0.006244058453387218 
58.6 	 0.006244058453383021 
58.7 	 0.006244058453387661 
58.8 	 0.006244058453382244 
58.9 	 0.006244058453385517 
59.0 	 0.006244058453383147 
59.1 	 0.006244058453385844 
59.2 	 0.006244058453388109 
59.3 	 0.006244058453382993 
59.4 	 0.0062440584533887495 
59.5 	 0.006244058453388276 
59.6 	 0.0062440584533865655 
59.7 	 0.006244058453391391 
59.8 	 0.006244058453382507 
59.9 	 0.006244058453385355 
60.0 	 0.006244058453379893 
60.1 	 0.006244058453387901 
60.2 	 0.00624405845338746 
60.3 	 0.006244058453390342 
60.4 	 0.006244058453389198 
60.5 	 0.00624405845338516 
60.6 	 0.006244058453391177 
60.7 	 0.006244058453384585 
60.8 	 0.0062440584533935235 
60.9 	 0.0062440584533813535 
61.0 	 0.006244058453387231 
61.1 	 0.006244058453381671 
61.2 	 0.006244058453383865 
61.3 	 0.006244058453384956 
61.4 	 0.00624405845338586 
61.5 	 0.0062440584533817395 
61.6 	 0.006244058453385019 
61.7 	 0.006244058453384339 
61.8 	 0.006244058453389464 
61.9 	 0.006244058453381479 
62.0 	 0.0062440584533834595 
62.1 	 0.006244058453381668 
62.2 	 0.0062440584533834395 
62.3 	 0.006244058453384291 
62.4 	 0.006244058453382559 
62.5 	 0.006244058453380604 
62.6 	 0.006244058453386156 
62.7 	 0.006244058453383462 
62.8 	 0.006244058453380993 
62.9 	 0.0062440584533834465 
63.0 	 0.006244058453386957 
63.1 	 0.006244058453385157 
63.2 	 0.00624405845338398 
63.3 	 0.006244058453389784 
63.4 	 0.006244058453387846 
63.5 	 0.006244058453386723 
63.6 	 0.006244058453388545 
63.7 	 0.006244058453383725 
63.8 	 0.006244058453381788 
63.9 	 0.0062440584533859315 
64.0 	 0.006244058453382762 
64.1 	 0.0062440584533814845 
64.2 	 0.006244058453381228 
64.3 	 0.006244058453384732 
64.4 	 0.006244058453390286 
64.5 	 0.006244058453384334 
64.6 	 0.006244058453387865 
64.7 	 0.00624405845338223 
64.8 	 0.006244058453379231 
64.9 	 0.006244058453382323 
65.0 	 0.006244058453382789 
65.1 	 0.006244058453388999 
65.2 	 0.006244058453386213 
65.3 	 0.0062440584533905875 
65.4 	 0.0062440584533814455 
65.5 	 0.006244058453387864 
65.6 	 0.006244058453391198 
65.7 	 0.006244058453380181 
65.8 	 0.006244058453384849 
65.9 	 0.00624405845338752 
66.0 	 0.006244058453384171 
66.1 	 0.006244058453387333 
66.2 	 0.006244058453381504 
66.3 	 0.006244058453381352 
66.4 	 0.0062440584533871675 
66.5 	 0.006244058453387252 
66.6 	 0.006244058453384573 
66.7 	 0.006244058453388266 
66.8 	 0.0062440584533882066 
66.9 	 0.006244058453379222 
67.0 	 0.006244058453387376 
67.1 	 0.006244058453385905 
67.2 	 0.006244058453385965 
67.3 	 0.006244058453386675 
67.4 	 0.00624405845337925 
67.5 	 0.00624405845338518 
67.6 	 0.006244058453385695 
67.7 	 0.0062440584533890574 
67.8 	 0.00624405845338723 
67.9 	 0.006244058453385873 
68.0 	 0.006244058453383265 
68.1 	 0.006244058453385458 
68.2 	 0.006244058453380972 
68.3 	 0.006244058453385413 
68.4 	 0.006244058453386398 
68.5 	 0.0062440584533880236 
68.6 	 0.006244058453387501 
68.7 	 0.006244058453382431 
68.8 	 0.006244058453387879 
68.9 	 0.006244058453385891 
69.0 	 0.006244058453388999 
69.1 	 0.006244058453386212 
69.2 	 0.006244058453388166 
69.3 	 0.006244058453380219 
69.4 	 0.006244058453382691 
69.5 	 0.006244058453388084 
69.6 	 0.006244058453389385 
69.7 	 0.0062440584533810005 
69.8 	 0.0062440584533852116 
69.9 	 0.0062440584533851005 
70.0 	 0.006244058453379202 
70.1 	 0.006244058453385827 
70.2 	 0.006244058453386222 
70.3 	 0.006244058453385587 
70.4 	 0.006244058453382123 
70.5 	 0.006244058453379758 
70.6 	 0.006244058453382859 
70.7 	 0.006244058453387256 
70.8 	 0.006244058453385202 
70.9 	 0.006244058453388111 
71.0 	 0.006244058453386862 
71.1 	 0.006244058453384751 
71.2 	 0.006244058453385524 
71.3 	 0.006244058453386022 
71.4 	 0.006244058453387061 
71.5 	 0.00624405845338834 
71.6 	 0.006244058453384277 
71.7 	 0.006244058453385777 
71.8 	 0.006244058453389845 
71.9 	 0.006244058453384719 
72.0 	 0.006244058453382144 
72.1 	 0.006244058453385704 
72.2 	 0.00624405845338731 
72.3 	 0.0062440584533877425 
72.4 	 0.006244058453386059 
72.5 	 0.0062440584533807915 
72.6 	 0.006244058453383422 
72.7 	 0.006244058453384431 
72.8 	 0.006244058453385269 
72.9 	 0.0062440584533837605 
73.0 	 0.0062440584533878535 
73.1 	 0.0062440584533862845 
73.2 	 0.006244058453382293 
73.3 	 0.006244058453384745 
73.4 	 0.006244058453381403 
73.5 	 0.006244058453384735 
73.6 	 0.006244058453382118 
73.7 	 0.006244058453389899 
73.8 	 0.006244058453389688 
73.9 	 0.006244058453389167 
74.0 	 0.006244058453384425 
74.1 	 0.00624405845338784 
74.2 	 0.006244058453383646 
74.3 	 0.006244058453385147 
74.4 	 0.006244058453383894 
74.5 	 0.006244058453383727 
74.6 	 0.006244058453387908 
74.7 	 0.006244058453382808 
74.8 	 0.006244058453384773 
74.9 	 0.006244058453384797 
75.0 	 0.006244058453385169 
75.1 	 0.006244058453386081 
75.2 	 0.00624405845338628 
75.3 	 0.006244058453385251 
75.4 	 0.006244058453390774 
75.5 	 0.006244058453385891 
75.6 	 0.006244058453383908 
75.7 	 0.0062440584533888 
75.8 	 0.006244058453378607 
75.9 	 0.006244058453383265 
76.0 	 0.006244058453384997 
76.1 	 0.006244058453384561 
76.2 	 0.00624405845338568 
76.3 	 0.006244058453388328 
76.4 	 0.006244058453385221 
76.5 	 0.006244058453384197 
76.6 	 0.006244058453391405 
76.7 	 0.006244058453394017 
76.8 	 0.0062440584533848984 
76.9 	 0.006244058453388485 
77.0 	 0.0062440584533816216 
77.1 	 0.006244058453386182 
77.2 	 0.006244058453387782 
77.3 	 0.00624405845338254 
77.4 	 0.006244058453388609 
77.5 	 0.006244058453383993 
77.6 	 0.006244058453386562 
77.7 	 0.006244058453386386 
77.8 	 0.006244058453381054 
77.9 	 0.006244058453391009 
78.0 	 0.006244058453385929 
78.1 	 0.006244058453384851 
78.2 	 0.006244058453387806 
78.3 	 0.006244058453380661 
78.4 	 0.006244058453385169 
78.5 	 0.006244058453388922 
78.6 	 0.006244058453382549 
78.7 	 0.006244058453380999 
78.8 	 0.006244058453385086 
78.9 	 0.006244058453384549 
79.0 	 0.0062440584533794705 
79.1 	 0.0062440584533914045 
79.2 	 0.0062440584533858924 
79.3 	 0.006244058453390331 
79.4 	 0.0062440584533896126 
79.5 	 0.006244058453379752 
79.6 	 0.0062440584533847805 
79.7 	 0.006244058453381265 
79.8 	 0.006244058453385451 
79.9 	 0.006244058453389202 
80.0 	 0.006244058453389647 
80.1 	 0.006244058453380587 
80.2 	 0.006244058453385833 
80.3 	 0.006244058453388252 
80.4 	 0.006244058453385707 
80.5 	 0.006244058453385678 
80.6 	 0.006244058453386003 
80.7 	 0.006244058453385953 
80.8 	 0.006244058453383509 
80.9 	 0.0062440584533853686 
81.0 	 0.00624405845338596 
81.1 	 0.00624405845338681 
81.2 	 0.006244058453382645 
81.3 	 0.006244058453381772 
81.4 	 0.006244058453382963 
81.5 	 0.006244058453385407 
81.6 	 0.006244058453383205 
81.7 	 0.006244058453382617 
81.8 	 0.006244058453384589 
81.9 	 0.006244058453388747 
82.0 	 0.006244058453382148 
82.1 	 0.006244058453386562 
82.2 	 0.006244058453383482 
82.3 	 0.006244058453385228 
82.4 	 0.006244058453387441 
82.5 	 0.0062440584533848004 
82.6 	 0.006244058453382376 
82.7 	 0.006244058453391623 
82.8 	 0.006244058453386565 
82.9 	 0.006244058453384603 
83.0 	 0.006244058453389418 
83.1 	 0.006244058453384381 
83.2 	 0.006244058453385885 
83.3 	 0.006244058453383287 
83.4 	 0.006244058453382995 
83.5 	 0.0062440584533876645 
83.6 	 0.0062440584533837076 
83.7 	 0.006244058453387929 
83.8 	 0.0062440584533881155 
83.9 	 0.006244058453389198 
84.0 	 0.006244058453384325 
84.1 	 0.0062440584533827986 
84.2 	 0.006244058453386794 
84.3 	 0.006244058453385903 
84.4 	 0.006244058453382774 
84.5 	 0.006244058453387202 
84.6 	 0.0062440584533867355 
84.7 	 0.006244058453384941 
84.8 	 0.006244058453390685 
84.9 	 0.006244058453384915 
85.0 	 0.006244058453388379 
85.1 	 0.006244058453384275 
85.2 	 0.006244058453388966 
85.3 	 0.006244058453387841 
85.4 	 0.006244058453384467 
85.5 	 0.006244058453387386 
85.6 	 0.006244058453386197 
85.7 	 0.006244058453382849 
85.8 	 0.0062440584533864025 
85.9 	 0.006244058453391734 
86.0 	 0.006244058453387687 
86.1 	 0.006244058453388514 
86.2 	 0.006244058453385482 
86.3 	 0.006244058453387896 
86.4 	 0.0062440584533868075 
86.5 	 0.00624405845339034 
86.6 	 0.006244058453382758 
86.7 	 0.006244058453389421 
86.8 	 0.006244058453384444 
86.9 	 0.006244058453390938 
87.0 	 0.006244058453384063 
87.1 	 0.006244058453384295 
87.2 	 0.0062440584533909604 
87.3 	 0.00624405845338191 
87.4 	 0.006244058453391324 
87.5 	 0.006244058453387197 
87.6 	 0.0062440584533910316 
87.7 	 0.006244058453382584 
87.8 	 0.006244058453386709 
87.9 	 0.006244058453384329 
88.0 	 0.006244058453384383 
88.1 	 0.006244058453385643 
88.2 	 0.0062440584533911235 
88.3 	 0.006244058453386265 
88.4 	 0.0062440584533834265 
88.5 	 0.006244058453385903 
88.6 	 0.006244058453387625 
88.7 	 0.006244058453386354 
88.8 	 0.006244058453385885 
88.9 	 0.006244058453385868 
89.0 	 0.006244058453388089 
89.1 	 0.00624405845339161 
89.2 	 0.006244058453386687 
89.3 	 0.006244058453386988 
89.4 	 0.006244058453386715 
89.5 	 0.006244058453385322 
89.6 	 0.006244058453386519 
89.7 	 0.006244058453385456 
89.8 	 0.006244058453386116 
89.9 	 0.00624405845338235 
90.0 	 0.006244058453383074 
90.1 	 0.006244058453384844 
90.2 	 0.006244058453378397 
90.3 	 0.00624405845338311 
90.4 	 0.006244058453382232 
90.5 	 0.006244058453381861 
90.6 	 0.0062440584533863175 
90.7 	 0.006244058453386324 
90.8 	 0.006244058453391002 
90.9 	 0.006244058453390285 
91.0 	 0.006244058453387372 
91.1 	 0.006244058453389417 
91.2 	 0.006244058453383898 
91.3 	 0.006244058453386381 
91.4 	 0.006244058453384715 
91.5 	 0.006244058453389662 
91.6 	 0.006244058453393607 
91.7 	 0.0062440584533920065 
91.8 	 0.006244058453386613 
91.9 	 0.006244058453383693 
92.0 	 0.0062440584533868014 
92.1 	 0.006244058453388702 
92.2 	 0.0062440584533857936 
92.3 	 0.0062440584533883705 
92.4 	 0.0062440584533867425 
92.5 	 0.006244058453380002 
92.6 	 0.0062440584533884165 
92.7 	 0.006244058453379749 
92.8 	 0.006244058453387674 
92.9 	 0.006244058453386821 
93.0 	 0.006244058453383436 
93.1 	 0.006244058453385446 
93.2 	 0.0062440584533832635 
93.3 	 0.00624405845338655 
93.4 	 0.006244058453382382 
93.5 	 0.006244058453383114 
93.6 	 0.00624405845338619 
93.7 	 0.006244058453388822 
93.8 	 0.006244058453389751 
93.9 	 0.0062440584533839435 
94.0 	 0.006244058453385337 
94.1 	 0.006244058453388659 
94.2 	 0.006244058453391119 
94.3 	 0.006244058453388577 
94.4 	 0.0062440584533828255 
94.5 	 0.0062440584533876835 
94.6 	 0.006244058453387272 
94.7 	 0.006244058453390112 
94.8 	 0.006244058453383022 
94.9 	 0.00624405845338412 
95.0 	 0.006244058453386787 
95.1 	 0.00624405845338182 
95.2 	 0.0062440584533822955 
95.3 	 0.006244058453386312 
95.4 	 0.006244058453391893 
95.5 	 0.006244058453388319 
95.6 	 0.006244058453389616 
95.7 	 0.006244058453380141 
95.8 	 0.00624405845337969 
95.9 	 0.0062440584533882395 
96.0 	 0.006244058453384067 
96.1 	 0.006244058453387032 
96.2 	 0.00624405845338594 
96.3 	 0.0062440584533885795 
96.4 	 0.006244058453388662 
96.5 	 0.006244058453386006 
96.6 	 0.006244058453390581 
96.7 	 0.006244058453387196 
96.8 	 0.006244058453384764 
96.9 	 0.00624405845338652 
97.0 	 0.006244058453383876 
97.1 	 0.006244058453385416 
97.2 	 0.006244058453381643 
97.3 	 0.006244058453385671 
97.4 	 0.0062440584533881155 
97.5 	 0.006244058453382845 
97.6 	 0.0062440584533871935 
97.7 	 0.006244058453376805 
97.8 	 0.0062440584533857355 
97.9 	 0.006244058453380492 
98.0 	 0.006244058453388874 
98.1 	 0.006244058453387272 
98.2 	 0.006244058453384609 
98.3 	 0.00624405845338789 
98.4 	 0.006244058453386139 
98.5 	 0.006244058453385234 
98.6 	 0.0062440584533847735 
98.7 	 0.00624405845337964 
98.8 	 0.006244058453379466 
98.9 	 0.006244058453381253 
99.0 	 0.006244058453387618 
99.1 	 0.006244058453383019 
99.2 	 0.006244058453384935 
99.3 	 0.00624405845338186 
99.4 	 0.006244058453381223 
99.5 	 0.006244058453383017 
99.6 	 0.006244058453380693 
99.7 	 0.006244058453389457 
99.8 	 0.006244058453383576 
99.9 	 0.006244058453384186 
100.0 	 0.006244058453390439 
100.1 	 0.006244058453388835 
100.2 	 0.006244058453383513 
100.3 	 0.006244058453385906 
100.4 	 0.006244058453382779 
100.5 	 0.006244058453381217 
100.6 	 0.006244058453382318 
100.7 	 0.006244058453387443 
100.8 	 0.006244058453384381 
100.9 	 0.006244058453383354 
101.0 	 0.0062440584533844075 
101.1 	 0.0062440584533914375 
101.2 	 0.006244058453386156 
101.3 	 0.006244058453386073 
101.4 	 0.006244058453380104 
101.5 	 0.006244058453378874 
101.6 	 0.006244058453387014 
101.7 	 0.006244058453389817 
101.8 	 0.006244058453386977 
101.9 	 0.006244058453387256 
102.0 	 0.006244058453388818 
102.1 	 0.006244058453385884 
102.2 	 0.006244058453379216 
102.3 	 0.006244058453385609 
102.4 	 0.006244058453385399 
102.5 	 0.006244058453385151 
102.6 	 0.006244058453381751 
102.7 	 0.006244058453385543 
102.8 	 0.00624405845338725 
102.9 	 0.006244058453383513 
103.0 	 0.00624405845338784 
103.1 	 0.00624405845338577 
103.2 	 0.0062440584533899526 
103.3 	 0.006244058453386538 
103.4 	 0.0062440584533865326 
103.5 	 0.006244058453390059 
103.6 	 0.0062440584533868335 
103.7 	 0.006244058453385938 
103.8 	 0.006244058453381983 
103.9 	 0.006244058453388986 
104.0 	 0.006244058453385199 
104.1 	 0.006244058453387014 
104.2 	 0.006244058453389531 
104.3 	 0.00624405845337952 
104.4 	 0.006244058453391946 
104.5 	 0.006244058453387051 
104.6 	 0.0062440584533870165 
104.7 	 0.006244058453386255 
104.8 	 0.006244058453380786 
104.9 	 0.006244058453386744 
105.0 	 0.006244058453389643 
105.1 	 0.006244058453387625 
105.2 	 0.00624405845338544 
105.3 	 0.006244058453388711 
105.4 	 0.006244058453388468 
105.5 	 0.006244058453387204 
105.6 	 0.006244058453390202 
105.7 	 0.0062440584533874875 
105.8 	 0.006244058453385914 
105.9 	 0.006244058453379858 
106.0 	 0.006244058453389899 
106.1 	 0.006244058453381721 
106.2 	 0.006244058453383882 
106.3 	 0.00624405845338331 
106.4 	 0.006244058453388855 
106.5 	 0.006244058453386152 
106.6 	 0.006244058453391166 
106.7 	 0.0062440584533918694 
106.8 	 0.0062440584533852 
106.9 	 0.0062440584533854345 
107.0 	 0.006244058453388949 
107.1 	 0.006244058453392565 
107.2 	 0.006244058453383709 
107.3 	 0.006244058453389878 
107.4 	 0.006244058453389655 
107.5 	 0.006244058453382379 
107.6 	 0.006244058453390598 
107.7 	 0.00624405845338366 
107.8 	 0.006244058453386704 
107.9 	 0.006244058453386113 
108.0 	 0.006244058453385698 
108.1 	 0.006244058453388118 
108.2 	 0.0062440584533897565 
108.3 	 0.006244058453388365 
108.4 	 0.006244058453385932 
108.5 	 0.006244058453380605 
108.6 	 0.006244058453383995 
108.7 	 0.006244058453383761 
108.8 	 0.006244058453387901 
108.9 	 0.006244058453388404 
109.0 	 0.006244058453380122 
109.1 	 0.00624405845338547 
109.2 	 0.006244058453386774 
109.3 	 0.006244058453381954 
109.4 	 0.006244058453383898 
109.5 	 0.006244058453381881 
109.6 	 0.0062440584533850875 
109.7 	 0.006244058453390496 
109.8 	 0.006244058453385862 
109.9 	 0.006244058453388866 
110.0 	 0.0062440584533805825 
110.1 	 0.006244058453385677 
110.2 	 0.006244058453383735 
110.3 	 0.006244058453381259 
110.4 	 0.006244058453381465 
110.5 	 0.006244058453386101 
110.6 	 0.006244058453382685 
110.7 	 0.006244058453388153 
110.8 	 0.006244058453383629 
110.9 	 0.0062440584533839695 
111.0 	 0.006244058453384729 
111.1 	 0.006244058453383815 
111.2 	 0.00624405845338849 
111.3 	 0.006244058453389011 
111.4 	 0.006244058453381077 
111.5 	 0.0062440584533876835 
111.6 	 0.0062440584533834794 
111.7 	 0.006244058453390118 
111.8 	 0.006244058453385968 
111.9 	 0.006244058453390512 
112.0 	 0.006244058453387665 
112.1 	 0.006244058453381457 
112.2 	 0.006244058453380616 
112.3 	 0.006244058453384996 
112.4 	 0.006244058453382336 
112.5 	 0.006244058453382082 
112.6 	 0.0062440584533837015 
112.7 	 0.006244058453382839 
112.8 	 0.006244058453382567 
112.9 	 0.006244058453380362 
113.0 	 0.006244058453387753 
113.1 	 0.0062440584533899855 
113.2 	 0.0062440584533868075 
113.3 	 0.0062440584533825965 
113.4 	 0.006244058453384136 
113.5 	 0.00624405845338285 
113.6 	 0.006244058453390544 
113.7 	 0.0062440584533856825 
113.8 	 0.006244058453386508 
113.9 	 0.006244058453382581 
114.0 	 0.0062440584533838064 
114.1 	 0.006244058453386768 
114.2 	 0.006244058453383476 
114.3 	 0.006244058453388619 
114.4 	 0.006244058453386741 
114.5 	 0.006244058453389177 
114.6 	 0.006244058453385472 
114.7 	 0.0062440584533849045 
114.8 	 0.006244058453390262 
114.9 	 0.00624405845338431 
115.0 	 0.006244058453391845 
115.1 	 0.006244058453387205 
115.2 	 0.006244058453382339 
115.3 	 0.006244058453385678 
115.4 	 0.006244058453385472 
115.5 	 0.0062440584533878405 
115.6 	 0.0062440584533905216 
115.7 	 0.00624405845339073 
115.8 	 0.006244058453382091 
115.9 	 0.006244058453387713 
116.0 	 0.00624405845338662 
116.1 	 0.0062440584533851595 
116.2 	 0.006244058453387232 
116.3 	 0.006244058453385447 
116.4 	 0.0062440584533929935 
116.5 	 0.006244058453390504 
116.6 	 0.0062440584533927646 
116.7 	 0.006244058453389688 
116.8 	 0.006244058453383695 
116.9 	 0.006244058453383325 
117.0 	 0.006244058453390808 
117.1 	 0.006244058453384181 
117.2 	 0.0062440584533870165 
117.3 	 0.006244058453382199 
117.4 	 0.00624405845338472 
117.5 	 0.0062440584533851535 
117.6 	 0.006244058453385175 
117.7 	 0.006244058453383127 
117.8 	 0.006244058453382461 
117.9 	 0.006244058453383325 
118.0 	 0.006244058453390498 
118.1 	 0.00624405845338305 
118.2 	 0.006244058453388345 
118.3 	 0.006244058453383915 
118.4 	 0.006244058453381452 
118.5 	 0.00624405845338463 
118.6 	 0.006244058453383819 
118.7 	 0.0062440584533853885 
118.8 	 0.006244058453387611 
118.9 	 0.006244058453389429 
119.0 	 0.006244058453386138 
119.1 	 0.006244058453381738 
119.2 	 0.0062440584533834395 
119.3 	 0.006244058453386733 
119.4 	 0.006244058453385233 
119.5 	 0.006244058453384351 
119.6 	 0.006244058453381908 
119.7 	 0.006244058453385917 
119.8 	 0.006244058453385448 
119.9 	 0.0062440584533874155 
120.0 	 0.006244058453386214 
120.1 	 0.006244058453386837 
120.2 	 0.006244058453386493 
120.3 	 0.00624405845338852 
120.4 	 0.006244058453388315 
120.5 	 0.00624405845339139 
120.6 	 0.006244058453383893 
120.7 	 0.006244058453386142 
120.8 	 0.006244058453381043 
120.9 	 0.006244058453379742 
121.0 	 0.006244058453382828 
121.1 	 0.006244058453385108 
121.2 	 0.006244058453391585 
121.3 	 0.006244058453390603 
121.4 	 0.006244058453388343 
121.5 	 0.0062440584533822036 
121.6 	 0.00624405845338039 
121.7 	 0.006244058453386343 
121.8 	 0.006244058453385104 
121.9 	 0.0062440584533929545 
122.0 	 0.006244058453389569 
122.1 	 0.006244058453378516 
122.2 	 0.006244058453389145 
122.3 	 0.0062440584533845255 
122.4 	 0.006244058453386427 
122.5 	 0.006244058453385848 
122.6 	 0.006244058453383815 
122.7 	 0.006244058453383418 
122.8 	 0.006244058453385669 
122.9 	 0.006244058453390717 
123.0 	 0.006244058453386088 
123.1 	 0.006244058453382814 
123.2 	 0.006244058453386323 
123.3 	 0.006244058453384133 
123.4 	 0.0062440584533878865 
123.5 	 0.006244058453381099 
123.6 	 0.006244058453387512 
123.7 	 0.006244058453388068 
123.8 	 0.00624405845338342 
123.9 	 0.006244058453384379 
124.0 	 0.006244058453384351 
124.1 	 0.006244058453380608 
124.2 	 0.006244058453384068 
124.3 	 0.006244058453385113 
124.4 	 0.006244058453388583 
124.5 	 0.006244058453389608 
124.6 	 0.006244058453381159 
124.7 	 0.006244058453385041 
124.8 	 0.0062440584533875855 
124.9 	 0.006244058453388953 
125.0 	 0.006244058453381912 
125.1 	 0.0062440584533831845 
125.2 	 0.006244058453386564 
125.3 	 0.006244058453384823 
125.4 	 0.006244058453384553 
125.5 	 0.00624405845338278 
125.6 	 0.006244058453385006 
125.7 	 0.006244058453392746 
125.8 	 0.006244058453379516 
125.9 	 0.006244058453387826 
126.0 	 0.0062440584533866896 
126.1 	 0.0062440584533816415 
126.2 	 0.006244058453393179 
126.3 	 0.0062440584533892144 
126.4 	 0.006244058453386837 
126.5 	 0.006244058453387043 
126.6 	 0.00624405845338762 
126.7 	 0.006244058453381888 
126.8 	 0.006244058453385806 
126.9 	 0.006244058453383183 
127.0 	 0.006244058453388778 
127.1 	 0.006244058453380153 
127.2 	 0.006244058453389413 
127.3 	 0.006244058453384778 
127.4 	 0.006244058453387012 
127.5 	 0.0062440584533892665 
127.6 	 0.006244058453380716 
127.7 	 0.006244058453384508 
127.8 	 0.006244058453383251 
127.9 	 0.006244058453385246 
128.0 	 0.00624405845338211 
128.1 	 0.006244058453383603 
128.2 	 0.006244058453386347 
128.3 	 0.006244058453388048 
128.4 	 0.006244058453390745 
128.5 	 0.006244058453383916 
128.6 	 0.006244058453381903 
128.7 	 0.006244058453384371 
128.8 	 0.006244058453390052 
128.9 	 0.006244058453386999 
129.0 	 0.006244058453385458 
129.1 	 0.006244058453388761 
129.2 	 0.0062440584533870825 
129.3 	 0.006244058453389708 
129.4 	 0.006244058453379761 
129.5 	 0.006244058453386955 
129.6 	 0.006244058453383448 
129.7 	 0.006244058453385728 
129.8 	 0.0062440584533874875 
129.9 	 0.006244058453389437 
130.0 	 0.006244058453385884 
130.1 	 0.006244058453383003 
130.2 	 0.006244058453384748 
130.3 	 0.006244058453386766 
130.4 	 0.006244058453379006 
130.5 	 0.006244058453388515 
130.6 	 0.006244058453389026 
130.7 	 0.0062440584533875534 
130.8 	 0.006244058453385482 
130.9 	 0.006244058453384898 
131.0 	 0.006244058453385877 
131.1 	 0.006244058453387364 
131.2 	 0.006244058453383085 
131.3 	 0.006244058453389 
131.4 	 0.006244058453389873 
131.5 	 0.00624405845338988 
131.6 	 0.006244058453384157 
131.7 	 0.006244058453388989 
131.8 	 0.006244058453386975 
131.9 	 0.006244058453384567 
132.0 	 0.006244058453385426 
132.1 	 0.006244058453384331 
132.2 	 0.006244058453383656 
132.3 	 0.006244058453378845 
132.4 	 0.0062440584533839175 
132.5 	 0.006244058453384174 
132.6 	 0.006244058453383851 
132.7 	 0.006244058453388947 
132.8 	 0.006244058453390064 
132.9 	 0.006244058453389401 
133.0 	 0.006244058453388348 
133.1 	 0.00624405845338369 
133.2 	 0.00624405845338719 
133.3 	 0.006244058453385485 
133.4 	 0.006244058453387014 
133.5 	 0.006244058453387419 
133.6 	 0.006244058453390308 
133.7 	 0.006244058453389452 
133.8 	 0.0062440584533822625 
133.9 	 0.006244058453387865 
134.0 	 0.006244058453384985 
134.1 	 0.006244058453394718 
134.2 	 0.006244058453387482 
134.3 	 0.0062440584533885795 
134.4 	 0.00624405845338415 
134.5 	 0.00624405845338449 
134.6 	 0.006244058453388611 
134.7 	 0.006244058453384878 
134.8 	 0.0062440584533876835 
134.9 	 0.006244058453384529 
135.0 	 0.006244058453382396 
135.1 	 0.0062440584533903715 
135.2 	 0.006244058453382625 
135.3 	 0.00624405845338657 
135.4 	 0.0062440584533916075 
135.5 	 0.006244058453386741 
135.6 	 0.00624405845338902 
135.7 	 0.006244058453385027 
135.8 	 0.006244058453389157 
135.9 	 0.006244058453386489 
136.0 	 0.006244058453388345 
136.1 	 0.006244058453387202 
136.2 	 0.0062440584533876575 
136.3 	 0.006244058453384342 
136.4 	 0.006244058453388839 
136.5 	 0.00624405845337969 
136.6 	 0.0062440584533845584 
136.7 	 0.0062440584533907184 
136.8 	 0.006244058453386799 
136.9 	 0.006244058453380779 
137.0 	 0.006244058453382761 
137.1 	 0.00624405845338607 
137.2 	 0.006244058453382033 
137.3 	 0.006244058453380713 
137.4 	 0.006244058453386335 
137.5 	 0.006244058453391447 
137.6 	 0.0062440584533887825 
137.7 	 0.0062440584533860624 
137.8 	 0.006244058453385431 
137.9 	 0.006244058453382554 
138.0 	 0.0062440584533879585 
138.1 	 0.00624405845339027 
138.2 	 0.006244058453386574 
138.3 	 0.006244058453392944 
138.4 	 0.006244058453386752 
138.5 	 0.006244058453386991 
138.6 	 0.006244058453384115 
138.7 	 0.0062440584533847675 
138.8 	 0.006244058453384962 
138.9 	 0.006244058453385157 
139.0 	 0.006244058453387442 
139.1 	 0.006244058453384555 
139.2 	 0.0062440584533836755 
139.3 	 0.006244058453381237 
139.4 	 0.0062440584533863044 
139.5 	 0.006244058453386303 
139.6 	 0.006244058453380779 
139.7 	 0.006244058453388713 
139.8 	 0.006244058453382986 
139.9 	 0.0062440584533881086 
140.0 	 0.00624405845338049 
140.1 	 0.006244058453386712 
140.2 	 0.0062440584533876384 
140.3 	 0.006244058453387955 
140.4 	 0.006244058453386653 
140.5 	 0.00624405845338496 
140.6 	 0.006244058453385051 
140.7 	 0.0062440584533927845 
140.8 	 0.006244058453388167 
140.9 	 0.006244058453383942 
141.0 	 0.006244058453385045 
141.1 	 0.006244058453386815 
141.2 	 0.006244058453387233 
141.3 	 0.006244058453386564 
141.4 	 0.0062440584533917645 
141.5 	 0.006244058453388414 
141.6 	 0.006244058453389829 
141.7 	 0.006244058453387427 
141.8 	 0.006244058453387657 
141.9 	 0.0062440584533889005 
142.0 	 0.006244058453390291 
142.1 	 0.006244058453385912 
142.2 	 0.006244058453389854 
142.3 	 0.00624405845338511 
142.4 	 0.006244058453385027 
142.5 	 0.0062440584533854215 
142.6 	 0.006244058453386983 
142.7 	 0.0062440584533896325 
142.8 	 0.0062440584533872455 
142.9 	 0.006244058453384526 
143.0 	 0.006244058453383388 
143.1 	 0.00624405845338902 
143.2 	 0.006244058453381296 
143.3 	 0.006244058453382834 
143.4 	 0.006244058453382105 
143.5 	 0.00624405845338056 
143.6 	 0.006244058453391431 
143.7 	 0.006244058453386164 
143.8 	 0.006244058453388969 
143.9 	 0.006244058453382948 
144.0 	 0.006244058453383954 
144.1 	 0.006244058453386227 
144.2 	 0.006244058453381428 
144.3 	 0.006244058453388912 
144.4 	 0.006244058453389814 
144.5 	 0.006244058453388742 
144.6 	 0.006244058453388243 
144.7 	 0.006244058453381306 
144.8 	 0.006244058453388219 
144.9 	 0.006244058453388236 
145.0 	 0.006244058453381018 
145.1 	 0.006244058453383222 
145.2 	 0.0062440584533882855 
145.3 	 0.006244058453391417 
145.4 	 0.006244058453390305 
145.5 	 0.00624405845338173 
145.6 	 0.006244058453383681 
145.7 	 0.006244058453380378 
145.8 	 0.006244058453383161 
145.9 	 0.0062440584533832 
146.0 	 0.006244058453392461 
146.1 	 0.006244058453388459 
146.2 	 0.006244058453384262 
146.3 	 0.006244058453385397 
146.4 	 0.006244058453384581 
146.5 	 0.00624405845338253 
146.6 	 0.006244058453384726 
146.7 	 0.006244058453392449 
146.8 	 0.00624405845338539 
146.9 	 0.006244058453386071 
147.0 	 0.006244058453386307 
147.1 	 0.0062440584533859185 
147.2 	 0.006244058453390596 
147.3 	 0.006244058453385306 
147.4 	 0.006244058453380221 
147.5 	 0.006244058453377057 
147.6 	 0.006244058453380405 
147.7 	 0.0062440584533883575 
147.8 	 0.00624405845338568 
147.9 	 0.006244058453388126 
148.0 	 0.006244058453387022 
148.1 	 0.006244058453389802 
148.2 	 0.006244058453379657 
148.3 	 0.006244058453384287 
148.4 	 0.00624405845339051 
148.5 	 0.006244058453388585 
148.6 	 0.006244058453385027 
148.7 	 0.006244058453387252 
148.8 	 0.006244058453384148 
148.9 	 0.006244058453384633 
149.0 	 0.006244058453386367 
149.1 	 0.006244058453385667 
149.2 	 0.006244058453390302 
149.3 	 0.00624405845338743 
149.4 	 0.006244058453385086 
149.5 	 0.006244058453386268 
149.6 	 0.006244058453386645 
149.7 	 0.006244058453386307 
149.8 	 0.0062440584533878015 
149.9 	 0.0062440584533918495 
150.0 	 0.006244058453385237 
150.1 	 0.006244058453382199 
150.2 	 0.006244058453385882 
150.3 	 0.0062440584533888935 
150.4 	 0.0062440584533820925 
150.5 	 0.0062440584533868075 
150.6 	 0.006244058453382176 
150.7 	 0.006244058453380934 
150.8 	 0.00624405845338419 
150.9 	 0.006244058453385269 
151.0 	 0.006244058453386269 
151.1 	 0.006244058453388284 
151.2 	 0.006244058453382401 
151.3 	 0.00624405845338701 
151.4 	 0.006244058453385419 
151.5 	 0.006244058453383015 
151.6 	 0.006244058453383945 
151.7 	 0.006244058453385237 
151.8 	 0.006244058453388725 
151.9 	 0.00624405845338592 
152.0 	 0.006244058453387225 
152.1 	 0.0062440584533909604 
152.2 	 0.00624405845338566 
152.3 	 0.006244058453386257 
152.4 	 0.006244058453387611 
152.5 	 0.006244058453387655 
152.6 	 0.006244058453387197 
152.7 	 0.006244058453387764 
152.8 	 0.006244058453387141 
152.9 	 0.006244058453386778 
153.0 	 0.006244058453379692 
153.1 	 0.006244058453391983 
153.2 	 0.00624405845338537 
153.3 	 0.006244058453390734 
153.4 	 0.006244058453380963 
153.5 	 0.006244058453389621 
153.6 	 0.006244058453382828 
153.7 	 0.006244058453386309 
153.8 	 0.006244058453387645 
153.9 	 0.006244058453384591 
154.0 	 0.006244058453386494 
154.1 	 0.006244058453392301 
154.2 	 0.006244058453391159 
154.3 	 0.006244058453385208 
154.4 	 0.006244058453384145 
154.5 	 0.006244058453385753 
154.6 	 0.006244058453384155 
154.7 	 0.006244058453385392 
154.8 	 0.0062440584533867095 
154.9 	 0.00624405845338586 
155.0 	 0.006244058453383 
155.1 	 0.0062440584533869385 
155.2 	 0.006244058453386315 
155.3 	 0.006244058453383227 
155.4 	 0.006244058453388939 
155.5 	 0.006244058453387132 
155.6 	 0.006244058453384583 
155.7 	 0.006244058453387582 
155.8 	 0.006244058453387088 
155.9 	 0.006244058453387547 
156.0 	 0.006244058453384343 
156.1 	 0.006244058453383214 
156.2 	 0.006244058453385698 
156.3 	 0.006244058453386536 
156.4 	 0.0062440584533829295 
156.5 	 0.006244058453386587 
156.6 	 0.006244058453383868 
156.7 	 0.006244058453384743 
156.8 	 0.006244058453383224 
156.9 	 0.006244058453380393 
157.0 	 0.006244058453385622 
157.1 	 0.006244058453383194 
157.2 	 0.006244058453387719 
157.3 	 0.0062440584533911825 
157.4 	 0.006244058453380564 
157.5 	 0.006244058453385905 
157.6 	 0.00624405845339145 
157.7 	 0.006244058453388981 
157.8 	 0.006244058453380755 
157.9 	 0.006244058453383634 
158.0 	 0.0062440584533790715 
158.1 	 0.006244058453386567 
158.2 	 0.00624405845338147 
158.3 	 0.006244058453381077 
158.4 	 0.006244058453384131 
158.5 	 0.0062440584533847675 
158.6 	 0.006244058453389048 
158.7 	 0.00624405845338482 
158.8 	 0.006244058453382145 
158.9 	 0.006244058453387226 
159.0 	 0.006244058453389897 
159.1 	 0.006244058453387472 
159.2 	 0.006244058453385047 
159.3 	 0.0062440584533864476 
159.4 	 0.006244058453386427 
159.5 	 0.00624405845338433 
159.6 	 0.00624405845338497 
159.7 	 0.006244058453387394 
159.8 	 0.006244058453383438 
159.9 	 0.006244058453386315 
160.0 	 0.006244058453385584 
160.1 	 0.006244058453385498 
160.2 	 0.006244058453385455 
160.3 	 0.0062440584533841395 
160.4 	 0.006244058453389421 
160.5 	 0.006244058453389413 
160.6 	 0.006244058453381037 
160.7 	 0.006244058453384809 
160.8 	 0.00624405845338677 
160.9 	 0.006244058453386766 
161.0 	 0.006244058453384707 
161.1 	 0.00624405845339021 
161.2 	 0.006244058453387011 
161.3 	 0.00624405845338609 
161.4 	 0.0062440584533856435 
161.5 	 0.0062440584533869055 
161.6 	 0.006244058453378758 
161.7 	 0.006244058453386299 
161.8 	 0.006244058453384321 
161.9 	 0.006244058453386812 
162.0 	 0.006244058453386982 
162.1 	 0.006244058453386176 
162.2 	 0.006244058453383062 
162.3 	 0.00624405845338282 
162.4 	 0.006244058453381508 
162.5 	 0.0062440584533847735 
162.6 	 0.006244058453387689 
162.7 	 0.006244058453377736 
162.8 	 0.00624405845338855 
162.9 	 0.0062440584533885535 
163.0 	 0.006244058453384985 
163.1 	 0.006244058453388106 
163.2 	 0.006244058453386253 
163.3 	 0.00624405845338364 
163.4 	 0.006244058453382979 
163.5 	 0.006244058453388508 
163.6 	 0.006244058453390089 
163.7 	 0.006244058453382483 
163.8 	 0.006244058453388243 
163.9 	 0.0062440584533851986 
164.0 	 0.006244058453390746 
164.1 	 0.006244058453386797 
164.2 	 0.006244058453388406 
164.3 	 0.006244058453387454 
164.4 	 0.00624405845338944 
164.5 	 0.006244058453383891 
164.6 	 0.006244058453386303 
164.7 	 0.0062440584533825505 
164.8 	 0.006244058453386287 
164.9 	 0.006244058453387401 
165.0 	 0.006244058453388639 
165.1 	 0.0062440584533877816 
165.2 	 0.006244058453384551 
165.3 	 0.006244058453387887 
165.4 	 0.006244058453386484 
165.5 	 0.006244058453385448 
165.6 	 0.00624405845338896 
165.7 	 0.006244058453387263 
165.8 	 0.006244058453384842 
165.9 	 0.006244058453387224 
166.0 	 0.006244058453386328 
166.1 	 0.006244058453385289 
166.2 	 0.0062440584533886455 
166.3 	 0.006244058453386315 
166.4 	 0.006244058453389404 
166.5 	 0.006244058453389194 
166.6 	 0.006244058453383188 
166.7 	 0.0062440584533890045 
166.8 	 0.0062440584533762 
166.9 	 0.006244058453380942 
167.0 	 0.006244058453382652 
167.1 	 0.006244058453386134 
167.2 	 0.006244058453379568 
167.3 	 0.006244058453385147 
167.4 	 0.006244058453388741 
167.5 	 0.006244058453383877 
167.6 	 0.006244058453383287 
167.7 	 0.006244058453383133 
167.8 	 0.006244058453384314 
167.9 	 0.006244058453385146 
168.0 	 0.006244058453389869 
168.1 	 0.006244058453391254 
168.2 	 0.006244058453385592 
168.3 	 0.006244058453390926 
168.4 	 0.006244058453383239 
168.5 	 0.006244058453386777 
168.6 	 0.006244058453387592 
168.7 	 0.006244058453384514 
168.8 	 0.006244058453385462 
168.9 	 0.006244058453384524 
169.0 	 0.00624405845338697 
169.1 	 0.0062440584533833285 
169.2 	 0.006244058453390881 
169.3 	 0.0062440584533880695 
169.4 	 0.006244058453385448 
169.5 	 0.006244058453386121 
169.6 	 0.006244058453388696 
169.7 	 0.006244058453385853 
169.8 	 0.006244058453384634 
169.9 	 0.006244058453381353 
170.0 	 0.006244058453383649 
170.1 	 0.006244058453382808 
170.2 	 0.0062440584533863626 
170.3 	 0.006244058453385698 
170.4 	 0.006244058453387188 
170.5 	 0.006244058453384129 
170.6 	 0.006244058453388508 
170.7 	 0.006244058453388324 
170.8 	 0.006244058453388279 
170.9 	 0.006244058453384321 
171.0 	 0.006244058453386116 
171.1 	 0.0062440584533876905 
171.2 	 0.006244058453387331 
171.3 	 0.006244058453388703 
171.4 	 0.006244058453383989 
171.5 	 0.006244058453385633 
171.6 	 0.00624405845338296 
171.7 	 0.006244058453379054 
171.8 	 0.00624405845338519 
171.9 	 0.006244058453381689 
172.0 	 0.006244058453389864 
172.1 	 0.006244058453383029 
172.2 	 0.00624405845338411 
172.3 	 0.006244058453385794 
172.4 	 0.006244058453390671 
172.5 	 0.006244058453388555 
172.6 	 0.006244058453382794 
172.7 	 0.00624405845338963 
172.8 	 0.006244058453382552 
172.9 	 0.006244058453388801 
173.0 	 0.006244058453385521 
173.1 	 0.00624405845338988 
173.2 	 0.006244058453388601 
173.3 	 0.006244058453381905 
173.4 	 0.0062440584533823154 
173.5 	 0.00624405845338516 
173.6 	 0.006244058453387137 
173.7 	 0.006244058453390223 
173.8 	 0.006244058453384108 
173.9 	 0.006244058453383973 
174.0 	 0.0062440584533836555 
174.1 	 0.006244058453386187 
174.2 	 0.006244058453380465 
174.3 	 0.006244058453388083 
174.4 	 0.0062440584533882985 
174.5 	 0.00624405845338343 
174.6 	 0.006244058453384687 
174.7 	 0.006244058453384997 
174.8 	 0.006244058453383469 
174.9 	 0.0062440584533899855 
175.0 	 0.00624405845338835 
175.1 	 0.006244058453385234 
175.2 	 0.006244058453383861 
175.3 	 0.0062440584533909865 
175.4 	 0.006244058453387864 
175.5 	 0.006244058453387906 
175.6 	 0.0062440584533885075 
175.7 	 0.006244058453383015 
175.8 	 0.006244058453388899 
175.9 	 0.006244058453388733 
176.0 	 0.00624405845338236 
176.1 	 0.0062440584533879195 
176.2 	 0.006244058453387855 
176.3 	 0.006244058453390407 
176.4 	 0.006244058453381019 
176.5 	 0.006244058453384126 
176.6 	 0.006244058453389595 
176.7 	 0.006244058453381961 
176.8 	 0.006244058453378391 
176.9 	 0.006244058453389264 
177.0 	 0.00624405845338997 
177.1 	 0.006244058453385058 
177.2 	 0.006244058453392283 
177.3 	 0.0062440584533922944 
177.4 	 0.006244058453382188 
177.5 	 0.006244058453385278 
177.6 	 0.006244058453386799 
177.7 	 0.006244058453381776 
177.8 	 0.006244058453386122 
177.9 	 0.006244058453386627 
178.0 	 0.006244058453383569 
178.1 	 0.0062440584533848134 
178.2 	 0.006244058453385338 
178.3 	 0.006244058453384294 
178.4 	 0.006244058453386101 
178.5 	 0.006244058453381592 
178.6 	 0.006244058453387968 
178.7 	 0.006244058453384852 
178.8 	 0.006244058453385342 
178.9 	 0.00624405845338856 
179.0 	 0.006244058453390311 
179.1 	 0.006244058453381926 
179.2 	 0.0062440584533878995 
179.3 	 0.0062440584533839565 
179.4 	 0.006244058453389503 
179.5 	 0.006244058453386625 
179.6 	 0.006244058453385817 
179.7 	 0.006244058453391484 
179.8 	 0.006244058453382758 
179.9 	 0.00624405845338721 
180.0 	 0.0062440584533841 
180.1 	 0.0062440584533854215 
180.2 	 0.0062440584533858725 
180.3 	 0.0062440584533797125 
180.4 	 0.006244058453386111 
180.5 	 0.006244058453380375 
180.6 	 0.006244058453390604 
180.7 	 0.006244058453387096 
180.8 	 0.006244058453379919 
180.9 	 0.00624405845338934 
181.0 	 0.006244058453389857 
181.1 	 0.006244058453389605 
181.2 	 0.006244058453387495 
181.3 	 0.006244058453386341 
181.4 	 0.006244058453386539 
181.5 	 0.00624405845338305 
181.6 	 0.006244058453389663 
181.7 	 0.006244058453382099 
181.8 	 0.0062440584533851986 
181.9 	 0.006244058453386101 
182.0 	 0.006244058453387724 
182.1 	 0.006244058453383857 
182.2 	 0.0062440584533840875 
182.3 	 0.006244058453383663 
182.4 	 0.006244058453380752 
182.5 	 0.006244058453384731 
182.6 	 0.006244058453384496 
182.7 	 0.006244058453382334 
182.8 	 0.006244058453382727 
182.9 	 0.006244058453389598 
183.0 	 0.006244058453380842 
183.1 	 0.00624405845338296 
183.2 	 0.0062440584533839175 
183.3 	 0.006244058453383645 
183.4 	 0.006244058453389308 
183.5 	 0.00624405845338439 
183.6 	 0.00624405845338105 
183.7 	 0.006244058453386331 
183.8 	 0.0062440584533849566 
183.9 	 0.006244058453390974 
184.0 	 0.006244058453387386 
184.1 	 0.006244058453387423 
184.2 	 0.006244058453388545 
184.3 	 0.006244058453389462 
184.4 	 0.006244058453385027 
184.5 	 0.006244058453388372 
184.6 	 0.006244058453385253 
184.7 	 0.006244058453384687 
184.8 	 0.006244058453386482 
184.9 	 0.006244058453384934 
185.0 	 0.006244058453384937 
185.1 	 0.0062440584533839764 
185.2 	 0.006244058453381563 
185.3 	 0.006244058453388798 
185.4 	 0.006244058453381917 
185.5 	 0.006244058453384319 
185.6 	 0.006244058453390726 
185.7 	 0.006244058453386625 
185.8 	 0.0062440584533893975 
185.9 	 0.006244058453391021 
186.0 	 0.006244058453389202 
186.1 	 0.0062440584533903325 
186.2 	 0.006244058453385493 
186.3 	 0.006244058453385472 
186.4 	 0.006244058453386113 
186.5 	 0.006244058453389791 
186.6 	 0.006244058453383715 
186.7 	 0.006244058453387604 
186.8 	 0.006244058453387401 
186.9 	 0.006244058453383791 
187.0 	 0.006244058453381717 
187.1 	 0.006244058453387292 
187.2 	 0.0062440584533873375 
187.3 	 0.006244058453384632 
187.4 	 0.006244058453382445 
187.5 	 0.006244058453384945 
187.6 	 0.006244058453384339 
187.7 	 0.006244058453383676 
187.8 	 0.006244058453385228 
187.9 	 0.006244058453387117 
188.0 	 0.006244058453383856 
188.1 	 0.006244058453387593 
188.2 	 0.006244058453379657 
188.3 	 0.006244058453382384 
188.4 	 0.006244058453379506 
188.5 	 0.006244058453380859 
188.6 	 0.006244058453386101 
188.7 	 0.006244058453386485 
188.8 	 0.006244058453382745 
188.9 	 0.006244058453383029 
189.0 	 0.006244058453388067 
189.1 	 0.006244058453381901 
189.2 	 0.006244058453384337 
189.3 	 0.006244058453387212 
189.4 	 0.006244058453382179 
189.5 	 0.006244058453382622 
189.6 	 0.006244058453394613 
189.7 	 0.006244058453385035 
189.8 	 0.006244058453386177 
189.9 	 0.006244058453387234 
190.0 	 0.00624405845338478 
190.1 	 0.006244058453380795 
190.2 	 0.006244058453380144 
190.3 	 0.006244058453388761 
190.4 	 0.006244058453383735 
190.5 	 0.006244058453388506 
190.6 	 0.006244058453387177 
190.7 	 0.0062440584533853625 
190.8 	 0.006244058453388973 
190.9 	 0.006244058453383678 
191.0 	 0.00624405845338698 
191.1 	 0.0062440584533783655 
191.2 	 0.006244058453385207 
191.3 	 0.00624405845338694 
191.4 	 0.006244058453385879 
191.5 	 0.006244058453383786 
191.6 	 0.006244058453387773 
191.7 	 0.006244058453385007 
191.8 	 0.006244058453388689 
191.9 	 0.0062440584533878934 
192.0 	 0.006244058453386075 
192.1 	 0.006244058453383896 
192.2 	 0.006244058453381884 
192.3 	 0.0062440584533878735 
192.4 	 0.006244058453386653 
192.5 	 0.006244058453388855 
192.6 	 0.006244058453385128 
192.7 	 0.006244058453384388 
192.8 	 0.006244058453389847 
192.9 	 0.006244058453384553 
193.0 	 0.00624405845338495 
193.1 	 0.006244058453391825 
193.2 	 0.006244058453383625 
193.3 	 0.006244058453379676 
193.4 	 0.006244058453384185 
193.5 	 0.006244058453385914 
193.6 	 0.00624405845338747 
193.7 	 0.006244058453381742 
193.8 	 0.006244058453383015 
193.9 	 0.006244058453385645 
194.0 	 0.0062440584533865915 
194.1 	 0.0062440584533920655 
194.2 	 0.006244058453391245 
194.3 	 0.006244058453390183 
194.4 	 0.006244058453384373 
194.5 	 0.006244058453386544 
194.6 	 0.006244058453389625 
194.7 	 0.006244058453381481 
194.8 	 0.006244058453388986 
194.9 	 0.00624405845339355 
195.0 	 0.0062440584533818705 
195.1 	 0.006244058453385298 
195.2 	 0.006244058453386806 
195.3 	 0.0062440584533897895 
195.4 	 0.0062440584533862515 
195.5 	 0.006244058453383438 
195.6 	 0.006244058453381668 
195.7 	 0.006244058453387633 
195.8 	 0.00624405845338467 
195.9 	 0.006244058453383054 
196.0 	 0.006244058453383461 
196.1 	 0.006244058453387239 
196.2 	 0.006244058453384493 
196.3 	 0.006244058453385484 
196.4 	 0.006244058453386152 
196.5 	 0.006244058453386494 
196.6 	 0.006244058453383087 
196.7 	 0.006244058453383157 
196.8 	 0.006244058453378709 
196.9 	 0.006244058453387114 
197.0 	 0.006244058453389169 
197.1 	 0.006244058453387649 
197.2 	 0.006244058453392959 
197.3 	 0.006244058453391407 
197.4 	 0.006244058453382291 
197.5 	 0.0062440584533835905 
197.6 	 0.006244058453387674 
197.7 	 0.006244058453386253 
197.8 	 0.006244058453385706 
197.9 	 0.0062440584533888024 
198.0 	 0.006244058453384333 
198.1 	 0.006244058453392798 
198.2 	 0.00624405845338219 
198.3 	 0.00624405845338895 
198.4 	 0.006244058453385163 
198.5 	 0.00624405845338705 
198.6 	 0.006244058453382381 
198.7 	 0.006244058453386928 
198.8 	 0.006244058453378592 
198.9 	 0.006244058453388273 
199.0 	 0.006244058453390021 
199.1 	 0.006244058453384971 
199.2 	 0.006244058453385197 
199.3 	 0.006244058453383894 
199.4 	 0.006244058453388806 
199.5 	 0.006244058453386988 
199.6 	 0.006244058453384119 
199.7 	 0.0062440584533770375 
199.8 	 0.006244058453383462 
199.9 	 0.006244058453387665 
200.0 	 0.006244058453384915 
