0.0	0.0
0.1	0.00322865712311687
0.2	0.009748130726763823
0.3	0.017263991608255293
0.4	0.02441593475780976
0.5	0.030338204511383533
0.6	0.034531711741723946
0.7	0.036789874023855945
0.8	0.03714263810679738
0.9	0.035807060309934344
1.0	0.03313960236595081
1.1	0.029588065057652605
1.2	0.025642737833094474
1.3	0.02178751972082076
1.4	0.018452041671840443
1.5	0.015965517227574614
1.6	0.014514845049961743
1.7	0.014117721763292953
1.8	0.014630567474658174
1.9	0.01579900669818687
2.0	0.017328076123350317
2.1	0.018940732121813797
2.2	0.020412354849418224
2.3	0.021585288409258087
2.4	0.0223707135112752
2.5	0.022742999548043846
2.6	0.02272952882217583
2.7	0.022397812778657388
2.8	0.021841211926026265
2.9	0.02116420141480311
3.0	0.020469403108633072
3.1	0.019844727707947728
3.2	0.019355445129297065
3.3	0.019039067650582296
3.4	0.018904763778412288
3.5	0.018936773681565464
3.6	0.019100814436783874
3.7	0.01935198539602377
3.8	0.01964264341861875
3.9	0.019929061757797743
4.0	0.020176200207560568
4.1	0.020360391146799956
4.2	0.020470085479914947
4.3	0.020504998673849993
4.4	0.020474087031539405
4.5	0.020392807142995944
4.6	0.020280093130945368
4.7	0.020155439732701876
4.8	0.020036409439548125
4.9	0.019936791689535674
5.0	0.019865536622017795
5.1	0.01982647498656568
5.2	0.019818733528847506
5.3	0.01983767652821041
5.4	0.019876160215002624
5.5	0.01992588096907121
5.6	0.019978625535494222
5.7	0.020027281129680285
5.8	0.02006652249898096
5.9	0.02009315065690908
6.0	0.020106106480194407
6.1	0.02010621769284409
6.2	0.020095758879346823
6.3	0.020077911886463417
6.4	0.020056210200539732
6.5	0.02003403814485624
6.6	0.020014236895003288
6.7	0.019998847390398367
6.8	0.019988998211496516
6.9	0.019984927060537862
7.0	0.01998610967669876
7.1	0.019991461025598067
7.2	0.01999957066457505
7.3	0.020008936657697856
7.4	0.02001816900967522
7.5	0.02002614268025718
7.6	0.020032090180838267
7.7	0.020035633109294713
7.8	0.02003675968409156
7.9	0.0200357607527994
8.0	0.020033139640493514
8.1	0.020029511684911242
8.2	0.020025507755639917
8.3	0.020021693022843692
8.4	0.020018508356202943
8.5	0.020016237619847263
8.6	0.02001500033110583
8.7	0.02001476608667313
8.8	0.020015385084155703
8.9	0.020016628067394092
9.0	0.020018229037131262
9.1	0.020019924912238037
9.2	0.020021487746685787
9.3	0.0200227468216391
9.4	0.020023599672694035
9.5	0.020024012657397384
9.6	0.0200240128606438
9.7	0.020023673891025332
9.8	0.020023098424426983
9.9	0.02002240024567683
10.0	0.020021688111051438
10.1	0.020021053114102204
10.2	0.020020560502028013
10.3	0.02002024616721279
10.4	0.020020117417261167
10.5	0.020020157164587424
10.6	0.020020330404463604
10.7	0.02002059176698837
10.8	0.020020893011579145
10.9	0.02002118954149922
11.0	0.02002144530272155
11.1	0.02002163574573827
11.2	0.02002174882760897
11.3	0.02002178427913681
11.4	0.020021751537963085
11.5	0.020021666842716265
11.6	0.0200215499993865
11.7	0.020021421280719043
11.8	0.020021298820553732
11.9	0.020021196739187265
12.0	0.020021124102415966
12.1	0.02002108469520399
12.2	0.020021077492815172
12.3	0.020021097646275486
12.4	0.02002113776796066
12.5	0.02002118930362356
12.6	0.020021243804896293
12.7	0.02002129396155925
12.8	0.020021334308042916
12.9	0.020021361574413605
13.0	0.020021374701520406
13.1	0.020021374578393446
13.2	0.020021363584086245
13.3	0.020021345025863613
13.4	0.02002132256211952
13.5	0.020021299684554697
13.6	0.020021279313466048
13.7	0.020021263536336997
13.8	0.02002125349667074
13.9	0.020021249420105802
14.0	0.020021250750082327
14.1	0.02002125635664562
14.2	0.0200212647792944
14.3	0.02002127446770187
14.4	0.020021283990607545
14.5	0.020021292192678185
14.6	0.020021298289018472
14.7	0.020021301896754943
14.8	0.020021303010957038
14.9	0.020021301937805467
15.0	0.02002129920104268
15.1	0.020021295437954667
15.2	0.02002129129984549
15.3	0.02002128736848241
15.4	0.020021284096134233
15.5	0.02002128177239608
15.6	0.02002128051716017
15.7	0.02002128029599861
15.8	0.020021280951962372
15.9	0.0200212822469512
16.0	0.02002128390585001
16.1	0.02002128565733233
16.2	0.02002128726696348
16.3	0.02002128855977248
16.4	0.02002128943142223
16.5	0.020021289848594862
16.6	0.02002128984045619
16.7	0.02002128948389146
16.8	0.020021288885423226
16.9	0.020021288162670924
17.0	0.020021287427725926
17.1	0.020021286774208343
17.2	0.020021286268910192
17.3	0.020021285948252504
17.4	0.020021285819198927
17.5	0.020021285863621608
17.6	0.02002128604505491
17.7	0.020021286316472306
17.8	0.020021286628062605
17.9	0.020021286933880195
18.0	0.02002128719690639
18.1	0.020021287392053153
18.2	0.020021287507144606
18.3	0.020021287542142496
18.4	0.02002128750698248
18.5	0.02002128741855628
18.6	0.020021287297365353
18.7	0.02002128716433065
18.8	0.020021287038125512
18.9	0.02002128693322645
19.0	0.020021286858890174
19.1	0.02002128681891059
19.2	0.020021286812134696
19.3	0.02002128683347754
19.4	0.020021286875274512
19.5	0.02002128692867205
19.6	0.02002128698495605
19.7	0.020021287036613634
19.8	0.020021287078038526
19.9	0.020021287105899566
20.0	0.020021287119156708
20.1	0.020021287118761028
20.2	0.020021287107201188
20.3	0.020021287087902562
20.4	0.020021287064648896
20.5	0.020021287041039462
20.6	0.020021287020071766
20.7	0.020021287003887927
20.8	0.020021286993651816
20.9	0.020021286989564388
21.0	0.02002128699104443
21.1	0.020021286996916646
21.2	0.0200212870056633
21.3	0.020021287015682166
21.4	0.020021287025502574
21.5	0.020021287033940842
21.6	0.020021287040183793
21.7	0.020021287043854773
21.8	0.02002128704495432
21.9	0.020021287043808282
22.0	0.020021287040947734
22.1	0.02002128703704208
22.2	0.020021287032768946
22.3	0.02002128702871397
22.4	0.02002128702535326
22.5	0.02002128702297423
22.6	0.020021287021703086
22.7	0.020021287021493958
22.8	0.02002128702218938
22.9	0.02002128702353838
23.0	0.02002128702525635
23.1	0.020021287027065796
23.2	0.02002128702872366
23.3	0.020021287030048737
23.4	0.020021287030942053
23.5	0.020021287031362803
23.6	0.02002128703134553
23.7	0.020021287030970183
23.8	0.02002128703034621
23.9	0.020021287029600987
24.0	0.02002128702884407
24.1	0.02002128702817023
24.2	0.02002128702765065
24.3	0.020021287027326293
24.4	0.020021287027196064
24.5	0.02002128702724351
24.6	0.020021287027434286
24.7	0.020021287027719152
24.8	0.020021287028039788
24.9	0.020021287028354182
25.0	0.02002128702862282
25.1	0.020021287028826107
25.2	0.020021287028940526
25.3	0.020021287028973957
25.4	0.02002128702893956
25.5	0.020021287028847
25.6	0.020021287028718415
25.7	0.02002128702858029
25.8	0.020021287028453218
25.9	0.020021287028343385
26.0	0.02002128702826566
26.1	0.020021287028225518
26.2	0.0200212870282209
26.3	0.020021287028244558
26.4	0.020021287028288978
26.5	0.020021287028343368
26.6	0.020021287028400687
26.7	0.020021287028457166
26.8	0.020021287028495843
26.9	0.02002128702852468
27.0	0.020021287028538094
27.1	0.020021287028538594
27.2	0.0200212870285235
27.3	0.02002128702850444
27.4	0.020021287028478267
27.5	0.020021287028459567
27.6	0.020021287028433872
27.7	0.02002128702841838
27.8	0.020021287028410193
27.9	0.02002128702840623
28.0	0.020021287028405606
28.1	0.02002128702841154
28.2	0.02002128702842321
28.3	0.02002128702843332
28.4	0.020021287028440474
28.5	0.020021287028450678
28.6	0.020021287028457888
28.7	0.02002128702846
28.8	0.020021287028462783
28.9	0.02002128702845967
29.0	0.020021287028456354
29.1	0.020021287028455077
29.2	0.02002128702844902
29.3	0.02002128702844519
29.4	0.020021287028439347
29.5	0.02002128702843962
29.6	0.02002128702843736
29.7	0.020021287028437546
29.8	0.020021287028436845
29.9	0.020021287028441147
30.0	0.020021287028446272
30.1	0.0200212870284459
30.2	0.020021287028445245
30.3	0.020021287028443403
30.4	0.020021287028446175
30.5	0.020021287028446064
30.6	0.020021287028447805
30.7	0.02002128702844557
30.8	0.020021287028447115
30.9	0.020021287028446435
31.0	0.020021287028443545
31.1	0.020021287028445797
31.2	0.02002128702844822
31.3	0.020021287028444835
31.4	0.020021287028442337
31.5	0.020021287028444367
31.6	0.020021287028444395
31.7	0.020021287028443725
31.8	0.020021287028446338
31.9	0.020021287028443906
32.0	0.020021287028445668
32.1	0.020021287028441585
32.2	0.020021287028446855
32.3	0.020021287028446053
32.4	0.02002128702844604
32.5	0.020021287028444752
32.6	0.020021287028447115
32.7	0.020021287028443756
32.8	0.02002128702844523
32.9	0.020021287028442875
33.0	0.02002128702844645
33.1	0.020021287028444645
33.2	0.020021287028444093
33.3	0.020021287028445637
33.4	0.020021287028446022
33.5	0.02002128702844377
33.6	0.020021287028444672
33.7	0.020021287028444915
33.8	0.02002128702844636
33.9	0.020021287028444898
34.0	0.02002128702844581
34.1	0.020021287028447576
34.2	0.02002128702844321
34.3	0.02002128702844689
34.4	0.020021287028446112
34.5	0.020021287028446657
34.6	0.02002128702844522
34.7	0.020021287028442525
34.8	0.020021287028444093
34.9	0.0200212870284433
35.0	0.020021287028447514
35.1	0.02002128702844296
35.2	0.020021287028442494
35.3	0.020021287028443042
35.4	0.020021287028441737
35.5	0.020021287028444468
35.6	0.020021287028445682
35.7	0.020021287028447018
35.8	0.02002128702844467
35.9	0.020021287028445366
36.0	0.02002128702844356
36.1	0.020021287028442337
36.2	0.020021287028442646
36.3	0.020021287028445293
36.4	0.02002128702844791
36.5	0.02002128702844588
36.6	0.020021287028441744
36.7	0.020021287028444527
36.8	0.02002128702844707
36.9	0.020021287028446435
37.0	0.020021287028444707
37.1	0.020021287028445415
37.2	0.0200212870284452
37.3	0.02002128702844519
37.4	0.020021287028440707
37.5	0.02002128702844356
37.6	0.02002128702844491
37.7	0.020021287028443496
37.8	0.02002128702844475
37.9	0.020021287028443906
38.0	0.02002128702844553
38.1	0.0200212870284421
38.2	0.020021287028442934
38.3	0.020021287028445446
38.4	0.020021287028447677
38.5	0.020021287028446993
38.6	0.02002128702844729
38.7	0.020021287028446546
38.8	0.020021287028443985
38.9	0.020021287028443805
39.0	0.020021287028444232
39.1	0.020021287028442705
39.2	0.02002128702844989
39.3	0.020021287028444676
39.4	0.02002128702844147
39.5	0.02002128702844177
39.6	0.020021287028443267
39.7	0.02002128702844279
39.8	0.020021287028445047
39.9	0.0200212870284448
40.0	0.020021287028446057
40.1	0.02002128702844444
40.2	0.020021287028443708
40.3	0.02002128702844487
40.4	0.020021287028444208
40.5	0.020021287028446726
40.6	0.02002128702844453
40.7	0.02002128702844644
40.8	0.020021287028445012
40.9	0.02002128702844268
41.0	0.020021287028446612
41.1	0.020021287028445082
41.2	0.02002128702844212
41.3	0.020021287028446695
41.4	0.020021287028441227
41.5	0.02002128702844542
41.6	0.020021287028444516
41.7	0.020021287028442022
41.8	0.02002128702844814
41.9	0.02002128702844618
42.0	0.020021287028443593
42.1	0.02002128702844578
42.2	0.020021287028445738
42.3	0.020021287028444634
42.4	0.020021287028446615
42.5	0.020021287028445307
42.6	0.02002128702844385
42.7	0.020021287028447094
42.8	0.02002128702844326
42.9	0.020021287028443933
43.0	0.02002128702844455
43.1	0.020021287028444506
43.2	0.02002128702844285
43.3	0.02002128702844468
43.4	0.020021287028446407
43.5	0.02002128702844571
43.6	0.020021287028447993
43.7	0.0200212870284429
43.8	0.0200212870284453
43.9	0.020021287028444124
44.0	0.020021287028445068
44.1	0.020021287028441217
44.2	0.02002128702844645
44.3	0.020021287028443396
44.4	0.02002128702844625
44.5	0.02002128702844728
44.6	0.020021287028444263
44.7	0.02002128702844495
44.8	0.02002128702844612
44.9	0.020021287028447122
45.0	0.020021287028448163
45.1	0.02002128702844472
45.2	0.020021287028443635
45.3	0.020021287028445696
45.4	0.020021287028445515
45.5	0.02002128702844376
45.6	0.020021287028442466
45.7	0.02002128702844317
45.8	0.020021287028446046
45.9	0.020021287028444863
46.0	0.020021287028444877
46.1	0.020021287028447257
46.2	0.020021287028446733
46.3	0.020021287028444662
46.4	0.020021287028445623
46.5	0.020021287028445984
46.6	0.020021287028444565
46.7	0.020021287028445765
46.8	0.020021287028447042
46.9	0.02002128702844387
47.0	0.020021287028446237
47.1	0.020021287028442997
47.2	0.02002128702844408
47.3	0.02002128702844494
47.4	0.020021287028442636
47.5	0.020021287028447358
47.6	0.02002128702844475
47.7	0.02002128702844627
47.8	0.02002128702844757
47.9	0.020021287028448347
48.0	0.020021287028442872
48.1	0.020021287028442258
48.2	0.02002128702844526
48.3	0.020021287028442736
48.4	0.020021287028441723
48.5	0.020021287028446234
48.6	0.020021287028443174
48.7	0.02002128702844455
48.8	0.020021287028444426
48.9	0.020021287028444572
49.0	0.02002128702844584
49.1	0.020021287028445457
49.2	0.020021287028447417
49.3	0.020021287028443743
49.4	0.020021287028444506
49.5	0.020021287028443108
49.6	0.020021287028442216
49.7	0.020021287028444065
49.8	0.020021287028447313
49.9	0.02002128702844258
50.0	0.020021287028445335
50.1	0.020021287028444995
50.2	0.020021287028444978
50.3	0.020021287028444003
50.4	0.020021287028445894
50.5	0.020021287028443992
50.6	0.020021287028445776
50.7	0.020021287028442775
50.8	0.020021287028441227
50.9	0.020021287028444017
51.0	0.020021287028444752
51.1	0.020021287028446844
51.2	0.020021287028445797
51.3	0.020021287028445953
51.4	0.020021287028443593
51.5	0.020021287028447132
51.6	0.020021287028446008
51.7	0.02002128702844542
51.8	0.02002128702844635
51.9	0.02002128702844575
52.0	0.020021287028442948
52.1	0.020021287028442858
52.2	0.020021287028443694
52.3	0.020021287028447507
52.4	0.020021287028444038
52.5	0.020021287028443923
52.6	0.020021287028445172
52.7	0.020021287028445394
52.8	0.020021287028445002
52.9	0.020021287028443337
53.0	0.020021287028446376
53.1	0.02002128702844588
53.2	0.020021287028446647
53.3	0.020021287028445967
53.4	0.020021287028444554
53.5	0.02002128702844586
53.6	0.020021287028444586
53.7	0.02002128702844256
53.8	0.020021287028445234
53.9	0.020021287028443923
54.0	0.020021287028447705
54.1	0.020021287028444655
54.2	0.020021287028443434
54.3	0.020021287028444724
54.4	0.020021287028446206
54.5	0.020021287028443885
54.6	0.02002128702844532
54.7	0.020021287028446366
54.8	0.02002128702844365
54.9	0.020021287028444502
55.0	0.020021287028444742
55.1	0.02002128702844514
55.2	0.02002128702844359
55.3	0.02002128702844405
55.4	0.020021287028444034
55.5	0.0200212870284482
55.6	0.02002128702844707
55.7	0.020021287028447302
55.8	0.020021287028448683
55.9	0.0200212870284451
56.0	0.02002128702844674
56.1	0.020021287028443614
56.2	0.02002128702844335
56.3	0.0200212870284437
56.4	0.02002128702844524
56.5	0.02002128702844547
56.6	0.020021287028443573
56.7	0.02002128702844377
56.8	0.020021287028443965
56.9	0.020021287028446817
57.0	0.020021287028445824
57.1	0.02002128702844628
57.2	0.020021287028445363
57.3	0.020021287028444062
57.4	0.020021287028444024
57.5	0.02002128702844316
57.6	0.02002128702844421
57.7	0.020021287028445675
57.8	0.020021287028444357
57.9	0.020021287028445807
58.0	0.020021287028445956
58.1	0.020021287028444495
58.2	0.020021287028443333
58.3	0.02002128702844437
58.4	0.02002128702844518
58.5	0.02002128702844465
58.6	0.020021287028445592
58.7	0.02002128702844563
58.8	0.020021287028446008
58.9	0.02002128702844653
59.0	0.02002128702844463
59.1	0.020021287028446078
59.2	0.020021287028444842
59.3	0.020021287028444912
59.4	0.02002128702844401
59.5	0.020021287028445002
59.6	0.020021287028445686
59.7	0.02002128702844502
59.8	0.02002128702844464
59.9	0.02002128702844361
60.0	0.02002128702844681
60.1	0.020021287028446424
60.2	0.020021287028446605
60.3	0.02002128702844378
60.4	0.02002128702844841
60.5	0.020021287028444846
60.6	0.0200212870284443
60.7	0.020021287028445224
60.8	0.02002128702844491
60.9	0.02002128702844576
61.0	0.020021287028446175
61.1	0.020021287028445984
61.2	0.020021287028445012
61.3	0.02002128702844433
61.4	0.020021287028447233
61.5	0.02002128702844453
61.6	0.020021287028445283
61.7	0.02002128702844604
61.8	0.02002128702844457
61.9	0.020021287028447243
62.0	0.020021287028442775
62.1	0.02002128702844449
62.2	0.020021287028448603
62.3	0.02002128702844528
62.4	0.020021287028444457
62.5	0.020021287028444506
62.6	0.020021287028444835
62.7	0.020021287028444152
62.8	0.020021287028445307
62.9	0.020021287028443812
63.0	0.020021287028447687
63.1	0.020021287028441543
63.2	0.020021287028445925
63.3	0.020021287028446747
63.4	0.020021287028445738
63.5	0.02002128702844485
63.6	0.020021287028446196
63.7	0.020021287028443885
63.8	0.020021287028442417
63.9	0.020021287028443167
64.0	0.02002128702844359
64.1	0.020021287028444044
64.2	0.020021287028445342
64.3	0.020021287028445252
64.4	0.020021287028445144
64.5	0.020021287028444544
64.6	0.020021287028442917
64.7	0.02002128702844575
64.8	0.02002128702844624
64.9	0.02002128702844557
65.0	0.020021287028442667
65.1	0.02002128702844483
65.2	0.020021287028446574
65.3	0.020021287028447323
65.4	0.020021287028448322
65.5	0.020021287028444176
65.6	0.02002128702844088
65.7	0.020021287028445606
65.8	0.020021287028441196
65.9	0.020021287028444683
66.0	0.02002128702844296
66.1	0.020021287028444645
66.2	0.020021287028448007
66.3	0.020021287028446775
66.4	0.02002128702844539
66.5	0.020021287028446497
66.6	0.020021287028444256
66.7	0.02002128702844637
66.8	0.02002128702844576
66.9	0.020021287028444464
67.0	0.02002128702844475
67.1	0.020021287028443642
67.2	0.020021287028447063
67.3	0.020021287028444457
67.4	0.02002128702844358
67.5	0.020021287028446248
67.6	0.020021287028443534
67.7	0.020021287028446362
67.8	0.020021287028448315
67.9	0.020021287028447857
68.0	0.02002128702844304
68.1	0.02002128702844281
68.2	0.02002128702844598
68.3	0.02002128702844609
68.4	0.020021287028443982
68.5	0.02002128702844712
68.6	0.02002128702844494
68.7	0.020021287028443482
68.8	0.02002128702844408
68.9	0.020021287028446733
69.0	0.020021287028443923
69.1	0.02002128702844462
69.2	0.020021287028445585
69.3	0.020021287028445592
69.4	0.020021287028445217
69.5	0.02002128702844556
69.6	0.020021287028446855
69.7	0.020021287028448617
69.8	0.020021287028446664
69.9	0.020021287028445824
70.0	0.02002128702844318
70.1	0.020021287028444343
70.2	0.020021287028444246
70.3	0.020021287028444922
70.4	0.02002128702844415
70.5	0.02002128702844421
70.6	0.020021287028447646
70.7	0.0200212870284421
70.8	0.020021287028445578
70.9	0.020021287028444773
71.0	0.020021287028449533
71.1	0.02002128702844856
71.2	0.020021287028449103
71.3	0.020021287028444867
71.4	0.020021287028444308
71.5	0.02002128702844387
71.6	0.020021287028443933
71.7	0.020021287028443878
71.8	0.020021287028444697
71.9	0.0200212870284429
72.0	0.020021287028445103
72.1	0.020021287028444284
72.2	0.020021287028442955
72.3	0.020021287028445765
72.4	0.020021287028446192
72.5	0.020021287028446157
72.6	0.02002128702844623
72.7	0.020021287028444416
72.8	0.02002128702844208
72.9	0.020021287028442872
73.0	0.020021287028443056
73.1	0.02002128702844716
73.2	0.020021287028446366
73.3	0.02002128702844728
73.4	0.02002128702844412
73.5	0.020021287028445887
73.6	0.020021287028444447
73.7	0.020021287028445856
73.8	0.02002128702844598
73.9	0.020021287028443063
74.0	0.02002128702844465
74.1	0.02002128702844458
74.2	0.020021287028448825
74.3	0.02002128702844286
74.4	0.02002128702844714
74.5	0.020021287028443115
74.6	0.020021287028444405
74.7	0.020021287028444287
74.8	0.020021287028443257
74.9	0.020021287028443052
75.0	0.020021287028445765
75.1	0.020021287028442757
75.2	0.020021287028442556
75.3	0.02002128702844512
75.4	0.02002128702844557
75.5	0.02002128702844432
75.6	0.020021287028443205
75.7	0.020021287028443618
75.8	0.020021287028444586
75.9	0.020021287028445325
76.0	0.020021287028442192
76.1	0.0200212870284475
76.2	0.020021287028443566
76.3	0.020021287028444874
76.4	0.02002128702844163
76.5	0.020021287028445474
76.6	0.020021287028444815
76.7	0.02002128702844285
76.8	0.02002128702844426
76.9	0.020021287028445068
77.0	0.0200212870284436
77.1	0.02002128702844549
77.2	0.020021287028442403
77.3	0.020021287028444065
77.4	0.02002128702844664
77.5	0.020021287028445262
77.6	0.02002128702844468
77.7	0.0200212870284422
77.8	0.020021287028446133
77.9	0.020021287028446536
78.0	0.02002128702844624
78.1	0.020021287028444676
78.2	0.020021287028445776
78.3	0.020021287028444232
78.4	0.020021287028443895
78.5	0.02002128702844771
78.6	0.020021287028445047
78.7	0.020021287028443316
78.8	0.020021287028443333
78.9	0.020021287028446327
79.0	0.020021287028441522
79.1	0.0200212870284415
79.2	0.02002128702844446
79.3	0.02002128702844621
79.4	0.02002128702844578
79.5	0.020021287028446553
79.6	0.020021287028445005
79.7	0.020021287028446764
79.8	0.02002128702844487
79.9	0.02002128702844456
80.0	0.02002128702844503
80.1	0.02002128702844313
80.2	0.02002128702844372
80.3	0.02002128702844655
80.4	0.020021287028446116
80.5	0.020021287028442948
80.6	0.020021287028446952
80.7	0.020021287028445373
80.8	0.02002128702844301
80.9	0.020021287028444947
81.0	0.020021287028446955
81.1	0.020021287028445512
81.2	0.020021287028447354
81.3	0.02002128702844392
81.4	0.020021287028444287
81.5	0.020021287028441626
81.6	0.02002128702844404
81.7	0.020021287028446424
81.8	0.020021287028440166
81.9	0.020021287028445432
82.0	0.020021287028445276
82.1	0.020021287028443798
82.2	0.02002128702844587
82.3	0.020021287028445054
82.4	0.02002128702844673
82.5	0.02002128702844514
82.6	0.020021287028444634
82.7	0.020021287028442497
82.8	0.020021287028444794
82.9	0.0200212870284437
83.0	0.020021287028444787
83.1	0.020021287028445016
83.2	0.020021287028445883
83.3	0.02002128702844451
83.4	0.0200212870284468
83.5	0.02002128702844644
83.6	0.020021287028442893
83.7	0.02002128702844494
83.8	0.02002128702844374
83.9	0.02002128702844644
84.0	0.02002128702844547
84.1	0.020021287028446556
84.2	0.02002128702844537
84.3	0.020021287028447386
84.4	0.0200212870284431
84.5	0.020021287028445748
84.6	0.02002128702844501
84.7	0.020021287028446445
84.8	0.020021287028444815
84.9	0.02002128702844653
85.0	0.02002128702844655
85.1	0.02002128702844652
85.2	0.020021287028447438
85.3	0.020021287028445647
85.4	0.020021287028444586
85.5	0.020021287028444544
85.6	0.020021287028445172
85.7	0.02002128702844479
85.8	0.02002128702844302
85.9	0.020021287028445592
86.0	0.02002128702844637
86.1	0.020021287028444926
86.2	0.020021287028443614
86.3	0.020021287028446036
86.4	0.020021287028446536
86.5	0.02002128702844658
86.6	0.02002128702844571
86.7	0.02002128702844427
86.8	0.020021287028442317
86.9	0.020021287028445193
87.0	0.020021287028444502
87.1	0.02002128702844428
87.2	0.020021287028443528
87.3	0.02002128702844724
87.4	0.020021287028444704
87.5	0.020021287028445696
87.6	0.020021287028443423
87.7	0.020021287028445446
87.8	0.020021287028441137
87.9	0.02002128702844322
88.0	0.020021287028443486
88.1	0.02002128702844484
88.2	0.02002128702844557
88.3	0.020021287028448305
88.4	0.02002128702844213
88.5	0.02002128702844483
88.6	0.020021287028445557
88.7	0.02002128702844152
88.8	0.020021287028446074
88.9	0.02002128702844899
89.0	0.020021287028443316
89.1	0.020021287028442036
89.2	0.02002128702844488
89.3	0.02002128702844277
89.4	0.020021287028446185
89.5	0.02002128702844755
89.6	0.02002128702844516
89.7	0.020021287028442875
89.8	0.020021287028444405
89.9	0.020021287028443843
90.0	0.020021287028445446
90.1	0.020021287028445224
90.2	0.02002128702844623
90.3	0.020021287028445234
90.4	0.020021287028444815
90.5	0.020021287028441786
90.6	0.02002128702844543
90.7	0.020021287028444586
90.8	0.020021287028448333
90.9	0.020021287028443947
91.0	0.020021287028445994
91.1	0.02002128702844325
91.2	0.020021287028445602
91.3	0.02002128702844328
91.4	0.02002128702844629
91.5	0.02002128702844762
91.6	0.020021287028443753
91.7	0.020021287028443073
91.8	0.020021287028444194
91.9	0.020021287028445658
92.0	0.020021287028446733
92.1	0.02002128702844591
92.2	0.020021287028447306
92.3	0.02002128702844734
92.4	0.0200212870284433
92.5	0.020021287028441987
92.6	0.0200212870284409
92.7	0.020021287028443416
92.8	0.020021287028444155
92.9	0.02002128702844415
93.0	0.02002128702844541
93.1	0.020021287028446796
93.2	0.020021287028444086
93.3	0.020021287028445287
93.4	0.020021287028444273
93.5	0.02002128702844658
93.6	0.020021287028444485
93.7	0.02002128702844598
93.8	0.020021287028447927
93.9	0.020021287028445727
94.0	0.020021287028443767
94.1	0.02002128702844723
94.2	0.02002128702844627
94.3	0.020021287028446775
94.4	0.020021287028442566
94.5	0.020021287028443323
94.6	0.020021287028444124
94.7	0.020021287028444287
94.8	0.02002128702844227
94.9	0.02002128702844532
95.0	0.02002128702844535
95.1	0.02002128702844537
95.2	0.020021287028444974
95.3	0.020021287028445123
95.4	0.02002128702844554
95.5	0.02002128702844537
95.6	0.020021287028442483
95.7	0.02002128702844658
95.8	0.02002128702844628
95.9	0.02002128702844337
96.0	0.020021287028446615
96.1	0.020021287028443472
96.2	0.020021287028444676
96.3	0.020021287028445606
96.4	0.02002128702844237
96.5	0.020021287028446834
96.6	0.020021287028444846
96.7	0.02002128702844369
96.8	0.02002128702844404
96.9	0.020021287028441914
97.0	0.020021287028446005
97.1	0.020021287028444624
97.2	0.02002128702844506
97.3	0.020021287028445536
97.4	0.020021287028447188
97.5	0.020021287028449263
97.6	0.020021287028446383
97.7	0.020021287028443854
97.8	0.020021287028442344
97.9	0.02002128702844624
98.0	0.02002128702844889
98.1	0.02002128702844359
98.2	0.02002128702844526
98.3	0.020021287028444162
98.4	0.020021287028444787
98.5	0.020021287028447406
98.6	0.020021287028444874
98.7	0.020021287028442865
98.8	0.02002128702844571
98.9	0.02002128702844448
99.0	0.020021287028444724
99.1	0.020021287028443913
99.2	0.020021287028445668
99.3	0.02002128702844502
99.4	0.020021287028444003
99.5	0.02002128702844515
99.6	0.02002128702844643
99.7	0.020021287028445495
99.8	0.02002128702844395
99.9	0.020021287028445724
100.0	0.020021287028445266
