0.0 	 0.0 
0.1 	 0.00522345510309687 
0.2 	 0.01675501591078041 
0.3 	 0.031213013887707933 
0.4 	 0.045982337938102594 
0.5 	 0.05900359525359261 
0.6 	 0.06884443150486681 
0.7 	 0.07468110284339695 
0.8 	 0.07619131815080493 
0.9 	 0.07344231380059461 
1.0 	 0.06680599604233793 
1.1 	 0.05692031679119585 
1.2 	 0.04469405660631189 
1.3 	 0.031339917311539754 
1.4 	 0.018416561918249266 
1.5 	 0.007873557011284327 
1.6 	 0.002247959055580533 
1.7 	 0.004448985382454471 
1.8 	 0.012977072446811008 
1.9 	 0.024717089026659218 
2.0 	 0.03729769588822612 
2.1 	 0.04883224885580512 
2.2 	 0.05794426207794311 
2.3 	 0.06377389632017431 
2.4 	 0.0659216762486964 
2.5 	 0.0643642310560446 
2.6 	 0.05937930383393169 
2.7 	 0.05150076148846443 
2.8 	 0.04150349366927954 
2.9 	 0.030412188670751912 
3.0 	 0.019517082924027346 
3.1 	 0.010392798491325753 
3.2 	 0.004946947498509562 
3.3 	 0.005139894763887648 
3.4 	 0.01081956854066771 
3.5 	 0.019870872871052585 
3.6 	 0.030278003743478128 
3.7 	 0.04037358995748918 
3.8 	 0.048857983699822125 
3.9 	 0.05482787843002147 
4.0 	 0.05776758651833166 
4.1 	 0.05750902417338791 
4.2 	 0.05418374991204038 
4.3 	 0.048185607941965074 
4.4 	 0.04015111791728435 
4.5 	 0.030953972458947532 
4.6 	 0.02170406290201226 
4.7 	 0.01373871760210323 
4.8 	 0.008583112688140129 
4.9 	 0.00765861646911096 
5.0 	 0.011232846539357232 
5.1 	 0.01805361629927994 
5.2 	 0.02646747553321907 
5.3 	 0.034991100323969744 
5.4 	 0.042430782996643816 
5.5 	 0.04792647640551261 
5.6 	 0.05095714555400522 
5.7 	 0.05131546906769233 
5.8 	 0.04906923437707762 
5.9 	 0.044525102122864924 
6.0 	 0.03820337648385123 
6.1 	 0.030816362664716865 
6.2 	 0.02326111345118873 
6.3 	 0.016593502580429246 
6.4 	 0.011965235426815875 
6.5 	 0.010408977735585958 
6.6 	 0.012316733178484654 
6.7 	 0.01709756345524528 
6.8 	 0.02360275956104512 
6.9 	 0.03062578733786761 
7.0 	 0.03711285229174883 
7.1 	 0.04224440629535754 
7.2 	 0.04546777757653577 
7.3 	 0.04649837716670449 
7.4 	 0.045304542258723546 
7.5 	 0.042073253610594184 
7.6 	 0.037193217131052565 
7.7 	 0.031239818618643066 
7.8 	 0.02495916053657338 
7.9 	 0.019236514349879635 
8.0 	 0.015022849846231574 
8.1 	 0.013160137198969041 
8.2 	 0.01405492917739244 
8.3 	 0.017422822035190688 
8.4 	 0.022448641709434478 
8.5 	 0.028147608209632625 
8.6 	 0.03360417547232063 
8.7 	 0.03808323366772081 
8.8 	 0.041074466228794064 
8.9 	 0.04229894198967207 
9.0 	 0.04169456613872589 
9.1 	 0.039393330984845536 
9.2 	 0.03569879164231022 
9.3 	 0.03106179337613539 
9.4 	 0.026067567085929312 
9.5 	 0.021400026358143052 
9.6 	 0.017781754118967253 
9.7 	 0.015854116731743053 
9.8 	 0.015987780695451502 
9.9 	 0.018115466502923536 
10.0 	 0.021754182177929616 
10.1 	 0.02619689631589316 
10.2 	 0.030702170405355004 
10.3 	 0.03462746335348046 
10.4 	 0.03748313852869792 
10.5 	 0.03896140754476092 
10.6 	 0.0389395659826192 
10.7 	 0.037469648699442026 
10.8 	 0.03476196265107689 
10.9 	 0.03116616692728748 
11.0 	 0.027148875328253805 
11.1 	 0.0232616927024435 
11.2 	 0.02008825488217573 
11.3 	 0.018155415121387204 
11.4 	 0.017805932897106053 
11.5 	 0.019079432882291268 
11.6 	 0.02169117513593801 
11.7 	 0.02513175980592299 
11.8 	 0.028810058432591167 
11.9 	 0.03216916736768231 
12.0 	 0.034759521797015795 
12.1 	 0.036276854985620784 
12.2 	 0.036575042717092034 
12.3 	 0.03566251242156821 
12.4 	 0.033689056512996834 
12.5 	 0.030927157968163387 
12.6 	 0.027748456936307293 
12.7 	 0.024592230534522336 
12.8 	 0.021919543331418625 
12.9 	 0.020147212725796816 
13.0 	 0.019562422724537537 
13.1 	 0.020243788596052865 
13.2 	 0.022034816414483203 
13.3 	 0.024591399342017296 
13.4 	 0.027474486468478783 
13.5 	 0.030238569265553798 
13.6 	 0.03250006896375747 
13.7 	 0.033977866106341466 
13.8 	 0.03451253097373153 
13.9 	 0.03407013887378124 
14.0 	 0.03273596161846675 
14.1 	 0.030701557514312763 
14.2 	 0.02824628884999456 
14.3 	 0.02571154222979228 
14.4 	 0.023464633557502817 
14.5 	 0.021847567781362428 
14.6 	 0.021114872405534446 
14.7 	 0.021373823357876316 
14.8 	 0.022554558417192467 
14.9 	 0.024428883477948027 
15.0 	 0.026668506760997322 
15.1 	 0.028915518450567793 
15.2 	 0.030843098447629648 
15.3 	 0.03219760135068142 
15.4 	 0.03282193069426523 
15.5 	 0.03266362843004463 
15.6 	 0.03177178373249635 
15.7 	 0.030286135151003025 
15.8 	 0.02842009068637994 
15.9 	 0.026437640379090833 
16.0 	 0.0246232444804092 
16.1 	 0.02324374817066633 
16.2 	 0.022504502380211098 
16.3 	 0.022508690495267592 
16.4 	 0.023234319274422675 
16.5 	 0.024540040596077537 
16.6 	 0.026199589885087818 
16.7 	 0.027946685478964856 
16.8 	 0.029523009263173864 
16.9 	 0.030714385578193913 
17.0 	 0.03137425145015846 
17.1 	 0.03143506777289084 
17.2 	 0.030909958302710084 
17.3 	 0.029886893934130566 
17.4 	 0.02851692330037204 
17.5 	 0.026996847440806444 
17.6 	 0.02554597358802934 
17.7 	 0.024376899413815746 
17.8 	 0.023662358975754867 
17.9 	 0.02350378995950317 
18.0 	 0.023910613929706507 
18.1 	 0.02479905154976506 
18.2 	 0.02601127574529933 
18.3 	 0.027348147444240793 
18.4 	 0.028605553697426962 
18.5 	 0.02960596446811283 
18.6 	 0.03022083268308205 
18.7 	 0.030382904863684248 
18.8 	 0.030089442059733264 
18.9 	 0.02939873208944095 
19.0 	 0.02841894534355681 
19.1 	 0.02729486135514376 
19.2 	 0.026189308801055945 
19.3 	 0.025261493893190455 
19.4 	 0.024643689720055706 
19.5 	 0.02441985712416302 
19.6 	 0.024611204059143212 
19.7 	 0.02517301903863633 
19.8 	 0.026005764789073828 
19.9 	 0.0269723256625955 
20.0 	 0.027924271399401835 
20.1 	 0.02872482756501899 
20.2 	 0.029267690948076068 
20.3 	 0.029488769622067017 
20.4 	 0.0293713004695995 
20.5 	 0.028945006271135394 
20.6 	 0.028280277175433997 
20.7 	 0.027478209506252356 
20.8 	 0.02665715795131307 
20.9 	 0.025936602516754594 
21.0 	 0.02541972442632188 
21.1 	 0.025177335086977733 
21.2 	 0.02523615807970151 
21.3 	 0.02557506546631905 
21.4 	 0.026130068670454715 
21.5 	 0.0268070620748661 
21.6 	 0.0274990610377339 
21.7 	 0.02810390923625094 
21.8 	 0.028539147683541294 
21.9 	 0.028752119550407955 
22.0 	 0.028724729497960975 
22.1 	 0.028473222303466935 
22.2 	 0.028043830625753795 
22.3 	 0.0275052117312121 
22.4 	 0.026938515926252495 
22.5 	 0.02642601098536156 
22.6 	 0.026039447976086583 
22.7 	 0.025829707712163304 
22.8 	 0.025819489107392204 
22.9 	 0.026000425224422363 
23.0 	 0.026336515980596893 
23.1 	 0.026769445830303502 
23.2 	 0.027230129533372564 
23.3 	 0.02764992836393898 
23.4 	 0.02797077295201304 
23.5 	 0.028152684576434373 
23.6 	 0.028177975010955175 
23.7 	 0.02805206148821258 
23.8 	 0.02780124826934388 
23.9 	 0.027468028830683236 
24.0 	 0.027104551608297948 
24.1 	 0.02676498204368628 
24.2 	 0.026497646254913305 
24.3 	 0.0263378951959059 
24.4 	 0.026303011456139523 
24.5 	 0.026390353277916362 
24.6 	 0.026578708795304506 
24.7 	 0.02683276989544821 
24.8 	 0.027109767380553478 
24.9 	 0.02736685040281672 
25.0 	 0.02756778445258481 
25.1 	 0.02768787502402201 
25.2 	 0.027716537960503822 
25.3 	 0.0276574866942528 
25.4 	 0.02752687607288549 
25.5 	 0.027349778131125935 
25.6 	 0.027155848795287735 
25.7 	 0.026974673771280048 
25.8 	 0.026831458596676436 
25.9 	 0.02674363350087068 
26.0 	 0.026718830737260994 
26.1 	 0.026754505723762496 
26.2 	 0.02683919413205277 
26.3 	 0.026954922883378238 
26.4 	 0.027080703413750667 
26.5 	 0.027196296542183446 
26.6 	 0.027285351069601 
26.7 	 0.027337594566007803 
26.8 	 0.027349814542336006 
26.9 	 0.02732560515283713 
27.0 	 0.027274051934624684 
27.1 	 0.02720766021288205 
27.2 	 0.027139905307033526 
27.3 	 0.02708280607505139 
27.4 	 0.027044901743245052 
27.5 	 0.027029938995151066 
27.6 	 0.027036519158565527 
27.7 	 0.027058827588741487 
27.8 	 0.02708821451010563 
27.9 	 0.02711528055863766 
28.0 	 0.027132051352362352 
28.1 	 0.027133776738240547 
28.2 	 0.02711996684547918 
28.3 	 0.027094448781296555 
28.4 	 0.02706444845408662 
28.5 	 0.027038920705643153 
28.6 	 0.027026497820521304 
28.7 	 0.02703348178517853 
28.8 	 0.02706227461750108 
28.9 	 0.02711056496433547 
29.0 	 0.027171452348283106 
29.1 	 0.027234512783739694 
29.2 	 0.02728763109927007 
29.3 	 0.02731927517804307 
29.4 	 0.027320785240257522 
29.5 	 0.027288194922172007 
29.6 	 0.027223298738630303 
29.7 	 0.027133825097135102 
29.8 	 0.027032495636406844 
29.9 	 0.026935125751521426 
30.0 	 0.026858100589397468 
30.1 	 0.026815643075754597 
30.2 	 0.026817323557605764 
30.3 	 0.026866221428292453 
30.4 	 0.026958048394210878 
30.5 	 0.027081400250534404 
30.6 	 0.02721913981737097 
30.7 	 0.02735075005144319 
30.8 	 0.027455359719213642 
30.9 	 0.027515020343326955 
31.0 	 0.027517746164277834 
31.1 	 0.027459783135056322 
31.2 	 0.027346699459860385 
31.3 	 0.02719304074758055 
31.4 	 0.02702051017833997 
31.5 	 0.026854880432375657 
31.6 	 0.02672207817553798 
31.7 	 0.026644056431416683 
31.8 	 0.026635139191103677 
31.9 	 0.026699463147241254 
32.0 	 0.02682996887597691 
32.1 	 0.027009141637705267 
32.2 	 0.027211414771198848 
32.3 	 0.027406881139341477 
32.4 	 0.02756575652305843 
32.5 	 0.027662927679252897 
32.6 	 0.027681899977539875 
32.7 	 0.027617528542747148 
32.8 	 0.02747710324994036 
32.9 	 0.027279617968738925 
33.0 	 0.02705323646117404 
33.1 	 0.026831258102671847 
33.2 	 0.026647161067437856 
33.3 	 0.026529486382596765 
33.4 	 0.02649737083758234 
33.5 	 0.026557453835626885 
33.6 	 0.026702665482557293 
33.7 	 0.02691309151349798 
33.8 	 0.027158773036174713 
33.9 	 0.027404007175141704 
34.0 	 0.027612516041602066 
34.1 	 0.02775275454875053 
34.2 	 0.02780261825403245 
34.3 	 0.027752885464841198 
34.4 	 0.02760887943813817 
34.5 	 0.027390053284507186 
34.6 	 0.027127469344120192 
34.7 	 0.026859446649598977 
34.8 	 0.026625949276002304 
34.9 	 0.026462534454512247 
35.0 	 0.026394812749722146 
35.1 	 0.026434342389879278 
35.2 	 0.02657666725391862 
35.3 	 0.026801842471116603 
35.4 	 0.027077353950791905 
35.5 	 0.02736293660129532 
35.6 	 0.027616518028703844 
35.7 	 0.02780039285386639 
35.8 	 0.027886749660345142 
35.9 	 0.027861791019320282 
36.0 	 0.02772788451344033 
36.1 	 0.02750344076150664 
36.2 	 0.027220482172347363 
36.3 	 0.026920155988986772 
36.4 	 0.026646767178417564 
36.5 	 0.026441178388175727 
36.6 	 0.026334584602157932 
36.7 	 0.026343671655100886 
36.8 	 0.026467975277580793 
36.9 	 0.026689885950376867 
37.0 	 0.026977276067913003 
37.1 	 0.02728828151043107 
37.2 	 0.02757745419020206 
37.3 	 0.02780235697516069 
37.4 	 0.027929677605821143 
37.5 	 0.027940049261896648 
37.6 	 0.027830945206290713 
37.7 	 0.027617243893635037 
37.8 	 0.027329332334077208 
37.9 	 0.027008922832026088 
38.0 	 0.026703083081267072 
38.1 	 0.026457284673496027 
38.2 	 0.026308502542618222 
38.3 	 0.026279477507323238 
38.4 	 0.026375125923970233 
38.5 	 0.026581731043006304 
38.6 	 0.02686904500457106 
38.7 	 0.027194903023229855 
38.8 	 0.027511544343023723 
38.9 	 0.027772627522043986 
39.0 	 0.027939915124921222 
39.1 	 0.027988728230133895 
39.2 	 0.027911476567635905 
39.3 	 0.027718820648817907 
39.4 	 0.027438295841447677 
39.5 	 0.02711052008669036 
39.6 	 0.026783423860396404 
39.7 	 0.026505254278560517 
39.8 	 0.026317357136754344 
39.9 	 0.02624786466695468 
40.0 	 0.026307345523009684 
40.1 	 0.026487173570570177 
40.2 	 0.026760886567551025 
40.3 	 0.02708825938345968 
40.4 	 0.027421361324024267 
40.5 	 0.027711605555875842 
40.6 	 0.027916743756996196 
40.7 	 0.028006858736592137 
40.8 	 0.027968595954767857 
40.9 	 0.02780710791631534 
41.0 	 0.027545447558932335 
41.1 	 0.027221436806023586 
41.2 	 0.026882350889292823 
41.3 	 0.026578079422623455 
41.4 	 0.026353710469711612 
41.5 	 0.02624266877696059 
41.6 	 0.026261545796173468 
41.7 	 0.026407529409924534 
41.8 	 0.026658887134582233 
41.9 	 0.026978384815872607 
42.0 	 0.027318997942593296 
42.1 	 0.027630932124608494 
42.2 	 0.027868859021932448 
42.3 	 0.027998352550932904 
42.4 	 0.02800070171395728 
42.5 	 0.027875520004655985 
42.6 	 0.027640836280194356 
42.7 	 0.027330631136778402 
42.8 	 0.02699008084445913 
42.9 	 0.026669081813262052 
43.0 	 0.026414919971778538 
43.1 	 0.026265164053729702 
43.2 	 0.02624192468447575 
43.3 	 0.026348464676148087 
43.4 	 0.02656875674126701 
43.5 	 0.02687004088548013 
43.6 	 0.027207887019278496 
43.7 	 0.027532870063347804 
43.8 	 0.027797789558315657 
43.9 	 0.027964394205233646 
44.0 	 0.02800873296823665 
44.1 	 0.027924480376406477 
44.2 	 0.027723837065251233 
44.3 	 0.02743587783102901 
44.4 	 0.027102510055526857 
44.5 	 0.026772511274942224 
44.6 	 0.02649441432430388 
44.7 	 0.026309255278773 
44.8 	 0.026244322178954716 
44.9 	 0.02630896452091682 
45.0 	 0.02649320604121772 
45.1 	 0.02676939279949001 
45.2 	 0.02709654063907937 
45.3 	 0.027426585019239294 
45.4 	 0.027711489294154405 
45.5 	 0.02791014389201901 
45.6 	 0.027994126125044688 
45.7 	 0.027951611618966633 
45.8 	 0.027788981404501003 
45.9 	 0.027529933331848836 
46.0 	 0.02721218269141862 
46.1 	 0.026882127041319107 
46.2 	 0.026588141897694532 
46.3 	 0.026373430677579093 
46.4 	 0.026269512246115876 
46.5 	 0.02629141770355595 
46.6 	 0.026435431877407083 
46.7 	 0.026679770822852687 
46.8 	 0.02698804047856687 
46.9 	 0.027314829700535174 
47.0 	 0.02761247984239165 
47.1 	 0.027837982377495345 
47.2 	 0.027959043866962137 
47.3 	 0.02795855019878656 
47.4 	 0.02783690020583966 
47.5 	 0.027611934302257043 
47.6 	 0.027316451476795352 
47.7 	 0.02699358908978342 
47.8 	 0.02669062712929698 
47.9 	 0.026452045139587144 
48.0 	 0.026312853914351505 
48.1 	 0.026293273728529402 
48.2 	 0.026395672791422863 
48.3 	 0.02660430372681887 
48.4 	 0.026887858576399255 
48.5 	 0.027204348167059873 
48.6 	 0.02750744138347586 
48.7 	 0.02775324364543737 
48.8 	 0.02790653351474044 
48.9 	 0.027945643953089686 
49.0 	 0.027865402875368078 
49.1 	 0.027677796402435246 
49.2 	 0.027410275236978816 
49.3 	 0.027101890889152686 
49.4 	 0.026797722043219712 
49.5 	 0.026542314108025333 
49.6 	 0.02637306538149605 
49.7 	 0.026314588175332134 
49.8 	 0.02637498740433774 
49.9 	 0.026544703723118485 
50.0 	 0.026798108426056243 
50.1 	 0.02709753216659548 
50.2 	 0.02739900006461241 
50.3 	 0.02765872443901822 
50.4 	 0.027839383205671208 
50.5 	 0.027915335293113738 
50.6 	 0.027876127677260536 
50.7 	 0.027727884483482537 
50.8 	 0.027492416739810382 
50.9 	 0.027204148464540053 
51.0 	 0.026905219556533532 
51.1 	 0.026639386248918623 
51.2 	 0.026445563501292513 
51.3 	 0.02635198623074356 
51.4 	 0.026371943395699312 
51.5 	 0.02650181830112327 
51.6 	 0.026721768703939767 
51.7 	 0.026998895163655678 
51.8 	 0.027292310121664307 
51.9 	 0.027559242751982498 
52.0 	 0.027761232322826807 
52.1 	 0.027869542566457454 
52.2 	 0.027869108091801726 
52.3 	 0.027760546740583227 
52.4 	 0.027560009813333845 
52.5 	 0.027296887044141696 
52.6 	 0.027009634322134154 
52.7 	 0.026740242402977888 
52.8 	 0.026528090566460064 
52.9 	 0.026404085700207334 
53.0 	 0.026386015979847233 
53.1 	 0.026475900542762176 
53.2 	 0.026659789154711594 
53.3 	 0.026910024068680857 
53.4 	 0.027189537202605595 
53.5 	 0.027457434498157473 
53.6 	 0.027674975636894413 
53.7 	 0.027811081687889858 
53.8 	 0.02784664398269489 
53.9 	 0.027777109006305537 
54.0 	 0.027613040104180715 
54.1 	 0.0273785924970073 
54.2 	 0.027108079917774138 
54.3 	 0.0268410540766266 
54.4 	 0.026616544793641873 
54.5 	 0.02646728308212725 
54.6 	 0.026414799623434865 
54.7 	 0.026466205951807768 
54.8 	 0.026613206313045566 
54.9 	 0.026833495074901112 
55.0 	 0.027094265433271196 
55.1 	 0.027357204133629645 
55.2 	 0.027584151098683528 
55.3 	 0.027742575001811074 
55.4 	 0.02781011793835063 
55.5 	 0.027777640361369066 
55.6 	 0.027650409223737533 
55.7 	 0.027447296394331983 
55.8 	 0.027198084143623312 
55.9 	 0.026939206006268798 
56.0 	 0.026708472567664357 
56.1 	 0.026539514847473116 
56.2 	 0.026456778806913682 
56.3 	 0.026471874025770194 
56.4 	 0.026581888631721822 
56.5 	 0.02676994953797833 
56.6 	 0.02700790633329432 
56.7 	 0.027260653202580063 
56.8 	 0.027491362934626205 
56.9 	 0.027666824265577265 
57.0 	 0.027762128806217225 
57.1 	 0.027764099999602262 
57.2 	 0.027673049633935513 
57.3 	 0.02750265993702312 
57.4 	 0.027278009542050886 
57.5 	 0.02703198452643661 
57.6 	 0.026800532114657438 
57.7 	 0.02661740302221792 
57.8 	 0.026509152046855486 
57.9 	 0.02649118004065625 
58.0 	 0.026565469090150718 
58.1 	 0.02672038831394346 
58.2 	 0.02693258330335187 
58.3 	 0.02717059909959604 
58.4 	 0.027399614879803868 
58.5 	 0.027586538413370006 
58.6 	 0.027704717915150983 
58.7 	 0.02773764133707922 
58.8 	 0.02768116445903754 
58.9 	 0.027544007217899038 
59.0 	 0.027346466179062962 
59.1 	 0.027117502981585703 
59.2 	 0.026890576731133053 
59.3 	 0.02669877647423425 
59.4 	 0.026569948404536553 
59.5 	 0.026522561323275944 
59.6 	 0.02656297661674974 
59.7 	 0.02668457485770815 
59.8 	 0.026868873144694813 
59.9 	 0.027088419562206034 
60.0 	 0.027310960281292124 
60.1 	 0.02750420246316246 
60.2 	 0.027640458100143542 
60.3 	 0.027700526875444265 
60.4 	 0.027676320591942263 
60.5 	 0.02757191310218455 
60.6 	 0.027402896854774518 
60.7 	 0.02719412994475099 
60.8 	 0.026976158626245028 
60.9 	 0.02678078685331628 
61.0 	 0.026636412768720155 
61.1 	 0.02656382768612587 
61.2 	 0.0265731402862796 
61.3 	 0.02666232875748167 
61.4 	 0.026817653466425 
61.5 	 0.027015839712695253 
61.6 	 0.0272276430832258 
61.7 	 0.027422206281768516 
61.8 	 0.027571536271826375 
61.9 	 0.027654464457945224 
62.0 	 0.027659567756792326 
62.1 	 0.02758668995359102 
62.2 	 0.027446886016252038 
62.3 	 0.027260803647702926 
62.4 	 0.027055708325511553 
62.5 	 0.02686154007045657 
62.6 	 0.026706543374492644 
62.7 	 0.026613107199924872 
62.8 	 0.026594456559776672 
62.9 	 0.026652727572071783 
63.0 	 0.02677873803584162 
63.1 	 0.02695347605729886 
63.2 	 0.027151037591190887 
63.3 	 0.027342517988109945 
63.4 	 0.027500244232587255 
63.5 	 0.02760172799434367 
63.6 	 0.027632801785216113 
63.7 	 0.027589539166001757 
63.8 	 0.027478728142745486 
63.9 	 0.027316847792396966 
64.0 	 0.02712768190104156 
64.1 	 0.026938880528220095 
64.2 	 0.026777935683184925 
64.3 	 0.02666814672002536 
64.4 	 0.02662518485383313 
64.5 	 0.026654799248625433 
64.6 	 0.026752034275376046 
64.7 	 0.026902075136913953 
64.8 	 0.027082562270329364 
64.9 	 0.027266978293720982 
65.0 	 0.027428563046914402 
65.1 	 0.027544169003897317 
65.2 	 0.02759751814715314 
65.3 	 0.027581434655203615 
65.4 	 0.027498778093950366 
65.5 	 0.027361969806704498 
65.6 	 0.027191179041585294 
65.7 	 0.02701140577360026 
65.8 	 0.026848851570166393 
65.9 	 0.02672708850114936 
66.0 	 0.026663593009708244 
66.1 	 0.02666718177299824 
66.2 	 0.026736758387058177 
66.3 	 0.026861567380161013 
66.4 	 0.027022897851147483 
66.5 	 0.027196940767454346 
66.6 	 0.02735833294548795 
66.7 	 0.02748384358387157 
66.8 	 0.027555673944069905 
66.9 	 0.02756392641257414 
67.0 	 0.027507929802312883 
67.1 	 0.02739626214564283 
67.2 	 0.027245476296996175 
67.3 	 0.02707769733634826 
67.4 	 0.026917412900686898 
67.5 	 0.02678790179324933 
67.6 	 0.026707820191673143 
67.7 	 0.026688464791547396 
67.8 	 0.02673214315347149 
67.9 	 0.026831908309121407 
68.0 	 0.026972687861530217 
68.1 	 0.02713360679168229 
68.2 	 0.027291118626436392 
68.3 	 0.027422454975727335 
68.4 	 0.027508886443349378 
68.5 	 0.027538345156257468 
68.6 	 0.027507067855891056 
68.7 	 0.027420057019594653 
68.8 	 0.027290310011436378 
68.9 	 0.02713692173349168 
69.0 	 0.02698231429119198 
69.1 	 0.026848973992185877 
69.2 	 0.026756162562432732 
69.3 	 0.02671709409051539 
69.4 	 0.02673701494072755 
69.5 	 0.02681248863560582 
69.6 	 0.026931991525491375 
69.7 	 0.027077707995898478 
69.8 	 0.027228223349922132 
69.9 	 0.027361685859914622 
70.0 	 0.02745896305676223 
70.1 	 0.027506345887680812 
70.2 	 0.02749743977597712 
70.3 	 0.02743400306258934 
70.4 	 0.027325633712654805 
70.5 	 0.02718835214091707 
70.6 	 0.02704227116355076 
70.7 	 0.026908671306449583 
70.8 	 0.026806894784632166 
70.9 	 0.02675151504129238 
71.0 	 0.026750213500502933 
71.1 	 0.02680269441122787 
71.2 	 0.026900803852151104 
71.3 	 0.02702982107186977 
71.4 	 0.027170701421143247 
71.5 	 0.027302908813870576 
71.6 	 0.02740740444767987 
71.7 	 0.02746935984221498 
71.8 	 0.02748022350182815 
71.9 	 0.027438873067950367 
72.0 	 0.027351711325848033 
72.1 	 0.02723170146581865 
72.2 	 0.02709647388715574 
72.3 	 0.02696576254661167 
72.4 	 0.026858529431310934 
72.5 	 0.026790194087866696 
72.6 	 0.02677038445774014 
72.7 	 0.026801555785120085 
72.8 	 0.026878690736636516 
72.9 	 0.026990118520323104 
73.0 	 0.027119309410793595 
73.1 	 0.027247351190385332 
73.2 	 0.027355722402545916 
73.3 	 0.02742895331571738 
73.4 	 0.027456802572670032 
73.5 	 0.027435660298761034 
73.6 	 0.027369000154219423 
73.7 	 0.027266829274086773 
73.8 	 0.027144214962704714 
73.9 	 0.027019089846990647 
74.0 	 0.026909640636538834 
74.1 	 0.026831654691527297 
74.2 	 0.02679621753830595 
74.3 	 0.02680811196217604 
74.4 	 0.026865165001504397 
74.5 	 0.026958638144202587 
74.6 	 0.02707458725689537 
74.7 	 0.02719596681104157 
74.8 	 0.027305146611167848 
74.9 	 0.027386463252325813 
75.0 	 0.027428442320025916 
75.1 	 0.02742538960589769 
75.2 	 0.027378145115319965 
75.3 	 0.027293908126990642 
75.4 	 0.027185163278624257 
75.5 	 0.027067856216716975 
75.6 	 0.026959071619146138 
75.7 	 0.026874543146238817 
75.8 	 0.026826359650472253 
75.9 	 0.02682121277833349 
76.0 	 0.026859453965381485 
76.1 	 0.026935102657638217 
76.2 	 0.02703679477710679 
76.3 	 0.027149511461721083 
76.4 	 0.027256811987261844 
76.5 	 0.02734323031893286 
76.6 	 0.027396486814438757 
76.7 	 0.02740920842343396 
76.8 	 0.027379929417405083 
76.9 	 0.027313246447198014 
77.0 	 0.02721911447487252 
77.1 	 0.02711138339086519 
77.2 	 0.027005778483915152 
77.3 	 0.026917609566676284 
77.4 	 0.026859540376561044 
77.5 	 0.02683974993213451 
77.6 	 0.02686076454854546 
77.7 	 0.026919137261725897 
77.8 	 0.027006016868096686 
77.9 	 0.0271085073995576 
78.0 	 0.027211598286099918 
78.1 	 0.0273003668525623 
78.2 	 0.027362127581294526 
78.3 	 0.027388224518233358 
78.4 	 0.027375224435177495 
78.5 	 0.02732535629923225 
78.6 	 0.027246145243258118 
78.7 	 0.027149296034228436 
78.8 	 0.027048982012651605 
78.9 	 0.026959779884262382 
79.0 	 0.026894546709836157 
79.1 	 0.026862551439800847 
79.2 	 0.026868141661075436 
79.3 	 0.026910147197935455 
79.4 	 0.026982106967745764 
79.5 	 0.02707327490720047 
79.6 	 0.02717024009799702 
79.7 	 0.027258907534163896 
79.8 	 0.02732654227136216 
79.9 	 0.027363583054099482 
80.0 	 0.02736497542785967 
