0.0	0.0
0.1	0.026924844162068567
0.2	0.0629164991446356
0.3	0.08725168033280936
0.4	0.09652352018088767
0.5	0.09334544003100184
0.6	0.08297600579395185
0.7	0.07123279294752176
0.8	0.06257512939324937
0.9	0.0588312739317023
1.0	0.05926473918686426
1.1	0.0618549982853902
1.2	0.06470078438131997
1.3	0.06667766309579545
1.4	0.06746624528266332
1.5	0.06729623150199346
1.6	0.06663183734008819
1.7	0.06591487789690967
1.8	0.06542009393587961
1.9	0.06522750451588483
2.0	0.06527589659091926
2.1	0.06544486026200902
2.2	0.06562302649287294
2.3	0.06574358066814066
2.4	0.06578864763351934
2.5	0.06577459061137175
2.6	0.06573161459128145
2.7	0.06568722442362024
2.8	0.06565768130487983
2.9	0.065647062920962
3.0	0.06565102661497486
3.1	0.06566194065218912
3.2	0.06567298378633628
3.3	0.06568020530190438
3.4	0.06568269122415804
3.5	0.06568158854374857
3.6	0.0656788198483885
3.7	0.06567607376580586
3.8	0.06567430930469376
3.9	0.0656737293550967
4.0	0.06567403225200134
4.1	0.06567473382953586
4.2	0.06567541621450697
4.3	0.06567584689881961
4.4	0.0656759815321422
4.5	0.06567589914982391
4.6	0.06567572156058296
4.7	0.06567555209845584
4.8	0.06567544706759534
4.9	0.065675415980709
5.0	0.06567543820124644
5.1	0.06567548310822464
5.2	0.06567552516494858
5.3	0.0656755507541017
5.4	0.06567555788711762
5.5	0.06567555193566595
5.6	0.06567554059119221
5.7	0.06567553016033736
5.8	0.0656755239321011
5.9	0.06567552230736266
6.0	0.06567552389178533
6.1	0.06567552675493363
6.2	0.06567552934031688
6.3	0.06567553085466253
6.4	0.06567553122153053
6.5	0.06567553080192233
6.6	0.06567553007998123
6.7	0.06567552943957827
6.8	0.06567552907177102
6.9	0.06567552898979917
7.0	0.06567552910041528
7.1	0.06567552928229477
7.2	0.0656755294408221
7.3	0.06567552953005397
7.4	0.06567552954813312
7.5	0.06567552951909096
7.6	0.06567552947330828
7.7	0.06567552943409453
7.8	0.06567552941247086
7.9	0.06567552940854747
8.0	0.06567552941614077
8.1	0.06567552942766149
8.2	0.06567552943735636
8.3	0.06567552944258517
8.4	0.0656755294434212
8.5	0.06567552944144088
8.6	0.06567552943854635
8.7	0.06567552943614967
8.8	0.06567552943488356
8.9	0.0656755294347177
9.0	0.06567552943522686
9.1	0.06567552943595346
9.2	0.0656755294365486
9.3	0.06567552943685263
9.4	0.06567552943688808
9.5	0.06567552943675678
9.6	0.06567552943656617
9.7	0.06567552943642864
9.8	0.06567552943635234
9.9	0.06567552943634616
10.0	0.06567552943638075
10.1	0.0656755294364287
10.2	0.06567552943646152
10.3	0.06567552943647581
10.4	0.06567552943648032
10.5	0.06567552943647016
10.6	0.06567552943645849
10.7	0.06567552943645251
10.8	0.06567552943644876
10.9	0.06567552943644597
11.0	0.06567552943645161
11.1	0.06567552943644965
11.2	0.06567552943645183
11.3	0.06567552943645376
11.4	0.06567552943645581
11.5	0.06567552943645469
11.6	0.06567552943645077
11.7	0.06567552943645165
11.8	0.06567552943644843
11.9	0.06567552943644994
12.0	0.06567552943645501
12.1	0.06567552943645158
12.2	0.06567552943645179
12.3	0.06567552943645223
12.4	0.06567552943645152
12.5	0.06567552943645198
12.6	0.06567552943644976
12.7	0.06567552943645522
12.8	0.06567552943645041
12.9	0.06567552943645218
13.0	0.06567552943645497
13.1	0.06567552943645064
13.2	0.0656755294364488
13.3	0.06567552943645096
13.4	0.06567552943645218
13.5	0.06567552943645379
13.6	0.0656755294364535
13.7	0.0656755294364514
13.8	0.065675529436453
13.9	0.06567552943645204
14.0	0.06567552943645223
14.1	0.06567552943645659
14.2	0.06567552943644982
14.3	0.06567552943645051
14.4	0.06567552943645073
14.5	0.06567552943645592
14.6	0.06567552943645444
14.7	0.06567552943645119
14.8	0.06567552943644903
14.9	0.06567552943645034
15.0	0.06567552943645293
15.1	0.06567552943645459
15.2	0.06567552943645201
15.3	0.06567552943645104
15.4	0.06567552943645455
15.5	0.06567552943645037
15.6	0.06567552943644951
15.7	0.0656755294364493
15.8	0.06567552943645197
15.9	0.06567552943645394
16.0	0.06567552943644672
16.1	0.06567552943644754
16.2	0.06567552943645373
16.3	0.06567552943644939
16.4	0.06567552943645259
16.5	0.06567552943644989
16.6	0.06567552943644968
16.7	0.06567552943645033
16.8	0.06567552943644847
16.9	0.06567552943645394
17.0	0.0656755294364497
17.1	0.06567552943645026
17.2	0.06567552943645358
17.3	0.06567552943645136
17.4	0.06567552943645114
17.5	0.06567552943645207
17.6	0.06567552943645315
17.7	0.0656755294364521
17.8	0.06567552943645183
17.9	0.06567552943645297
18.0	0.06567552943644989
18.1	0.06567552943645255
18.2	0.06567552943645154
18.3	0.0656755294364533
18.4	0.06567552943645313
18.5	0.06567552943645268
18.6	0.06567552943645066
18.7	0.06567552943645126
18.8	0.0656755294364522
18.9	0.06567552943644847
19.0	0.06567552943645404
19.1	0.06567552943645354
19.2	0.0656755294364534
19.3	0.06567552943645415
19.4	0.06567552943645179
19.5	0.065675529436455
19.6	0.0656755294364493
19.7	0.06567552943645016
19.8	0.06567552943645233
19.9	0.06567552943645495
20.0	0.06567552943645573
20.1	0.06567552943645293
20.2	0.06567552943645218
20.3	0.06567552943645327
20.4	0.06567552943645154
20.5	0.06567552943645197
20.6	0.0656755294364496
20.7	0.06567552943645487
20.8	0.06567552943645222
20.9	0.06567552943645096
21.0	0.06567552943645175
21.1	0.06567552943645182
21.2	0.0656755294364518
21.3	0.065675529436451
21.4	0.0656755294364535
21.5	0.06567552943645369
21.6	0.0656755294364526
21.7	0.06567552943645157
21.8	0.06567552943645333
21.9	0.06567552943645322
22.0	0.06567552943645161
22.1	0.0656755294364542
22.2	0.0656755294364512
22.3	0.06567552943645352
22.4	0.06567552943644861
22.5	0.06567552943645602
22.6	0.06567552943644978
22.7	0.06567552943645498
22.8	0.06567552943645372
22.9	0.06567552943645358
23.0	0.06567552943645152
23.1	0.06567552943645033
23.2	0.06567552943645029
23.3	0.06567552943645152
23.4	0.0656755294364513
23.5	0.06567552943645368
23.6	0.06567552943645384
23.7	0.06567552943644998
23.8	0.06567552943645508
23.9	0.06567552943645391
24.0	0.06567552943645409
24.1	0.06567552943645512
24.2	0.06567552943645164
24.3	0.06567552943645487
24.4	0.06567552943645298
24.5	0.0656755294364535
24.6	0.06567552943645388
24.7	0.06567552943645308
24.8	0.06567552943645236
24.9	0.06567552943645302
25.0	0.06567552943645534
25.1	0.06567552943645849
25.2	0.06567552943645273
25.3	0.06567552943645108
25.4	0.06567552943645293
25.5	0.06567552943645336
25.6	0.06567552943645132
25.7	0.0656755294364579
25.8	0.06567552943645101
25.9	0.06567552943645034
26.0	0.06567552943645377
26.1	0.06567552943645383
26.2	0.0656755294364528
26.3	0.06567552943645187
26.4	0.06567552943645205
26.5	0.06567552943645205
26.6	0.06567552943645887
26.7	0.06567552943645565
26.8	0.06567552943645273
26.9	0.06567552943645824
27.0	0.06567552943645626
27.1	0.06567552943645337
27.2	0.06567552943645058
27.3	0.06567552943645559
27.4	0.06567552943645552
27.5	0.06567552943645205
27.6	0.06567552943645301
27.7	0.06567552943645104
27.8	0.06567552943645172
27.9	0.06567552943645268
28.0	0.06567552943644951
28.1	0.06567552943645504
28.2	0.06567552943645218
28.3	0.06567552943645096
28.4	0.06567552943645324
28.5	0.0656755294364535
28.6	0.0656755294364512
28.7	0.06567552943645305
28.8	0.06567552943645232
28.9	0.0656755294364513
29.0	0.06567552943645621
29.1	0.06567552943645044
29.2	0.0656755294364516
29.3	0.06567552943645169
29.4	0.06567552943645057
29.5	0.06567552943645431
29.6	0.06567552943645277
29.7	0.0656755294364557
29.8	0.06567552943645565
29.9	0.06567552943645587
30.0	0.06567552943645256
30.1	0.06567552943645406
30.2	0.06567552943645043
30.3	0.0656755294364516
30.4	0.06567552943645497
30.5	0.06567552943645073
30.6	0.06567552943645442
30.7	0.0656755294364555
30.8	0.06567552943645326
30.9	0.06567552943645007
31.0	0.06567552943645638
31.1	0.06567552943645341
31.2	0.06567552943645559
31.3	0.06567552943645309
31.4	0.06567552943645497
31.5	0.06567552943645566
31.6	0.06567552943645143
31.7	0.06567552943645523
31.8	0.06567552943645241
31.9	0.06567552943645168
32.0	0.06567552943645158
32.1	0.06567552943645358
32.2	0.06567552943645105
32.3	0.06567552943645347
32.4	0.06567552943645409
32.5	0.06567552943645283
32.6	0.06567552943645692
32.7	0.06567552943645105
32.8	0.06567552943645116
32.9	0.06567552943645262
33.0	0.06567552943645176
33.1	0.06567552943645384
33.2	0.06567552943645266
33.3	0.06567552943645467
33.4	0.0656755294364549
33.5	0.06567552943645118
33.6	0.06567552943645322
33.7	0.06567552943645327
33.8	0.06567552943645451
33.9	0.06567552943645459
34.0	0.06567552943645152
34.1	0.0656755294364562
34.2	0.06567552943644965
34.3	0.0656755294364522
34.4	0.06567552943645481
34.5	0.06567552943645343
34.6	0.06567552943645194
34.7	0.06567552943645326
34.8	0.06567552943645388
34.9	0.06567552943645404
35.0	0.0656755294364527
35.1	0.06567552943645456
35.2	0.06567552943645662
35.3	0.06567552943645369
35.4	0.06567552943645322
35.5	0.06567552943645748
35.6	0.06567552943645112
35.7	0.06567552943645118
35.8	0.06567552943645319
35.9	0.0656755294364523
36.0	0.06567552943645165
36.1	0.06567552943645426
36.2	0.065675529436451
36.3	0.06567552943645118
36.4	0.06567552943645037
36.5	0.06567552943644957
36.6	0.06567552943645279
36.7	0.0656755294364527
36.8	0.0656755294364549
36.9	0.06567552943645483
37.0	0.06567552943645402
37.1	0.0656755294364531
37.2	0.06567552943645566
37.3	0.06567552943645288
37.4	0.06567552943645481
37.5	0.06567552943645381
37.6	0.06567552943645213
37.7	0.06567552943645161
37.8	0.06567552943645133
37.9	0.06567552943645154
38.0	0.06567552943645219
38.1	0.06567552943645175
38.2	0.0656755294364555
38.3	0.06567552943645363
38.4	0.06567552943645098
38.5	0.06567552943645455
38.6	0.06567552943645187
38.7	0.06567552943644961
38.8	0.06567552943645417
38.9	0.06567552943645286
39.0	0.06567552943645504
39.1	0.06567552943645098
39.2	0.06567552943645476
39.3	0.06567552943645805
39.4	0.06567552943645004
39.5	0.06567552943644907
39.6	0.06567552943645813
39.7	0.06567552943644886
39.8	0.06567552943645581
39.9	0.0656755294364514
40.0	0.06567552943645434
40.1	0.06567552943645098
40.2	0.06567552943645141
40.3	0.06567552943645413
40.4	0.06567552943645431
40.5	0.06567552943645526
40.6	0.06567552943645327
40.7	0.06567552943645398
40.8	0.06567552943645345
40.9	0.06567552943645437
41.0	0.06567552943645281
41.1	0.06567552943645333
41.2	0.06567552943645133
41.3	0.0656755294364555
41.4	0.06567552943645154
41.5	0.06567552943645232
41.6	0.06567552943645312
41.7	0.06567552943645741
41.8	0.0656755294364544
41.9	0.0656755294364548
42.0	0.06567552943645309
42.1	0.06567552943645116
42.2	0.06567552943645429
42.3	0.06567552943645524
42.4	0.06567552943645502
42.5	0.06567552943645137
42.6	0.06567552943645245
42.7	0.06567552943645191
42.8	0.06567552943645188
42.9	0.06567552943645252
43.0	0.06567552943645273
43.1	0.06567552943645477
43.2	0.06567552943645384
43.3	0.06567552943645442
43.4	0.06567552943645337
43.5	0.06567552943645501
43.6	0.0656755294364554
43.7	0.06567552943645305
43.8	0.06567552943645516
43.9	0.06567552943645508
44.0	0.06567552943645584
44.1	0.06567552943645331
44.2	0.06567552943644933
44.3	0.06567552943645534
44.4	0.06567552943645319
44.5	0.06567552943645309
44.6	0.06567552943645101
44.7	0.06567552943645438
44.8	0.06567552943645519
44.9	0.06567552943645152
45.0	0.06567552943645462
45.1	0.06567552943645635
45.2	0.06567552943645398
45.3	0.06567552943645373
45.4	0.06567552943645304
45.5	0.06567552943645336
45.6	0.06567552943645504
45.7	0.06567552943645433
45.8	0.06567552943645148
45.9	0.06567552943645837
46.0	0.0656755294364553
46.1	0.06567552943645487
46.2	0.0656755294364541
46.3	0.06567552943645392
46.4	0.06567552943645262
46.5	0.06567552943644732
46.6	0.06567552943645304
46.7	0.06567552943645691
46.8	0.06567552943645023
46.9	0.06567552943645412
47.0	0.0656755294364515
47.1	0.06567552943645308
47.2	0.06567552943645143
47.3	0.06567552943645333
47.4	0.06567552943645023
47.5	0.0656755294364542
47.6	0.06567552943645029
47.7	0.06567552943645451
47.8	0.06567552943645205
47.9	0.06567552943645026
48.0	0.06567552943645086
48.1	0.06567552943645136
48.2	0.06567552943645419
48.3	0.0656755294364543
48.4	0.06567552943644972
48.5	0.06567552943645319
48.6	0.06567552943645524
48.7	0.06567552943645351
48.8	0.06567552943645359
48.9	0.06567552943645698
49.0	0.06567552943645334
49.1	0.06567552943645591
49.2	0.06567552943645127
49.3	0.06567552943645534
49.4	0.06567552943645552
49.5	0.06567552943645165
49.6	0.06567552943645148
49.7	0.06567552943645609
49.8	0.06567552943645442
49.9	0.06567552943645381
50.0	0.06567552943645745
50.1	0.0656755294364501
50.2	0.06567552943645592
50.3	0.06567552943645612
50.4	0.06567552943645345
50.5	0.0656755294364544
50.6	0.0656755294364587
50.7	0.0656755294364527
50.8	0.06567552943645684
50.9	0.06567552943645448
51.0	0.06567552943645258
51.1	0.06567552943645688
51.2	0.0656755294364548
51.3	0.06567552943645004
51.4	0.06567552943645244
51.5	0.06567552943645308
51.6	0.06567552943645487
51.7	0.06567552943645431
51.8	0.06567552943645386
51.9	0.06567552943645401
52.0	0.06567552943645509
52.1	0.06567552943645447
52.2	0.0656755294364582
52.3	0.06567552943645352
52.4	0.06567552943645306
52.5	0.0656755294364513
52.6	0.06567552943645727
52.7	0.06567552943645286
52.8	0.0656755294364475
52.9	0.06567552943645703
53.0	0.06567552943645104
53.1	0.06567552943645429
53.2	0.06567552943645731
53.3	0.06567552943645656
53.4	0.06567552943645301
53.5	0.06567552943645315
53.6	0.06567552943645222
53.7	0.06567552943645556
53.8	0.06567552943645731
53.9	0.06567552943645465
54.0	0.0656755294364517
54.1	0.06567552943645494
54.2	0.06567552943645577
54.3	0.06567552943645003
54.4	0.0656755294364521
54.5	0.06567552943645547
54.6	0.06567552943645512
54.7	0.06567552943645394
54.8	0.06567552943645208
54.9	0.0656755294364529
55.0	0.06567552943645333
55.1	0.06567552943645467
55.2	0.06567552943645506
55.3	0.06567552943645424
55.4	0.06567552943645232
55.5	0.06567552943645258
55.6	0.06567552943645193
55.7	0.0656755294364527
55.8	0.06567552943645165
55.9	0.06567552943645603
56.0	0.06567552943645659
56.1	0.06567552943645545
56.2	0.06567552943645324
56.3	0.06567552943645277
56.4	0.06567552943645376
56.5	0.0656755294364576
56.6	0.06567552943645517
56.7	0.06567552943645184
56.8	0.0656755294364527
56.9	0.06567552943645096
57.0	0.06567552943645522
57.1	0.06567552943645516
57.2	0.06567552943645506
57.3	0.06567552943645391
57.4	0.06567552943645269
57.5	0.06567552943645265
57.6	0.065675529436456
57.7	0.06567552943645695
57.8	0.06567552943645051
57.9	0.06567552943645394
58.0	0.06567552943645422
58.1	0.06567552943645127
58.2	0.06567552943645436
58.3	0.06567552943645226
58.4	0.06567552943645859
58.5	0.06567552943645252
58.6	0.06567552943645644
58.7	0.06567552943645512
58.8	0.0656755294364534
58.9	0.06567552943645566
59.0	0.06567552943645413
59.1	0.06567552943645241
59.2	0.06567552943645481
59.3	0.06567552943645315
59.4	0.06567552943645512
59.5	0.06567552943645528
59.6	0.06567552943645565
59.7	0.06567552943645494
59.8	0.06567552943645442
59.9	0.06567552943645372
60.0	0.06567552943645108
60.1	0.06567552943645333
60.2	0.06567552943645612
60.3	0.06567552943645262
60.4	0.06567552943645555
60.5	0.06567552943645538
60.6	0.06567552943645313
60.7	0.06567552943645179
60.8	0.06567552943645513
60.9	0.06567552943645542
61.0	0.06567552943645683
61.1	0.06567552943645286
61.2	0.06567552943645061
61.3	0.06567552943645674
61.4	0.06567552943645681
61.5	0.06567552943645423
61.6	0.0656755294364512
61.7	0.06567552943645437
61.8	0.06567552943645581
61.9	0.06567552943645126
62.0	0.065675529436455
62.1	0.06567552943645362
62.2	0.06567552943645494
62.3	0.06567552943645398
62.4	0.06567552943645574
62.5	0.06567552943645376
62.6	0.06567552943645516
62.7	0.0656755294364527
62.8	0.06567552943645404
62.9	0.06567552943645365
63.0	0.06567552943645592
63.1	0.06567552943645391
63.2	0.06567552943645626
63.3	0.06567552943645466
63.4	0.06567552943645621
63.5	0.06567552943645495
63.6	0.06567552943645205
63.7	0.06567552943645134
63.8	0.06567552943645692
63.9	0.06567552943645474
64.0	0.06567552943645552
64.1	0.06567552943645479
64.2	0.06567552943645108
64.3	0.06567552943645476
64.4	0.06567552943645248
64.5	0.06567552943645315
64.6	0.06567552943645612
64.7	0.0656755294364518
64.8	0.06567552943645519
64.9	0.0656755294364553
65.0	0.06567552943645372
65.1	0.06567552943645712
65.2	0.06567552943645609
65.3	0.06567552943645179
65.4	0.0656755294364544
65.5	0.06567552943645259
65.6	0.06567552943645721
65.7	0.06567552943645587
65.8	0.06567552943645445
65.9	0.06567552943645262
66.0	0.06567552943645487
66.1	0.0656755294364524
66.2	0.06567552943645245
66.3	0.06567552943645566
66.4	0.06567552943645154
66.5	0.06567552943645269
66.6	0.0656755294364561
66.7	0.06567552943645136
66.8	0.06567552943645244
66.9	0.06567552943645213
67.0	0.06567552943645336
67.1	0.06567552943645387
67.2	0.06567552943645555
67.3	0.06567552943645438
67.4	0.06567552943645376
67.5	0.06567552943645537
67.6	0.0656755294364585
67.7	0.06567552943645245
67.8	0.0656755294364529
67.9	0.06567552943645315
68.0	0.06567552943645329
68.1	0.06567552943645136
68.2	0.06567552943645276
68.3	0.06567552943645641
68.4	0.06567552943645268
68.5	0.06567552943645041
68.6	0.06567552943645559
68.7	0.06567552943645447
68.8	0.06567552943645252
68.9	0.0656755294364564
69.0	0.06567552943645452
69.1	0.0656755294364588
69.2	0.06567552943645451
69.3	0.06567552943645126
69.4	0.06567552943645802
69.5	0.0656755294364517
69.6	0.06567552943645595
69.7	0.06567552943645237
69.8	0.06567552943645345
69.9	0.06567552943645494
70.0	0.06567552943645577
70.1	0.06567552943645281
70.2	0.06567552943645542
70.3	0.06567552943645398
70.4	0.06567552943645387
70.5	0.06567552943645621
70.6	0.06567552943645157
70.7	0.06567552943645565
70.8	0.06567552943645324
70.9	0.06567552943645467
71.0	0.0656755294364523
71.1	0.06567552943645565
71.2	0.06567552943645187
71.3	0.06567552943645293
71.4	0.0656755294364544
71.5	0.06567552943645508
71.6	0.06567552943645531
71.7	0.06567552943645479
71.8	0.06567552943645757
71.9	0.06567552943645369
72.0	0.06567552943645516
72.1	0.06567552943645333
72.2	0.06567552943645297
72.3	0.06567552943645301
72.4	0.06567552943645699
72.5	0.06567552943645029
72.6	0.06567552943645487
72.7	0.0656755294364534
72.8	0.0656755294364549
72.9	0.06567552943645523
73.0	0.06567552943645452
73.1	0.06567552943645522
73.2	0.06567552943645465
73.3	0.06567552943645265
73.4	0.06567552943645104
73.5	0.0656755294364534
73.6	0.06567552943645505
73.7	0.0656755294364536
73.8	0.06567552943645481
73.9	0.06567552943645485
74.0	0.0656755294364531
74.1	0.06567552943645182
74.2	0.06567552943645523
74.3	0.0656755294364548
74.4	0.06567552943645164
74.5	0.06567552943645448
74.6	0.06567552943645363
74.7	0.06567552943645315
74.8	0.06567552943645275
74.9	0.06567552943645184
75.0	0.0656755294364532
75.1	0.06567552943645696
75.2	0.06567552943645492
75.3	0.06567552943645542
75.4	0.06567552943645537
75.5	0.0656755294364565
75.6	0.06567552943645617
75.7	0.06567552943645381
75.8	0.06567552943645213
75.9	0.065675529436454
76.0	0.06567552943645055
76.1	0.06567552943645664
76.2	0.06567552943645916
76.3	0.06567552943645846
76.4	0.06567552943645298
76.5	0.06567552943645358
76.6	0.06567552943645753
76.7	0.06567552943645201
76.8	0.06567552943645526
76.9	0.06567552943645648
77.0	0.06567552943645477
77.1	0.06567552943645451
77.2	0.06567552943645134
77.3	0.06567552943645304
77.4	0.06567552943645581
77.5	0.06567552943645609
77.6	0.06567552943645297
77.7	0.0656755294364541
77.8	0.06567552943645409
77.9	0.06567552943645358
78.0	0.06567552943645345
78.1	0.06567552943645256
78.2	0.06567552943645447
78.3	0.06567552943645541
78.4	0.0656755294364555
78.5	0.0656755294364544
78.6	0.06567552943645487
78.7	0.06567552943645508
78.8	0.06567552943645363
78.9	0.06567552943644923
79.0	0.06567552943645483
79.1	0.06567552943645552
79.2	0.06567552943645368
79.3	0.0656755294364553
79.4	0.06567552943645763
79.5	0.06567552943645412
79.6	0.06567552943645509
79.7	0.06567552943645487
79.8	0.06567552943645408
79.9	0.06567552943645519
80.0	0.0656755294364554
80.1	0.06567552943645254
80.2	0.06567552943645762
80.3	0.0656755294364531
80.4	0.0656755294364547
80.5	0.0656755294364553
80.6	0.06567552943644885
80.7	0.06567552943645552
80.8	0.0656755294364538
80.9	0.06567552943645336
81.0	0.0656755294364552
81.1	0.06567552943645885
81.2	0.06567552943645481
81.3	0.06567552943645683
81.4	0.06567552943645441
81.5	0.06567552943645424
81.6	0.06567552943645764
81.7	0.06567552943645533
81.8	0.06567552943645606
81.9	0.06567552943645195
82.0	0.065675529436455
82.1	0.0656755294364546
82.2	0.0656755294364527
82.3	0.06567552943645236
82.4	0.06567552943645298
82.5	0.06567552943645362
82.6	0.06567552943645424
82.7	0.06567552943645533
82.8	0.0656755294364581
82.9	0.06567552943645565
83.0	0.06567552943645738
83.1	0.06567552943645247
83.2	0.06567552943645778
83.3	0.06567552943645152
83.4	0.06567552943645753
83.5	0.06567552943645429
83.6	0.06567552943645465
83.7	0.0656755294364534
83.8	0.06567552943645759
83.9	0.06567552943645355
84.0	0.06567552943645245
84.1	0.06567552943646252
84.2	0.06567552943645626
84.3	0.06567552943645523
84.4	0.0656755294364543
84.5	0.06567552943645429
84.6	0.06567552943645173
84.7	0.06567552943645288
84.8	0.06567552943645284
84.9	0.06567552943645676
85.0	0.06567552943645258
85.1	0.06567552943645287
85.2	0.0656755294364564
85.3	0.0656755294364533
85.4	0.06567552943645556
85.5	0.06567552943645673
85.6	0.06567552943645286
85.7	0.06567552943645394
85.8	0.06567552943645516
85.9	0.06567552943645436
86.0	0.06567552943645497
86.1	0.06567552943645477
86.2	0.06567552943645366
86.3	0.06567552943645605
86.4	0.0656755294364535
86.5	0.06567552943645309
86.6	0.0656755294364538
86.7	0.0656755294364541
86.8	0.0656755294364581
86.9	0.06567552943645398
87.0	0.06567552943645566
87.1	0.06567552943645664
87.2	0.06567552943645621
87.3	0.0656755294364543
87.4	0.0656755294364533
87.5	0.06567552943645286
87.6	0.06567552943645491
87.7	0.06567552943645023
87.8	0.06567552943645566
87.9	0.06567552943645506
88.0	0.06567552943645616
88.1	0.065675529436457
88.2	0.06567552943645696
88.3	0.06567552943645599
88.4	0.0656755294364566
88.5	0.06567552943645409
88.6	0.0656755294364513
88.7	0.06567552943645569
88.8	0.06567552943645494
88.9	0.06567552943645727
89.0	0.06567552943645331
89.1	0.06567552943645182
89.2	0.06567552943645472
89.3	0.06567552943645151
89.4	0.06567552943645541
89.5	0.06567552943645494
89.6	0.06567552943645327
89.7	0.06567552943645204
89.8	0.06567552943645377
89.9	0.0656755294364533
90.0	0.0656755294364552
90.1	0.06567552943645195
90.2	0.06567552943645406
90.3	0.0656755294364564
90.4	0.06567552943645308
90.5	0.06567552943645695
90.6	0.06567552943645534
90.7	0.06567552943645762
90.8	0.06567552943645853
90.9	0.06567552943645844
91.0	0.06567552943645752
91.1	0.06567552943645384
91.2	0.06567552943645182
91.3	0.06567552943645437
91.4	0.06567552943645145
91.5	0.06567552943645308
91.6	0.0656755294364584
91.7	0.06567552943645394
91.8	0.06567552943645076
91.9	0.06567552943645472
92.0	0.06567552943645494
92.1	0.06567552943645297
92.2	0.06567552943645681
92.3	0.06567552943645429
92.4	0.06567552943645792
92.5	0.06567552943645179
92.6	0.06567552943645245
92.7	0.06567552943645281
92.8	0.0656755294364536
92.9	0.06567552943645552
93.0	0.06567552943645867
93.1	0.06567552943645612
93.2	0.06567552943645152
93.3	0.06567552943645055
93.4	0.06567552943645603
93.5	0.06567552943645158
93.6	0.06567552943645143
93.7	0.0656755294364553
93.8	0.06567552943645355
93.9	0.06567552943645195
94.0	0.06567552943645417
94.1	0.06567552943645631
94.2	0.06567552943645195
94.3	0.06567552943645293
94.4	0.06567552943645447
94.5	0.06567552943645165
94.6	0.06567552943645424
94.7	0.06567552943645463
94.8	0.06567552943645547
94.9	0.0656755294364521
95.0	0.06567552943645444
95.1	0.06567552943645467
95.2	0.06567552943645528
95.3	0.0656755294364529
95.4	0.06567552943645327
95.5	0.06567552943645383
95.6	0.06567552943645424
95.7	0.06567552943645308
95.8	0.06567552943645305
95.9	0.0656755294364513
96.0	0.06567552943645139
96.1	0.06567552943645136
96.2	0.06567552943645474
96.3	0.06567552943645176
96.4	0.0656755294364595
96.5	0.06567552943645552
96.6	0.06567552943645577
96.7	0.06567552943645429
96.8	0.06567552943645442
96.9	0.06567552943645506
97.0	0.06567552943645504
97.1	0.06567552943646053
97.2	0.06567552943645524
97.3	0.06567552943645424
97.4	0.06567552943645506
97.5	0.06567552943645613
97.6	0.06567552943645333
97.7	0.06567552943645287
97.8	0.06567552943645165
97.9	0.0656755294364504
98.0	0.06567552943645114
98.1	0.06567552943645293
98.2	0.06567552943645182
98.3	0.06567552943645333
98.4	0.065675529436451
98.5	0.06567552943645125
98.6	0.06567552943645312
98.7	0.06567552943645044
98.8	0.06567552943645424
98.9	0.06567552943645553
99.0	0.06567552943645617
99.1	0.06567552943645052
99.2	0.06567552943645757
99.3	0.06567552943645465
99.4	0.06567552943645179
99.5	0.06567552943645193
99.6	0.06567552943645104
99.7	0.0656755294364588
99.8	0.06567552943645373
99.9	0.0656755294364556
100.0	0.06567552943645245
