0.0	0.0
0.1	0.009573771880121025
0.2	0.030081287534002472
0.3	0.05501478626707501
0.4	0.07965649211038431
0.5	0.10062360719097292
0.6	0.11586150367995694
0.7	0.12442105362938768
0.8	0.12613781864689588
0.9	0.1213482198616878
1.0	0.11071636400171271
1.1	0.0951812185568692
1.2	0.07600371336453639
1.3	0.054883492690366686
1.4	0.03410853922917366
1.5	0.016724744258738718
1.6	0.006843259648211254
1.7	0.009011401666275478
1.8	0.0217443925536556
1.9	0.039894561755879604
2.0	0.05937433190536451
2.1	0.07712759886590437
2.2	0.09107631755060111
2.3	0.10003742276275872
2.4	0.10354946204913665
2.5	0.10167992982804314
2.6	0.09487730066069988
2.7	0.08389374988924783
2.8	0.06977502741374156
2.9	0.053898206254913684
3.0	0.03803107694438575
3.1	0.024385468088085338
3.2	0.015599600590691081
3.3	0.014182473078357818
3.4	0.02053245671567332
3.5	0.03233577220932776
3.6	0.04664327046750671
3.7	0.060912442923845254
3.8	0.07319634074132725
3.9	0.08217207277817508
4.0	0.08709696118173745
4.1	0.08772177790944807
4.2	0.08419972112394788
4.3	0.07701982256240943
4.4	0.06697525666926463
4.5	0.055160509422439975
4.6	0.04297822497643837
4.7	0.0321220903284095
4.8	0.02446448699630879
4.9	0.02166745100822264
5.0	0.02436525631731528
5.1	0.03164516963205056
5.2	0.0416489518696041
5.3	0.0524116222843195
5.4	0.062271119246480204
5.5	0.07000463133718296
5.6	0.07484679780566857
5.7	0.07645096778220811
5.8	0.07482964648953488
5.9	0.07029842036946826
6.0	0.06343442917168848
6.1	0.055048609139261476
6.2	0.04616143767353884
6.3	0.03796123221697269
6.4	0.03170453352886543
6.5	0.02849786448958412
6.6	0.028942735459198288
6.7	0.03284230263940164
6.8	0.03927981332267695
6.9	0.04699049284650953
7.0	0.054704031535879806
7.1	0.06134274954957297
7.2	0.06611331627535448
7.3	0.06853567660898872
7.4	0.06843638684130199
7.5	0.0659254069342082
7.6	0.061368275306264
7.7	0.055357367441693645
7.8	0.04867729116548187
7.9	0.04225090511992172
8.0	0.03704450418489904
8.1	0.03390947571968762
8.2	0.03336767827555885
8.3	0.03543104309049329
8.4	0.039593859652979624
8.5	0.04501419180060369
8.6	0.05075201470064718
8.7	0.05595194256683398
8.8	0.05994737040137401
8.9	0.06230428437754747
9.0	0.06282724842501723
9.1	0.0615448925789145
9.2	0.05868585761532443
9.3	0.054649663662083486
9.4	0.04997207530264443
9.5	0.045281680742265615
9.6	0.041237738809847685
9.7	0.03844025690951166
9.8	0.037316409627349445
9.9	0.038014852475801664
10.0	0.040361743633378376
10.1	0.04390910739997182
10.2	0.048048912795034586
10.3	0.05213846717742164
10.4	0.0556015355540635
10.5	0.05799625363877311
10.6	0.059052378105568175
10.7	0.058684617378019895
10.8	0.05698886374396659
10.9	0.05422563475277721
11.0	0.05079184815654614
11.1	0.04717909709101257
11.2	0.04391514973341021
11.3	0.0414875721235331
11.4	0.04025672584998004
11.5	0.04037964494703288
11.6	0.04177606776816993
11.7	0.04415503700375965
11.8	0.04708987053347354
11.9	0.050109683800854773
12.0	0.05277932055706067
12.1	0.05475486731292722
12.2	0.0558143090785675
12.3	0.05586832837114068
12.4	0.05495696148970301
12.5	0.05323610829501508
12.6	0.05095575513887331
12.7	0.04843277036909971
12.8	0.0460166082028568
12.9	0.044046051113692634
13.0	0.04280017761391126
13.1	0.042451001840173266
13.2	0.04303028813894432
13.3	0.04442294700509601
13.4	0.046390924300171096
13.5	0.04861963476388749
13.6	0.05077260166489048
13.7	0.05254317742544322
13.8	0.05369574622040123
13.9	0.05409214098350435
14.0	0.053703619225897906
14.1	0.05260927981743135
14.2	0.05098512887733541
14.3	0.049077282983340936
14.4	0.04717070361616999
14.5	0.04554742864676396
14.6	0.04444239685936018
14.7	0.044003730360119314
14.8	0.04426787990882501
14.9	0.04515807704691871
15.0	0.046505163692895785
15.1	0.04808373978872485
15.2	0.04965326112612251
15.3	0.05099479457907425
15.4	0.05193821215693054
15.5	0.0523785101694969
15.6	0.05228213181716008
15.7	0.051678869495863096
15.8	0.05066926209849351
15.9	0.04940590397978392
16.0	0.04807179535291617
16.1	0.04685597722056266
16.2	0.04592747281288752
16.3	0.04541084676895631
16.4	0.04536761783095633
16.5	0.04578764625305251
16.6	0.04659275362239169
16.7	0.047651772328601905
16.8	0.04880284436642392
16.9	0.049878059982154326
17.0	0.05072843570082796
17.1	0.05124329057178369
17.2	0.051362736840761106
17.3	0.051083148156484445
17.4	0.05045571049875933
17.5	0.04957852078242551
17.6	0.048582948050191165
17.7	0.0476153754192567
17.8	0.046816178567208364
17.9	0.04629854462403563
18.0	0.04612984192402711
18.1	0.04632221321505289
18.2	0.04683246077059275
18.3	0.047571128629196255
18.4	0.04841915845196924
18.5	0.04924817612354643
18.6	0.04994030047277489
18.7	0.05040428192642327
18.8	0.050586162588762716
18.9	0.05047385234869778
19.0	0.050095428093217355
19.1	0.049514758428181954
19.2	0.0488199578649385
19.3	0.04811186443948654
19.4	0.04749007793761447
19.5	0.0470392779662545
19.6	0.046817595978203494
19.7	0.04684883567528378
19.8	0.04711988615202353
19.9	0.04758379432864857
20.0	0.04816799907196409
20.1	0.04878506707473447
20.2	0.04934569861460114
20.3	0.04977218156733193
20.4	0.05000852720604885
20.5	0.050027337923352025
20.6	0.049832649070066036
20.7	0.049458565765480626
20.8	0.04896392587984347
20.9	0.04842361043243817
21.0	0.047917544477718135
21.1	0.047518928336151074
21.2	0.04728280710888904
21.3	0.04723767210377974
21.4	0.04738257014522384
21.5	0.04768819043384552
21.6	0.0481026612707069
21.7	0.048560693120053046
21.8	0.048994192964295746
21.9	0.04934243804686508
22.0	0.04956027331773516
22.1	0.049623394526740514
22.2	0.0495302856169158
22.3	0.04930065416904855
22.4	0.048971862396682234
22.5	0.04859341196757872
22.6	0.04821982745040797
22.7	0.04790311928570965
22.8	0.04768575256375857
22.9	0.047595028079405445
23.0	0.047639653855426935
23.1	0.04780900835688473
23.2	0.04807519679331059
23.3	0.048397356049391944
23.4	0.04872758918517843
23.5	0.04901832832289762
23.6	0.049229175352177225
23.7	0.049332395640679254
23.8	0.04931649054446928
23.9	0.049187412601170676
24.0	0.048967301740522155
24.1	0.04869093574060855
24.2	0.048400390700376085
24.3	0.04813866459138378
24.4	0.047943099413523954
24.5	0.047839732438146494
24.6	0.047839899208633484
24.7	0.047939163684789454
24.8	0.048118682636387376
24.9	0.04834876880616355
25.0	0.04859392194080294
25.1	0.0488183906614051
25.2	0.04899134403327022
25.3	0.04909091603438602
25.4	0.049106640070636955
25.5	0.04904007799592298
25.6	0.04890391329851936
25.7	0.04871979762673059
25.8	0.048515102408135766
25.9	0.04831903485142183
26.0	0.04815864392683966
26.1	0.048055214293007624
26.2	0.04802150240279945
26.3	0.04806017564683044
26.4	0.04816365954567817
26.5	0.04831537749906875
26.6	0.048492213205462924
26.7	0.04866799662321917
26.8	0.048817422070760876
26.9	0.048919703474099366
27.0	0.04896147700941879
27.1	0.048938564000944096
27.2	0.04885635712496867
27.3	0.04872878997950523
27.4	0.04857605492793449
27.5	0.048421415262916864
27.6	0.0482875882831953
27.7	0.048193294206656155
27.8	0.04815060857753714
27.9	0.04816347864223099
28.0	0.04822752994801215
28.1	0.048331146400561194
28.2	0.04845758714741956
28.3	0.048587731781582454
28.4	0.048702976266892455
28.5	0.04878782952280448
28.6	0.04883185829317268
28.7	0.04883077420922288
28.8	0.04878664201598018
28.9	0.048707296443480555
29.0	0.04860506045849904
29.1	0.04849493346616191
29.2	0.04839249669864437
29.3	0.04831180302294899
29.4	0.048263511749759104
29.5	0.048253501713230625
29.6	0.04828214134505797
29.7	0.04834431225080976
29.8	0.04843019611277882
29.9	0.04852675699048507
30.0	0.048619714621279515
30.1	0.0486956769507249
30.2	0.04874409769276492
30.3	0.04875877194339398
30.4	0.04873865195447638
30.5	0.04868786748430226
30.6	0.04861495790807728
30.7	0.04853144542632181
30.8	0.048449982499447326
30.9	0.04838238456818472
31.0	0.048337887731740345
31.1	0.048321902267612245
31.2	0.04833541405947597
31.3	0.048375083114015324
31.4	0.048433981465563145
31.5	0.04850281133997718
31.6	0.04857137917580881
31.7	0.04863008343780397
31.8	0.04867120013708824
31.9	0.048689809836481815
32.0	0.0486842897558458
32.1	0.04865636202283238
32.2	0.04861072291584516
32.3	0.04855431059668973
32.4	0.04849531080322835
32.5	0.048442028491416024
32.6	0.04840176515178153
32.7	0.048379840878200346
32.8	0.04837888652179817
32.9	0.048398502920630984
33.0	0.04843534409230494
33.1	0.04848363140253844
33.2	0.04853603728005229
33.3	0.04858480144270449
33.4	0.04862289952563962
33.5	0.04864508082796271
33.6	0.048648615258415885
33.7	0.048633636134445754
33.8	0.04860303101362931
33.9	0.048561906778821086
34.0	0.04851672554063136
34.1	0.048474263729621554
34.2	0.04844057538072756
34.3	0.04842012820482597
34.4	0.04841523408264687
34.5	0.04842583792054109
34.6	0.04844966989686612
34.7	0.04848270943310326
34.8	0.04851986499037682
34.9	0.0485557506840134
35.0	0.04858544071733651
35.1	0.04860510253761645
35.2	0.04861244223145826
35.3	0.04860692909199384
35.4	0.04858979065974708
35.5	0.04856378887048067
35.6	0.04853280934989213
35.7	0.04850131618660621
35.8	0.04847373922012656
35.9	0.04845386938890425
36.0	0.04844433953427579
36.1	0.048446261865638905
36.2	0.048459078087730374
36.3	0.04848065326032016
36.4	0.04850760858156688
36.5	0.04853584549968541
36.6	0.04856117741815268
36.7	0.048579966667366324
36.8	0.04858966441912846
36.9	0.048589167990495945
37.0	0.0485789411658056
37.1	0.048560883878675194
37.2	0.0485379807254404
37.3	0.04851379551595607
37.4	0.048491903542271994
37.5	0.04847535797452453
37.6	0.048466271741139454
37.7	0.048465569078935414
37.8	0.04847292935298072
37.9	0.04848691424903465
38.0	0.048505242532936636
38.1	0.04852515872349808
38.2	0.0485438354877268
38.3	0.04855875372518729
38.4	0.04856801608661776
38.5	0.048570564170710234
38.6	0.04856628242036627
38.7	0.04855598233051942
38.8	0.048541271418384845
38.9	0.04852432312283694
39.0	0.04850757491924147
39.1	0.04849339115789545
39.2	0.048483733481439875
39.3	0.04847988387064757
39.4	0.04848226197042455
39.5	0.048490368126843965
39.6	0.04850286594686265
39.7	0.04851779486691406
39.8	0.048532879511836956
39.9	0.048545884952732835
40.0	0.04855495903635899
40.1	0.04855890564173674
40.2	0.048557345340539716
40.3	0.04855074030545273
40.4	0.048540284674990636
40.5	0.04852768522000612
40.6	0.0485148751835499
40.7	0.04850371264543382
40.8	0.0484957124335977
40.9	0.0484918496893229
41.0	0.04849245756765327
41.1	0.04849722460921935
41.2	0.048505281818695706
41.3	0.04851535781136267
41.4	0.04852597403460696
41.5	0.04853565115907508
41.6	0.04854310105403738
41.7	0.04854738420801949
41.8	0.04854801799510718
41.9	0.04854502610321625
42.0	0.048538924465652
42.1	0.04853064496704652
42.2	0.04852140493672058
42.3	0.04851253733216882
42.4	0.048505302692018124
42.5	0.048500708329464653
42.6	0.048499361598482026
42.7	0.04850138123821217
42.8	0.04850638314502225
42.9	0.048513544980615046
43.0	0.04852174004035922
43.1	0.048529718113541384
43.2	0.04853630259858847
43.3	0.048540570525414564
43.4	0.0485419857531151
43.5	0.04854046469686796
43.6	0.04853636667933585
43.7	0.048530414788400554
43.8	0.04852356505028377
43.9	0.0485168492935729
44.0	0.04851121898872271
44.1	0.048507413985910464
44.2	0.048505873088454506
44.3	0.048506694768540415
44.4	0.048509647816225965
44.5	0.04851422472060507
44.6	0.04851972602973306
44.7	0.04852536205827137
44.8	0.048530358648322974
44.9	0.04853405530644912
45.0	0.04853598598275498
45.1	0.04853593457155649
45.2	0.04853395913558201
45.3	0.04853038141658303
45.4	0.04852574167511209
45.5	0.048520723150529875
45.6	0.04851605495833201
45.7	0.04851240629549823
45.8	0.048510287481935505
45.9	0.04850997370427793
46.0	0.048511464711109516
46.1	0.04851448814283107
46.2	0.048518546566158664
46.3	0.048523000281711096
46.4	0.04852717141671129
46.5	0.048530451114284806
46.6	0.04853239149046519
46.7	0.04853276740181659
46.8	0.04853159918497825
46.9	0.0485291350507154
47.0	0.04852579909238202
47.1	0.04852211635360135
47.2	0.04851862907791547
47.3	0.048515817950589624
47.4	0.0485140394323695
47.5	0.04851348618451725
47.6	0.04851417313690707
47.7	0.048515947820732444
47.8	0.04851852074416579
47.9	0.04852151003239636
48.0	0.04852449410845378
48.1	0.04852706642447377
48.2	0.04852888669456668
48.3	0.04852972347619519
48.4	0.04852948338847556
48.5	0.048528223070575714
48.6	0.048526141475765124
48.7	0.04852355235062959
48.8	0.04852083957342464
48.9	0.04851840098453403
49.0	0.048516588822677606
49.1	0.04851565621815217
49.2	0.048515718850823654
49.3	0.04851673865704863
49.4	0.04851853266039503
49.5	0.04852080538613576
49.6	0.04852319893596026
49.7	0.04852535162170547
49.8	0.04852695474492511
49.9	0.04852779788285847
50.0	0.04852779566265305
50.1	0.04852699283731373
50.2	0.0485255486286089
50.3	0.048523704854883457
50.4	0.04852174461263425
50.5	0.048519948933620764
50.6	0.048518558041608456
50.7	0.048517742047316334
50.8	0.04851758372147629
50.9	0.04851807389449538
51.0	0.04851911840396675
51.1	0.048520554496042506
51.2	0.04852217411756856
51.3	0.048523751397837066
51.4	0.04852507156523907
51.5	0.048525958428227434
51.6	0.04852629740992419
51.7	0.04852605115871977
51.8	0.048525265203939384
51.9	0.0485240621344518
52.0	0.04852262432818979
52.1	0.04852116714034485
52.2	0.04851990630553161
52.3	0.048519024682225666
52.4	0.04851864396261936
52.5	0.0485188063487077
52.6	0.048519469489308964
52.7	0.04852051551382072
52.8	0.04852177233321159
52.9	0.04852304310862297
53.0	0.048524138406091585
53.1	0.048524905328235377
53.2	0.04852524883482445
53.3	0.048525142265655026
53.4	0.04852462630672619
53.5	0.048523797769810376
53.6	0.048522791135743135
53.7	0.04852175658378077
53.8	0.0485208381776586
53.9	0.04852015519163449
54.0	0.04851978853732646
54.1	0.04851977319310893
54.2	0.04852009666760206
54.3	0.048520702948897
54.4	0.04852150108008976
54.5	0.04852237734594651
54.6	0.048523209914565935
54.7	0.04852388456047464
54.8	0.048524309811520464
54.9	0.048524429625762755
55.0	0.04852423168396113
55.1	0.04852374971809887
55.2	0.04852305903689482
55.3	0.048522265479235466
55.4	0.048521489234022545
55.5	0.04852084603957792
55.6	0.04852042893980589
55.7	0.048520293820534924
55.8	0.048520451315388145
55.9	0.04852086647009642
56.0	0.048521466052903126
56.1	0.04852215194239012
56.2	0.048522817937747396
56.3	0.048523366845756026
56.4	0.048523724876374213
56.5	0.04852385113760614
56.6	0.04852374114210094
56.7	0.048523424437394554
56.8	0.04852295747402867
56.9	0.048522413443354485
57.0	0.04852187098837412
57.1	0.048521403481324
57.2	0.04852107011681491
57.3	0.04852090955865501
57.4	0.04852093643746209
57.5	0.04852114069619229
57.6	0.048521489616965
57.7	0.04852193227274258
57.8	0.04852240604698201
57.9	0.04852284469092169
58.0	0.04852318713645765
58.1	0.04852338601422839
58.2	0.04852341464839494
58.3	0.048523271321137276
58.4	0.04852297988700238
58.5	0.04852258636248149
58.6	0.048522151830935965
58.7	0.04852174273490482
58.8	0.04852142019956633
58.9	0.0485212302878438
59.0	0.04852119694707467
59.1	0.04852131888581101
59.2	0.048521570834892204
59.3	0.04852190878267729
59.4	0.04852227803121839
59.5	0.048522622458863705
59.6	0.0485228932803687
59.7	0.048523055858220816
59.8	0.04852309364425188
59.9	0.048523008969209094
60.0	0.048522820991308085
60.1	0.04852256153688305
60.2	0.04852226975775327
60.3	0.048521986502824944
60.4	0.04852174912350391
60.5	0.048521587196017894
60.6	0.048521519430140846
60.7	0.04852155189097609
60.8	0.048521677590941066
60.9	0.048521877478721415
61.0	0.048522122807847116
61.1	0.04852237876560566
61.2	0.04852260907055655
61.3	0.0485227810330813
61.4	0.04852287038188767
61.5	0.048522865065716694
61.6	0.048522767303466094
61.7	0.04852259339665463
61.8	0.04852237120378835
61.9	0.04852213562876807
62.0	0.04852192288834283
62.1	0.04852176459287184
62.2	0.04852168272677452
62.3	0.04852168643165117
62.4	0.04852177111822391
62.5	0.04852191995462796
62.6	0.048522107313160034
62.7	0.048522303411206155
62.8	0.04852247922480761
62.9	0.048522610803285904
63.0	0.04852268233627489
63.1	0.048522687646125204
63.2	0.04852263011097772
63.3	0.048522521287633805
63.4	0.048522378652606474
63.5	0.0485222229080067
63.6	0.04852207523548817
63.7	0.048521954775244916
63.8	0.04852187650638885
63.9	0.0485218496415342
64.0	0.0485218766277691
64.1	0.04852195284961969
64.2	0.04852206712457095
64.3	0.04852220303671063
64.4	0.0485223410544529
64.5	0.04852246123494467
64.6	0.048522546164952954
64.7	0.04852258367526213
64.8	0.04852256883688701
64.9	0.048522504829374424
65.0	0.048522402459006526
65.1	0.048522278361881756
65.2	0.048522152195416335
65.3	0.048522043334836895
65.4	0.04852196769513462
65.5	0.04852193526601537
65.6	0.048521948786511615
65.7	0.04852200373840927
65.8	0.04852208956556594
65.9	0.04852219179446855
66.0	0.04852229459104629
66.1	0.04852238326182063
66.2	0.048522446287668095
66.3	0.04852247663091532
66.4	0.048522472233720575
66.5	0.04852243578102878
66.6	0.04852237390177683
66.7	0.04852229601752525
66.8	0.048522213029153334
66.9	0.04852213598463117
67.0	0.04852207482370682
67.1	0.048522037267838505
67.2	0.04852202792346595
67.3	0.04852204768313155
67.4	0.04852209352323775
67.5	0.04852215878655746
67.6	0.048522233989810176
67.7	0.04852230811116504
67.8	0.04852237020845773
67.9	0.04852241112372922
68.0	0.048522424975293146
68.1	0.04852241014739225
68.2	0.04852236956589571
68.3	0.04852231018325617
68.4	0.04852224175649
68.5	0.04852217514969092
68.6	0.04852212048978141
68.7	0.04852208552799464
68.8	0.04852207450375745
68.9	0.04852208768948609
69.0	0.04852212164528217
69.1	0.04852217006924075
69.2	0.048522225025649526
69.3	0.04852227828957599
69.4	0.04852232256478809
69.5	0.04852235239899349
69.6	0.04852236471063719
69.7	0.04852235892911988
69.8	0.04852233681227103
69.9	0.04852230203338003
70.0	0.04852225962670327
70.1	0.04852221535877234
70.2	0.04852217506901876
70.3	0.048522144011492206
70.4	0.048522126233955486
70.5	0.04852212404909443
70.6	0.0485221376716974
70.7	0.04852216510226259
70.8	0.04852220231982846
70.9	0.04852224380228063
71.0	0.048522283327992355
71.1	0.048522314945175594
71.2	0.04852233394304834
71.3	0.04852233764119387
71.4	0.04852232583713523
71.5	0.04852230081606996
71.6	0.04852226691607844
71.7	0.04852222973545612
71.8	0.04852219514264324
71.9	0.0485221682857612
72.0	0.0485221527894377
72.1	0.04852215027592951
72.2	0.04852216027028994
72.3	0.04852218046597729
72.4	0.048522207258892926
72.5	0.048522236418659916
72.6	0.048522263761962205
72.7	0.04852228571865139
72.8	0.048522299725849184
72.9	0.04852230443225772
73.0	0.048522299731956015
73.1	0.04852228666599577
73.2	0.04852226723095966
73.3	0.04852224412330446
73.4	0.04852222043512754
73.5	0.04852219931057006
73.6	0.04852218357665633
73.7	0.04852217537663812
73.8	0.04852217585171983
73.9	0.04852218492903336
74.0	0.04852220127186853
74.1	0.04852222242796595
74.2	0.0485222451759734
74.3	0.04852226602658559
74.4	0.04852228179494303
74.5	0.04852229013754459
74.6	0.04852228994701451
74.7	0.048522281523894574
74.8	0.04852226649102678
74.9	0.04852224747060102
75.0	0.04852222759421385
75.1	0.0485222099487038
75.2	0.04852219706816236
75.3	0.048522190564789965
75.4	0.048522190953781824
75.5	0.04852219768184901
75.6	0.0485222093264138
75.7	0.048522223904032276
75.8	0.04852223921643081
75.9	0.04852225317075648
76.0	0.04852226403110463
76.1	0.04852227058347567
76.2	0.0485222722171906
76.3	0.04852226893801551
76.4	0.048522261329658686
76.5	0.04852225047468711
76.6	0.04852223783813302
76.7	0.0485222251121249
76.8	0.048522214022991006
76.9	0.048522206111334405
77.0	0.04852220250950289
77.1	0.04852220375254537
77.2	0.04852220966326056
77.3	0.048522219345354084
77.4	0.048522231300641414
77.5	0.04852224366045333
77.6	0.048522254494510586
77.7	0.04852226214006023
77.8	0.048522265486081705
77.9	0.048522264155171274
78.0	0.04852225854698476
78.1	0.048522249737656634
78.2	0.048522239260678716
78.3	0.04852222881875101
78.4	0.048522219987748284
78.5	0.048522213970263066
78.6	0.048522211439957316
78.7	0.04852221249395013
78.8	0.04852221670577464
78.9	0.04852222325232829
79.0	0.04852223107880899
79.1	0.04852223906645081
79.2	0.04852224617706284
79.3	0.04852225156110037
79.4	0.04852225462792714
79.5	0.04852225508412303
79.6	0.04852225294716472
79.7	0.048522248538426176
79.8	0.04852224245413335
79.9	0.04852223550945151
80.0	0.04852222865158971
