0.0 	 0.0 
0.1 	 0.005051246302383736 
0.2 	 0.01578279924286933 
0.3 	 0.028823210265058807 
0.4 	 0.04184431952686357 
0.5 	 0.053094540506309046 
0.6 	 0.061331507678408524 
0.7 	 0.0657966515890938 
0.8 	 0.06619183921263329 
0.9 	 0.06265176404544176 
1.0 	 0.05570890784497518 
1.1 	 0.046246160246491315 
1.2 	 0.03543216532723569 
1.3 	 0.024638967204563433 
1.4 	 0.015351042641179256 
1.5 	 0.009076786863936218 
1.6 	 0.007132776618557729 
1.7 	 0.00977807962016897 
1.8 	 0.015727972115355465 
1.9 	 0.02330282342520041 
2.0 	 0.031074675901110186 
2.1 	 0.037926444990281756 
2.2 	 0.04304966246362654 
2.3 	 0.04594413698649748 
2.4 	 0.04641212795912256 
2.5 	 0.044542875325284455 
2.6 	 0.04068584524961396 
2.7 	 0.03541141865041288 
2.8 	 0.029457863836408974 
2.9 	 0.023663312100515053 
3.0 	 0.018878285235323256 
3.1 	 0.015843365118931762 
3.2 	 0.015011919691992217 
3.3 	 0.016373477352000787 
3.4 	 0.019455151031797645 
3.5 	 0.023532050619728833 
3.6 	 0.02784864028329112 
3.7 	 0.03174598223285345 
3.8 	 0.034720834217431176 
3.9 	 0.03645122435840027 
4.0 	 0.03680340610936123 
4.1 	 0.035825223417059494 
4.2 	 0.03372759437645112 
4.3 	 0.03085469480341581 
4.4 	 0.027642958062703823 
4.5 	 0.024568705341012003 
4.6 	 0.02208426243653072 
4.7 	 0.02054492383005427 
4.8 	 0.020138615977827873 
4.9 	 0.020845187570157298 
5.0 	 0.022451175815976967 
5.1 	 0.024615695092461906 
5.2 	 0.02695242911476351 
5.3 	 0.029099161139768452 
5.4 	 0.030764049596700628 
5.5 	 0.03175289829397798 
5.6 	 0.03198073406804811 
5.7 	 0.031470899159099494 
5.8 	 0.03034382109477225 
5.9 	 0.028796821424322893 
6.0 	 0.027076163955424518 
6.1 	 0.025442864753130394 
6.2 	 0.02413481942414015 
6.3 	 0.023329605728859677 
6.4 	 0.02311678517551625 
6.5 	 0.023483811018888214 
6.6 	 0.02432639588424596 
6.7 	 0.025474731385057403 
6.8 	 0.026729321243139485 
6.9 	 0.027895080850337713 
7.0 	 0.028809394380672388 
7.1 	 0.029360856356128097 
7.2 	 0.029498688829353387 
7.3 	 0.02923379405797511 
7.4 	 0.028632507455630014 
7.5 	 0.0278042184067554 
7.6 	 0.0268842170931447 
7.7 	 0.026013507709017277 
7.8 	 0.02531791948674268 
7.9 	 0.024889508092577062 
8.0 	 0.024773567045962216 
8.1 	 0.024963984130598874 
8.2 	 0.025407880063607568 
8.3 	 0.026018041708805676 
8.4 	 0.026689842067501635 
8.5 	 0.027318879413363636 
8.6 	 0.02781629704009806 
8.7 	 0.02811994028267261 
8.8 	 0.02820057415880154 
8.9 	 0.02806312288828946 
9.0 	 0.027743359389418732 
9.1 	 0.027300794775787892 
9.2 	 0.026808792917417744 
9.3 	 0.026343205348235234 
9.4 	 0.02597106462177655 
9.5 	 0.025740997885270085 
9.6 	 0.025676887837639325 
9.7 	 0.025775807918314617 
9.8 	 0.026010431628365638 
9.9 	 0.026335195309038717 
10.0 	 0.026694797921063867 
10.1 	 0.02703335757833301 
10.2 	 0.027302702010866934 
10.3 	 0.027468681963018455 
10.4 	 0.027514877579454415 
10.5 	 0.02744350320286183 
10.6 	 0.027273668728160602 
10.7 	 0.027037432776648003 
10.8 	 0.026774300611033707 
10.9 	 0.026524981744803548 
11.0 	 0.02632531193465515 
11.1 	 0.026201228341176643 
11.2 	 0.026165532230301408 
11.3 	 0.02621687557034363 
11.4 	 0.02634101150983338 
11.5 	 0.026513946266671175 
11.6 	 0.026706324726547066 
11.7 	 0.026888241254698905 
11.8 	 0.02703369716219134 
11.9 	 0.02712408349266363 
12.0 	 0.02715029079182829 
12.1 	 0.02711328406443397 
12.2 	 0.027023198937808104 
12.3 	 0.0268971985229027 
12.4 	 0.026756471969535546 
12.5 	 0.026622848239945592 
12.6 	 0.026515532821231667 
12.7 	 0.026448441496248292 
12.8 	 0.026428500702327235 
12.9 	 0.026455118862166446 
13.0 	 0.026520834710374388 
13.1 	 0.026612956500899166 
13.2 	 0.026715859422463118 
13.3 	 0.026813533530321152 
13.4 	 0.026891976547010317 
13.5 	 0.0269410922729695 
13.6 	 0.026955863464622826 
13.7 	 0.02693669417175047 
13.8 	 0.026888941193592156 
13.9 	 0.026821763493400288 
14.0 	 0.026746502341501638 
14.1 	 0.026674856534725573 
14.2 	 0.026617131258073457 
14.3 	 0.026580813977839957 
14.4 	 0.02656966893157266 
14.5 	 0.026583452308111915 
14.6 	 0.026618248061350505 
14.7 	 0.026667327691062517 
14.8 	 0.026722363235219523 
14.9 	 0.0267747825249138 
15.0 	 0.02681705286984276 
15.1 	 0.026843709635183097 
15.2 	 0.02685200043560503 
15.3 	 0.026842082694868263 
15.4 	 0.02681678128901333 
15.5 	 0.02678097478360788 
15.6 	 0.02674072635210937 
15.7 	 0.02670230390014115 
15.8 	 0.026671240518028973 
15.9 	 0.02665157099493254 
16.0 	 0.026645345526760664 
16.1 	 0.026652473670381354 
16.2 	 0.02667089806992674 
16.3 	 0.02669704743751412 
16.4 	 0.026726479710480016 
16.5 	 0.026754604660588748 
16.6 	 0.02677737244462696 
16.7 	 0.026791829178068053 
16.8 	 0.026796468488679035 
16.9 	 0.02679134363816072 
17.0 	 0.026777942337312472 
17.1 	 0.026758860479701645 
17.2 	 0.026737337357126672 
17.3 	 0.02671673050067688 
17.4 	 0.026700011643564985 
17.5 	 0.02668935661463788 
17.6 	 0.026685883097986602 
17.7 	 0.026689564450504185 
17.8 	 0.026699319448161868 
17.9 	 0.026713251481471825 
18.0 	 0.02672899032963656 
18.1 	 0.02674407794368064 
18.2 	 0.026756337746446802 
18.3 	 0.026764174228554573 
18.4 	 0.026766764139945522 
18.5 	 0.026764119537369725 
18.6 	 0.02675702321115659 
18.7 	 0.026746855587414603 
18.8 	 0.026735346601485063 
18.9 	 0.026724294543940475 
19.0 	 0.02671529568730439 
19.1 	 0.026709523778497862 
19.2 	 0.026707588320873606 
19.3 	 0.026709486810560377 
19.4 	 0.02671465102738493 
19.5 	 0.026722073482536284 
19.6 	 0.026730489247748106 
19.7 	 0.026738582055059273 
19.8 	 0.026745182359742173 
19.9 	 0.02674942875533466 
20.0 	 0.026750871754418835 
20.1 	 0.026749509046611827 
20.2 	 0.02674575223701464 
20.3 	 0.026740335114776137 
20.4 	 0.026734181321524622 
20.5 	 0.026728253922140992 
20.6 	 0.02672341038545273 
20.7 	 0.02672028396388175 
20.8 	 0.02671920702793247 
20.9 	 0.026720184565104287 
21.0 	 0.026722918017385137 
21.1 	 0.02672687215954452 
21.2 	 0.02673137189119393 
21.3 	 0.026735712380478567 
21.4 	 0.026739265284558642 
21.5 	 0.026741565672199968 
21.6 	 0.026742368295547922 
21.7 	 0.026741667238152682 
21.8 	 0.02673967880825868 
21.9 	 0.026736792960697465 
22.0 	 0.026733502761968123 
22.1 	 0.026730323933291278 
22.2 	 0.026727717073394493 
22.3 	 0.02672602383391439 
22.4 	 0.026725425426353745 
22.5 	 0.026725927919124117 
22.6 	 0.026727374491157276 
22.7 	 0.02672948080992931 
22.8 	 0.026731886570228795 
22.9 	 0.026734214366298404 
23.0 	 0.0267361266548647 
23.1 	 0.026737372549073903 
23.2 	 0.026737818309773256 
23.3 	 0.026737458267807386 
23.4 	 0.02673640604071868 
23.5 	 0.02673486881934097 
23.6 	 0.026733109784663638 
23.7 	 0.026731405085176796 
23.8 	 0.02673000212627111 
23.9 	 0.026729085226488383 
24.0 	 0.02672875315696207 
24.1 	 0.026729010989312303 
24.2 	 0.026729776382793693 
24.3 	 0.026730898298846992 
24.4 	 0.02673218444671885 
24.5 	 0.026733432752637617 
24.6 	 0.026734461905880653 
24.7 	 0.026735136544851473 
24.8 	 0.026735383771781553 
24.9 	 0.02673519921317885 
25.0 	 0.026734642518454966 
25.1 	 0.02673382375398931 
25.2 	 0.026732883382344776 
25.3 	 0.02673196926025454 
25.4 	 0.026731214271506626 
25.5 	 0.026730717846749297 
25.6 	 0.026730533805395643 
25.7 	 0.026730665839679386 
25.8 	 0.026731070733981215 
25.9 	 0.026731668263581098 
26.0 	 0.026732355810341835 
26.1 	 0.026733025184060597 
26.2 	 0.02673357900173143 
26.3 	 0.026733944241591655 
26.4 	 0.026734081185062628 
26.5 	 0.026733986774348673 
26.6 	 0.026733692310283347 
26.7 	 0.026733256254959717 
26.8 	 0.026732753568281944 
26.9 	 0.026732263411333376 
27.0 	 0.02673185715291627 
27.1 	 0.026731588425851657 
27.2 	 0.026731486546238324 
27.3 	 0.026731554014272903 
27.4 	 0.0267317681591073 
27.5 	 0.026732086373770142 
27.6 	 0.02673245389826428 
27.7 	 0.026732812810869266 
27.8 	 0.026733110810484833 
27.9 	 0.02673330850998392 
28.0 	 0.026733384276621565 
28.1 	 0.026733336089873567 
28.2 	 0.0267331803666117 
28.3 	 0.02673294815480547 
28.4 	 0.026732679454694513 
28.5 	 0.026732416645726734 
28.6 	 0.026732198055981458 
28.7 	 0.026732052612031702 
28.8 	 0.026731996277468438 
28.9 	 0.02673203067122474 
29.0 	 0.026732143905978 
29.1 	 0.026732313356093978 
29.2 	 0.02673250980197693 
29.3 	 0.026732702235933076 
29.4 	 0.026732862570790317 
29.5 	 0.026732969564075348 
29.6 	 0.026733011437648186 
29.7 	 0.026732986904460604 
29.8 	 0.026732904570566665 
29.9 	 0.026732780922613712 
30.0 	 0.026732637303962335 
30.1 	 0.026732496401368915 
30.2 	 0.026732378797281797 
30.3 	 0.0267323000914682 
30.4 	 0.026732268973800356 
30.5 	 0.026732286461191097 
30.6 	 0.026732346323761324 
30.7 	 0.02673243654811667 
30.8 	 0.02673254154395538 
30.9 	 0.026732644712650053 
31.0 	 0.02673273097163723 
31.1 	 0.0267327888656029 
31.2 	 0.02673281198398118 
31.3 	 0.02673279952779745 
31.4 	 0.026732756006126318 
31.5 	 0.026732690172287594 
31.6 	 0.026732613413825206 
31.7 	 0.026732537874783777 
31.8 	 0.026732474607342842 
31.9 	 0.026732432023391844 
32.0 	 0.026732414851814677 
32.1 	 0.02673242371745227 
32.2 	 0.02673245535711299 
32.3 	 0.026732503392954587 
32.4 	 0.0267325595072668 
32.5 	 0.026732614815213628 
32.6 	 0.02673266121814969 
32.7 	 0.02673269253930856 
32.8 	 0.026732705290680024 
32.9 	 0.02673269898567061 
33.0 	 0.026732675985464797 
33.1 	 0.026732640936865233 
33.2 	 0.02673259991513364 
33.3 	 0.026732559420484282 
33.4 	 0.02673252538723211 
33.5 	 0.02673250235084998 
33.6 	 0.02673249288392675 
33.7 	 0.026732497364033686 
33.8 	 0.026732514082885187 
33.9 	 0.026732539654973957 
34.0 	 0.0267325696429658 
34.1 	 0.026732599291329994 
34.2 	 0.02673262425174369 
34.3 	 0.02673264119401138 
34.4 	 0.02673264822090233 
34.5 	 0.026732645040382412 
34.6 	 0.026732632888194358 
34.7 	 0.026732614230802986 
34.8 	 0.026732592309121166 
34.9 	 0.026732570602232407 
35.0 	 0.026732552296286485 
35.1 	 0.026732539836438033 
35.2 	 0.026732534621772996 
35.3 	 0.02673253687750144 
35.4 	 0.026732545709852392 
35.5 	 0.026732559321965152 
35.6 	 0.026732575346795552 
35.7 	 0.026732591239124102 
35.8 	 0.02673260466441035 
35.9 	 0.02673261382738149 
36.0 	 0.026732617696372 
36.1 	 0.026732616098171208 
36.2 	 0.026732609679116313 
36.3 	 0.026732599748196074 
36.4 	 0.02673258803417883 
36.5 	 0.026732576399055994 
36.6 	 0.026732566553352734 
36.7 	 0.026732559815156876 
36.8 	 0.02673255694515339 
36.9 	 0.02673255807624684 
37.0 	 0.02673256274110479 
37.1 	 0.02673256998618303 
37.2 	 0.026732578548899568 
37.3 	 0.026732587067103193 
37.4 	 0.026732594287502562 
37.5 	 0.026732599242381326 
37.6 	 0.02673260137091823 
37.7 	 0.026732600571347596 
37.8 	 0.026732597181510553 
37.9 	 0.026732591896013094 
38.0 	 0.026732585636942963 
38.1 	 0.026732579400765594 
38.2 	 0.026732574105747624 
38.3 	 0.0267325704623479 
38.4 	 0.026732568884022333 
38.5 	 0.026732569448531494 
38.6 	 0.02673257191167723 
38.7 	 0.026732575767509828 
38.8 	 0.02673258034261633 
38.9 	 0.026732584908054538 
39.0 	 0.026732588791034503 
39.1 	 0.02673259146997846 
39.2 	 0.026732592640101905 
39.3 	 0.02673259224208804 
39.4 	 0.026732590452414485 
39.5 	 0.026732587639606568 
39.6 	 0.026732584295454782 
39.7 	 0.026732580953202932 
39.8 	 0.026732578105766253 
39.9 	 0.026732576136042872 
40.0 	 0.026732575268710618 
40.1 	 0.026732575548926787 
40.2 	 0.026732576849177903 
40.3 	 0.026732578901051924 
40.4 	 0.02673258134539879 
40.5 	 0.026732583792154697 
40.6 	 0.026732585880176487 
40.7 	 0.02673258732837766 
40.8 	 0.026732587971162635 
40.9 	 0.0267325877741911 
41.0 	 0.026732586829577066 
41.1 	 0.02673258533282403 
41.2 	 0.026732583546200776 
41.3 	 0.026732581755039474 
41.4 	 0.02673258022392411 
41.5 	 0.026732579159199236 
41.6 	 0.026732578682912827 
41.7 	 0.026732578821140142 
41.8 	 0.026732579507329993 
41.9 	 0.02673258059912254 
42.0 	 0.026732581904980474 
42.1 	 0.0267325832161924 
42.2 	 0.0267325843389144 
42.3 	 0.026732585121674316 
42.4 	 0.026732585474531778 
42.5 	 0.026732585377716275 
42.6 	 0.026732584879277876 
42.7 	 0.02673258408290316 
42.8 	 0.026732583128454553 
42.9 	 0.02673258216860352 
43.0 	 0.026732581345361547 
43.1 	 0.026732580769909968 
43.2 	 0.02673258050853762 
43.3 	 0.02673258057621572 
43.4 	 0.026732580938250587 
43.5 	 0.026732581519128277 
43.6 	 0.026732582216718336 
43.7 	 0.02673258291935042 
43.8 	 0.02673258352298943 
43.9 	 0.026732583946016637 
44.0 	 0.026732584139590405 
44.1 	 0.026732584092385468 
44.2 	 0.02673258382945078 
44.3 	 0.02673258340576777 
44.4 	 0.026732582895918875 
44.5 	 0.026732582381582614 
44.6 	 0.026732581938973918 
44.7 	 0.02673258162800699 
44.8 	 0.02673258148466947 
44.9 	 0.026732581517511324 
45.0 	 0.026732581708466523 
45.1 	 0.026732582017479335 
45.2 	 0.0267325823901122 
45.3 	 0.02673258276660376 
45.4 	 0.02673258309113094 
45.5 	 0.02673258331971385 
45.6 	 0.02673258342584038 
45.7 	 0.02673258340305377 
45.8 	 0.026732583264386475 
45.9 	 0.026732583039009283 
46.0 	 0.02673258276666798 
46.1 	 0.026732582491080858 
46.2 	 0.02673258225313698 
46.3 	 0.026732582085117376 
46.4 	 0.026732582006554925 
46.5 	 0.026732582022325705 
46.6 	 0.026732582123010742 
46.7 	 0.026732582287386016 
46.8 	 0.026732582486420554 
46.9 	 0.026732582688143935 
47.0 	 0.02673258286259783 
47.1 	 0.026732582986102055 
47.2 	 0.02673258304424891 
47.3 	 0.02673258303337737 
47.4 	 0.026732582960272193 
47.5 	 0.02673258284039379 
47.6 	 0.026732582694936783 
47.7 	 0.026732582547274158 
47.8 	 0.026732582419367202 
47.9 	 0.02673258232859847 
48.0 	 0.026732582285566447 
48.1 	 0.026732582293033824 
48.2 	 0.02673258234610899 
48.3 	 0.026732582433534914 
48.4 	 0.0267325825398356 
48.5 	 0.026732582647917006 
48.6 	 0.026732582741690093 
48.7 	 0.026732582808407564 
48.8 	 0.026732582840247376 
48.9 	 0.02673258283514284 
49.0 	 0.026732582796613145 
49.1 	 0.02673258273285348 
49.2 	 0.026732582655167113 
49.3 	 0.026732582576058955 
49.4 	 0.026732582507307947 
49.5 	 0.026732582458278666 
49.6 	 0.026732582434717173 
49.7 	 0.02673258243819612 
49.8 	 0.026732582466161284 
49.9 	 0.02673258251265893 
50.0 	 0.026732582569429595 
50.1 	 0.02673258262733232 
50.2 	 0.026732582677736882 
50.3 	 0.02673258271377002 
50.4 	 0.026732582731194963 
50.5 	 0.02673258272884471 
50.6 	 0.026732582708543787 
50.7 	 0.02673258267464185 
50.8 	 0.026732582633151182 
50.9 	 0.02673258259077362 
51.0 	 0.026732582553823218 
51.1 	 0.026732582527336467 
51.2 	 0.0267325825144483 
51.3 	 0.026732582516030955 
51.4 	 0.0267325825307634 
51.5 	 0.02673258255548707 
51.6 	 0.02673258258580313 
51.7 	 0.02673258261682429 
51.8 	 0.026732582643910083 
51.9 	 0.026732582663371904 
52.0 	 0.026732582672904643 
52.1 	 0.026732582671851364 
52.2 	 0.026732582661160166 
52.3 	 0.026732582643132243 
52.4 	 0.026732582620973038 
52.5 	 0.026732582598276686 
52.6 	 0.026732582578414044 
52.7 	 0.026732582564116987 
52.8 	 0.02673258255706386 
52.9 	 0.026732582557762726 
53.0 	 0.02673258256552255 
53.1 	 0.026732582578667615 
53.2 	 0.02673258259485793 
53.3 	 0.026732582611471226 
53.4 	 0.02673258262602871 
53.5 	 0.026732582636536918 
53.6 	 0.026732582641750744 
53.7 	 0.026732582641294588 
53.8 	 0.02673258263566575 
53.9 	 0.026732582626081206 
54.0 	 0.026732582614252313 
54.1 	 0.02673258260208677 
54.2 	 0.02673258259141552 
54.3 	 0.02673258258369735 
54.4 	 0.026732582579841537 
54.5 	 0.0267325825801335 
54.6 	 0.02673258258421932 
54.7 	 0.026732582591209756 
54.8 	 0.026732582599852252 
54.9 	 0.02673258260874745 
55.0 	 0.02673258261657684 
55.1 	 0.02673258262225325 
55.2 	 0.02673258262509778 
55.3 	 0.026732582624910864 
55.4 	 0.026732582621951394 
55.5 	 0.02673258261685546 
55.6 	 0.02673258261053974 
55.7 	 0.026732582604023943 
55.8 	 0.026732582598289742 
55.9 	 0.026732582594123363 
56.0 	 0.02673258259201597 
56.1 	 0.02673258259212883 
56.2 	 0.026732582594275103 
56.3 	 0.026732582597993774 
56.4 	 0.02673258260260776 
56.5 	 0.026732582607375155 
56.6 	 0.026732582611580857 
56.7 	 0.026732582614643643 
56.8 	 0.026732582616196637 
56.9 	 0.026732582616129163 
57.0 	 0.026732582614572092 
57.1 	 0.02673258261186374 
57.2 	 0.02673258260849149 
57.3 	 0.02673258260499956 
57.4 	 0.02673258260192277 
57.5 	 0.026732582599668236 
57.6 	 0.026732582598521064 
57.7 	 0.02673258259856018 
57.8 	 0.026732582599689227 
57.9 	 0.026732582601664966 
58.0 	 0.02673258260412727 
58.1 	 0.026732582606681505 
58.2 	 0.026732582608940892 
58.3 	 0.02673258261059266 
58.4 	 0.026732582611444643 
58.5 	 0.02673258261142491 
58.6 	 0.026732582610604756 
58.7 	 0.026732582609162055 
58.8 	 0.02673258260736425 
58.9 	 0.026732582605494454 
59.0 	 0.026732582603839084 
59.1 	 0.026732582602625274 
59.2 	 0.026732582601996527 
59.3 	 0.0267325826020069 
59.4 	 0.02673258260260047 
59.5 	 0.026732582603648778 
59.6 	 0.026732582604964493 
59.7 	 0.02673258260633379 
59.8 	 0.026732582607546303 
59.9 	 0.02673258260843903 
60.0 	 0.02673258260889987 
60.1 	 0.026732582608899335 
60.2 	 0.026732582608468353 
60.3 	 0.02673258260770433 
60.4 	 0.026732582606741544 
60.5 	 0.026732582605743096 
60.6 	 0.026732582604849328 
60.7 	 0.026732582604199716 
60.8 	 0.026732582603854648 
60.9 	 0.026732582603851966 
61.0 	 0.02673258260416573 
61.1 	 0.02673258260472201 
61.2 	 0.026732582605423962 
61.3 	 0.026732582606159308 
61.4 	 0.026732582606809465 
61.5 	 0.02673258260729361 
61.6 	 0.026732582607543354 
61.7 	 0.02673258260754814 
61.8 	 0.026732582607319966 
61.9 	 0.026732582606913136 
62.0 	 0.026732582606403196 
62.1 	 0.02673258260586445 
62.2 	 0.026732582605385833 
62.3 	 0.026732582605031738 
62.4 	 0.026732582604847618 
62.5 	 0.02673258260484262 
62.6 	 0.026732582605006168 
62.7 	 0.02673258260530303 
62.8 	 0.026732582605679456 
62.9 	 0.026732582606069942 
63.0 	 0.0267325826064209 
63.1 	 0.026732582606681272 
63.2 	 0.02673258260682247 
63.3 	 0.026732582606825553 
63.4 	 0.0267325826067037 
63.5 	 0.0267325826064867 
63.6 	 0.026732582606212238 
63.7 	 0.026732582605925325 
63.8 	 0.026732582605673672 
63.9 	 0.026732582605478273 
64.0 	 0.026732582605378984 
64.1 	 0.026732582605371934 
64.2 	 0.026732582605462407 
64.3 	 0.02673258260561813 
64.4 	 0.02673258260581727 
64.5 	 0.026732582606026612 
64.6 	 0.02673258260621365 
64.7 	 0.026732582606358253 
64.8 	 0.026732582606429328 
64.9 	 0.026732582606431902 
65.0 	 0.026732582606370976 
65.1 	 0.02673258260625891 
65.2 	 0.026732582606109986 
65.3 	 0.02673258260595675 
65.4 	 0.026732582605822224 
65.5 	 0.026732582605716496 
65.6 	 0.026732582605661363 
65.7 	 0.02673258260565688 
65.8 	 0.026732582605702767 
65.9 	 0.02673258260578517 
66.0 	 0.02673258260589511 
66.1 	 0.0267325826060024 
66.2 	 0.02673258260610528 
66.3 	 0.02673258260618074 
66.4 	 0.026732582606224152 
66.5 	 0.02673258260622544 
66.6 	 0.02673258260619247 
66.7 	 0.026732582606132035 
66.8 	 0.0267325826060568 
66.9 	 0.02673258260597467 
67.0 	 0.02673258260589775 
67.1 	 0.026732582605842773 
67.2 	 0.026732582605813272 
67.3 	 0.026732582605811232 
67.4 	 0.026732582605834592 
67.5 	 0.02673258260587889 
67.6 	 0.026732582605934606 
67.7 	 0.02673258260599804 
67.8 	 0.02673258260604978 
67.9 	 0.0267325826060894 
68.0 	 0.026732582606112106 
68.1 	 0.02673258260611651 
68.2 	 0.02673258260609703 
68.3 	 0.02673258260606724 
68.4 	 0.02673258260602569 
68.5 	 0.026732582605979098 
68.6 	 0.026732582605940736 
68.7 	 0.026732582605911673 
68.8 	 0.02673258260589133 
68.9 	 0.026732582605889506 
69.0 	 0.026732582605901202 
69.1 	 0.026732582605926803 
69.2 	 0.026732582605958045 
69.3 	 0.02673258260598886 
69.4 	 0.026732582606019278 
69.5 	 0.02673258260604151 
69.6 	 0.026732582606054666 
69.7 	 0.02673258260605391 
69.8 	 0.02673258260604728 
69.9 	 0.026732582606024114 
70.0 	 0.026732582606007402 
70.1 	 0.02673258260598088 
70.2 	 0.02673258260596202 
70.3 	 0.02673258260594404 
70.4 	 0.02673258260593597 
70.5 	 0.02673258260593402 
70.6 	 0.026732582605942686 
70.7 	 0.026732582605955277 
70.8 	 0.026732582605970317 
70.9 	 0.026732582605985832 
71.0 	 0.026732582606002777 
71.1 	 0.026732582606015187 
71.2 	 0.026732582606021286 
71.3 	 0.026732582606023937 
71.4 	 0.02673258260601748 
71.5 	 0.02673258260600781 
71.6 	 0.026732582605998124 
71.7 	 0.026732582605986547 
71.8 	 0.026732582605976437 
71.9 	 0.026732582605963794 
72.0 	 0.026732582605959808 
72.1 	 0.026732582605957386 
72.2 	 0.026732582605960217 
72.3 	 0.026732582605969613 
72.4 	 0.026732582605977356 
72.5 	 0.026732582605988358 
72.6 	 0.026732582605993975 
72.7 	 0.026732582606000234 
72.8 	 0.026732582606004293 
72.9 	 0.026732582606005428 
73.0 	 0.026732582606003415 
73.1 	 0.02673258260599665 
73.2 	 0.02673258260599048 
73.3 	 0.026732582605982352 
73.4 	 0.026732582605983286 
73.5 	 0.026732582605973342 
73.6 	 0.026732582605972617 
73.7 	 0.02673258260597034 
73.8 	 0.026732582605972183 
73.9 	 0.026732582605977637 
74.0 	 0.026732582605983126 
74.1 	 0.026732582605984625 
74.2 	 0.026732582605991876 
74.3 	 0.026732582605992768 
74.4 	 0.026732582605994155 
74.5 	 0.02673258260599806 
74.6 	 0.026732582605992827 
74.7 	 0.026732582605992036 
74.8 	 0.02673258260598994 
74.9 	 0.0267325826059881 
75.0 	 0.026732582605980677 
75.1 	 0.02673258260598189 
75.2 	 0.0267325826059775 
75.3 	 0.026732582605980108 
75.4 	 0.02673258260598042 
75.5 	 0.026732582605980205 
75.6 	 0.026732582605985693 
75.7 	 0.026732582605987595 
75.8 	 0.026732582605990318 
75.9 	 0.02673258260599037 
76.0 	 0.02673258260599235 
76.1 	 0.026732582605991692 
76.2 	 0.026732582605989926 
76.3 	 0.026732582605990998 
76.4 	 0.026732582605987664 
76.5 	 0.026732582605988098 
76.6 	 0.026732582605981787 
76.7 	 0.026732582605982002 
76.8 	 0.02673258260598287 
76.9 	 0.026732582605979927 
77.0 	 0.026732582605984656 
77.1 	 0.02673258260598277 
77.2 	 0.026732582605981766 
77.3 	 0.026732582605986595 
77.4 	 0.02673258260598697 
77.5 	 0.026732582605985086 
77.6 	 0.026732582605987234 
77.7 	 0.026732582605988434 
77.8 	 0.026732582605988393 
77.9 	 0.02673258260598866 
78.0 	 0.02673258260598695 
78.1 	 0.026732582605984635 
78.2 	 0.026732582605985697 
78.3 	 0.02673258260598053 
78.4 	 0.026732582605985003 
78.5 	 0.02673258260598514 
78.6 	 0.026732582605985173 
78.7 	 0.02673258260598551 
78.8 	 0.026732582605985346 
78.9 	 0.026732582605983317 
79.0 	 0.026732582605987928 
79.1 	 0.026732582605990034 
79.2 	 0.026732582605988025 
79.3 	 0.02673258260598532 
79.4 	 0.026732582605987567 
79.5 	 0.026732582605985777 
79.6 	 0.026732582605984097 
79.7 	 0.026732582605987435 
79.8 	 0.026732582605986672 
79.9 	 0.0267325826059849 
80.0 	 0.02673258260598596 
80.1 	 0.02673258260598547 
80.2 	 0.026732582605987137 
80.3 	 0.026732582605983185 
80.4 	 0.026732582605986554 
80.5 	 0.026732582605984843 
80.6 	 0.02673258260598573 
80.7 	 0.026732582605985235 
80.8 	 0.026732582605986658 
80.9 	 0.026732582605987123 
81.0 	 0.026732582605986814 
81.1 	 0.02673258260598753 
81.2 	 0.026732582605985482 
81.3 	 0.026732582605985742 
81.4 	 0.026732582605983185 
81.5 	 0.026732582605982113 
81.6 	 0.026732582605985565 
81.7 	 0.026732582605986228 
81.8 	 0.02673258260598499 
81.9 	 0.02673258260598575 
82.0 	 0.026732582605985895 
82.1 	 0.026732582605984444 
82.2 	 0.026732582605987768 
82.3 	 0.0267325826059833 
82.4 	 0.02673258260598504 
82.5 	 0.02673258260598486 
82.6 	 0.026732582605985 
82.7 	 0.02673258260598754 
82.8 	 0.02673258260598543 
82.9 	 0.02673258260598561 
83.0 	 0.026732582605988143 
83.1 	 0.026732582605987817 
83.2 	 0.026732582605986797 
83.3 	 0.026732582605986432 
83.4 	 0.026732582605985183 
83.5 	 0.026732582605985718 
83.6 	 0.026732582605987775 
83.7 	 0.026732582605989364 
83.8 	 0.02673258260598596 
83.9 	 0.026732582605984653 
84.0 	 0.026732582605987043 
84.1 	 0.026732582605985454 
84.2 	 0.02673258260598761 
84.3 	 0.026732582605985742 
84.4 	 0.026732582605986654 
84.5 	 0.02673258260598499 
84.6 	 0.02673258260598452 
84.7 	 0.026732582605985846 
84.8 	 0.026732582605981346 
84.9 	 0.026732582605987532 
85.0 	 0.02673258260598365 
85.1 	 0.02673258260598767 
85.2 	 0.02673258260598796 
85.3 	 0.02673258260598555 
85.4 	 0.026732582605985367 
85.5 	 0.026732582605986252 
85.6 	 0.026732582605987296 
85.7 	 0.02673258260598261 
85.8 	 0.026732582605985763 
85.9 	 0.02673258260598394 
86.0 	 0.026732582605985353 
86.1 	 0.026732582605987456 
86.2 	 0.026732582605984996 
86.3 	 0.026732582605982606 
86.4 	 0.02673258260598606 
86.5 	 0.026732582605987265 
86.6 	 0.02673258260598651 
86.7 	 0.02673258260598461 
86.8 	 0.02673258260598591 
86.9 	 0.026732582605985794 
87.0 	 0.026732582605986325 
87.1 	 0.026732582605985943 
87.2 	 0.026732582605984653 
87.3 	 0.026732582605985482 
87.4 	 0.026732582605981933 
87.5 	 0.026732582605985846 
87.6 	 0.02673258260598622 
87.7 	 0.026732582605986998 
87.8 	 0.026732582605983903 
87.9 	 0.02673258260598651 
88.0 	 0.026732582605985798 
88.1 	 0.026732582605985135 
88.2 	 0.02673258260598536 
88.3 	 0.02673258260598754 
88.4 	 0.026732582605986707 
88.5 	 0.02673258260598289 
88.6 	 0.02673258260598536 
88.7 	 0.026732582605986 
88.8 	 0.026732582605988306 
88.9 	 0.026732582605983123 
89.0 	 0.02673258260598946 
89.1 	 0.026732582605983584 
89.2 	 0.026732582605985086 
89.3 	 0.026732582605987456 
89.4 	 0.026732582605985697 
89.5 	 0.026732582605984483 
89.6 	 0.026732582605983032 
89.7 	 0.02673258260598578 
89.8 	 0.026732582605986474 
89.9 	 0.026732582605985433 
90.0 	 0.02673258260598657 
90.1 	 0.026732582605986543 
90.2 	 0.02673258260598577 
90.3 	 0.026732582605985194 
90.4 	 0.026732582605987106 
90.5 	 0.026732582605986144 
90.6 	 0.026732582605986193 
90.7 	 0.02673258260598736 
90.8 	 0.026732582605986908 
90.9 	 0.02673258260598619 
91.0 	 0.026732582605986537 
91.1 	 0.02673258260598806 
91.2 	 0.026732582605982675 
91.3 	 0.026732582605982987 
91.4 	 0.026732582605987345 
91.5 	 0.026732582605988466 
91.6 	 0.026732582605983376 
91.7 	 0.026732582605985624 
91.8 	 0.026732582605983612 
91.9 	 0.026732582605984465 
92.0 	 0.026732582605985548 
92.1 	 0.02673258260598647 
92.2 	 0.0267325826059869 
92.3 	 0.02673258260598616 
92.4 	 0.026732582605983272 
92.5 	 0.026732582605986873 
92.6 	 0.02673258260598421 
92.7 	 0.026732582605988143 
92.8 	 0.02673258260598615 
92.9 	 0.026732582605987036 
93.0 	 0.026732582605986852 
93.1 	 0.02673258260598717 
93.2 	 0.026732582605986877 
93.3 	 0.026732582605986117 
93.4 	 0.026732582605986585 
93.5 	 0.026732582605984476 
93.6 	 0.026732582605984 
93.7 	 0.02673258260598717 
93.8 	 0.026732582605985145 
93.9 	 0.026732582605983903 
94.0 	 0.02673258260598321 
94.1 	 0.02673258260598529 
94.2 	 0.02673258260598182 
94.3 	 0.026732582605988642 
94.4 	 0.026732582605985024 
94.5 	 0.02673258260598638 
94.6 	 0.026732582605987373 
94.7 	 0.02673258260598685 
94.8 	 0.026732582605983206 
94.9 	 0.026732582605985464 
95.0 	 0.02673258260598641 
95.1 	 0.026732582605986648 
95.2 	 0.026732582605984916 
95.3 	 0.02673258260598418 
95.4 	 0.026732582605985107 
95.5 	 0.026732582605986575 
95.6 	 0.026732582605986994 
95.7 	 0.02673258260598271 
95.8 	 0.026732582605983872 
95.9 	 0.02673258260598355 
96.0 	 0.02673258260598409 
96.1 	 0.026732582605988424 
96.2 	 0.026732582605985107 
96.3 	 0.026732582605985336 
96.4 	 0.026732582605986627 
96.5 	 0.02673258260598549 
96.6 	 0.026732582605986956 
96.7 	 0.026732582605985433 
96.8 	 0.026732582605985225 
96.9 	 0.026732582605986557 
97.0 	 0.026732582605985673 
97.1 	 0.026732582605983286 
97.2 	 0.026732582605987664 
97.3 	 0.026732582605985263 
97.4 	 0.026732582605984438 
97.5 	 0.026732582605984403 
97.6 	 0.026732582605987473 
97.7 	 0.02673258260598552 
97.8 	 0.02673258260598311 
97.9 	 0.026732582605983917 
98.0 	 0.026732582605986762 
98.1 	 0.0267325826059872 
98.2 	 0.02673258260598542 
98.3 	 0.026732582605988212 
98.4 	 0.026732582605985877 
98.5 	 0.026732582605984802 
98.6 	 0.026732582605984885 
98.7 	 0.026732582605983563 
98.8 	 0.026732582605985163 
98.9 	 0.02673258260598689 
99.0 	 0.02673258260599048 
99.1 	 0.026732582605986942 
99.2 	 0.02673258260598818 
99.3 	 0.026732582605986516 
99.4 	 0.02673258260598584 
99.5 	 0.02673258260598459 
99.6 	 0.02673258260598794 
99.7 	 0.02673258260598584 
99.8 	 0.026732582605988004 
99.9 	 0.026732582605984996 
100.0 	 0.026732582605988455 
