0.0	0.0
0.1	0.018438236895570535
0.2	0.044176703438670244
0.3	0.06295513930355258
0.4	0.0720237805139167
0.5	0.07265284036521516
0.6	0.06775935855757578
0.7	0.06065534823334427
0.8	0.05412457457249285
0.9	0.04980867463426911
1.0	0.04806599985491041
1.1	0.04830233822740171
1.2	0.04956280626076838
1.3	0.051007844343856225
1.4	0.05212128379003601
1.5	0.0527168843305914
1.6	0.052843143113136516
1.7	0.05266520880986796
1.8	0.05236638280903039
1.9	0.05208687867732154
2.0	0.051900993122691
2.1	0.051823306933634655
2.2	0.05183001126825287
2.3	0.05188256370157263
2.4	0.051945524375079676
2.5	0.05199572496267786
2.6	0.052023809867528005
2.7	0.05203102080074362
2.8	0.05202424428999402
2.9	0.05201153420799315
3.0	0.051999223035993074
3.1	0.05199078898681194
3.2	0.05198705738563428
3.3	0.051987101767249994
3.4	0.05198927573919346
3.5	0.05199201285099043
3.6	0.05199425707256379
3.7	0.0519955555919791
3.8	0.05199593231617187
3.9	0.0519956744793826
4.0	0.05199513335608542
4.1	0.05199459220898229
4.2	0.05199421162351254
4.3	0.05199403496809712
4.4	0.051994026308002164
4.5	0.05199411543823023
4.6	0.05199423356840447
4.7	0.05199433311531777
4.8	0.0519943926213551
4.9	0.05199441179249804
5.0	0.051994402414081195
5.1	0.05199437962539041
5.2	0.05199435598254138
5.3	0.051994338858904386
5.4	0.05199433050583834
5.5	0.05199432960314475
5.6	0.0519943331953583
5.7	0.05199433827409676
5.8	0.05199434269165471
5.9	0.05199434542483099
6.0	0.05199434639187168
6.1	0.05199434606976083
6.2	0.05199434511142311
6.3	0.05199434407617061
6.4	0.05199434330432338
6.5	0.05199434291093144
6.6	0.051994342849006794
6.7	0.05199434299353441
6.8	0.05199434321229871
6.9	0.051994343408250425
7.0	0.05199434353311012
7.1	0.051994343580597915
7.2	0.05199434357011763
7.3	0.05199434352988169
7.4	0.051994343484714996
7.5	0.05199434345015078
7.6	0.05199434343184889
7.7	0.05199434342819595
7.8	0.05199434343392895
7.9	0.05199434344328358
8.0	0.051994343451915136
8.1	0.05199434345758225
8.2	0.05199434345988975
8.3	0.051994343459604624
8.4	0.05199434345793801
8.5	0.05199434345597816
8.6	0.05199434345443426
8.7	0.0519943434535808
8.8	0.05199434345337403
8.9	0.05199434345360186
9.0	0.05199434345399705
9.1	0.05199434345437648
9.2	0.051994343454631525
9.3	0.05199434345474966
9.4	0.051994343454740875
9.5	0.05199434345467369
9.6	0.05199434345458725
9.7	0.05199434345451819
9.8	0.051994343454479154
9.9	0.05199434345446727
10.0	0.05199434345447675
10.1	0.05199434345449531
10.2	0.05199434345450986
10.3	0.051994343454523306
10.4	0.05199434345452846
10.5	0.05199434345452897
10.6	0.051994343454525145
10.7	0.05199434345451914
10.8	0.05199434345451975
10.9	0.05199434345451536
11.0	0.05199434345451379
11.1	0.051994343454515674
11.2	0.05199434345451493
11.3	0.05199434345451878
11.4	0.05199434345451422
11.5	0.051994343454517394
11.6	0.05199434345451823
11.7	0.051994343454519996
11.8	0.051994343454516034
11.9	0.05199434345451683
12.0	0.05199434345451642
12.1	0.051994343454515805
12.2	0.051994343454516076
12.3	0.05199434345451771
12.4	0.05199434345451818
12.5	0.05199434345451921
12.6	0.05199434345451599
12.7	0.051994343454516444
12.8	0.05199434345451806
12.9	0.05199434345452014
13.0	0.05199434345451344
13.1	0.05199434345451709
13.2	0.05199434345451399
13.3	0.05199434345451442
13.4	0.05199434345451965
13.5	0.05199434345452143
13.6	0.05199434345451794
13.7	0.051994343454515576
13.8	0.051994343454517804
13.9	0.05199434345451615
14.0	0.05199434345451854
14.1	0.0519943434545192
14.2	0.05199434345451581
14.3	0.05199434345451731
14.4	0.051994343454519525
14.5	0.05199434345451926
14.6	0.051994343454521356
14.7	0.05199434345452118
14.8	0.05199434345451754
14.9	0.05199434345451784
15.0	0.051994343454517485
15.1	0.05199434345451782
15.2	0.051994343454518255
15.3	0.05199434345451862
15.4	0.051994343454518886
15.5	0.05199434345452009
15.6	0.05199434345451992
15.7	0.051994343454518616
15.8	0.05199434345451864
15.9	0.05199434345451754
16.0	0.0519943434545148
16.1	0.051994343454520815
16.2	0.05199434345451784
16.3	0.05199434345451719
16.4	0.05199434345451661
16.5	0.05199434345451907
16.6	0.051994343454519774
16.7	0.05199434345452007
16.8	0.05199434345451833
16.9	0.05199434345451871
17.0	0.05199434345451509
17.1	0.05199434345451955
17.2	0.0519943434545188
17.3	0.0519943434545193
17.4	0.0519943434545174
17.5	0.05199434345451838
17.6	0.05199434345451475
17.7	0.05199434345451969
17.8	0.05199434345451987
17.9	0.05199434345451534
18.0	0.05199434345451735
18.1	0.051994343454517415
18.2	0.05199434345451417
18.3	0.05199434345452031
18.4	0.05199434345451515
18.5	0.05199434345451833
18.6	0.051994343454520434
18.7	0.05199434345451908
18.8	0.05199434345451814
18.9	0.05199434345451638
19.0	0.05199434345451811
19.1	0.05199434345451785
19.2	0.05199434345451908
19.3	0.05199434345451705
19.4	0.051994343454521495
19.5	0.05199434345451725
19.6	0.051994343454518026
19.7	0.05199434345451506
19.8	0.05199434345451966
19.9	0.05199434345451912
20.0	0.051994343454516846
20.1	0.051994343454518734
20.2	0.05199434345451691
20.3	0.051994343454519906
20.4	0.05199434345452058
20.5	0.05199434345451512
20.6	0.05199434345451955
20.7	0.05199434345451854
20.8	0.05199434345451684
20.9	0.051994343454520406
21.0	0.051994343454516485
21.1	0.051994343454521356
21.2	0.051994343454519185
21.3	0.05199434345451863
21.4	0.05199434345451676
21.5	0.05199434345451819
21.6	0.051994343454520205
21.7	0.05199434345451907
21.8	0.051994343454519615
21.9	0.0519943434545209
22.0	0.05199434345451736
22.1	0.051994343454520885
22.2	0.051994343454520434
22.3	0.051994343454516555
22.4	0.05199434345451665
22.5	0.05199434345451936
22.6	0.05199434345451555
22.7	0.05199434345452147
22.8	0.05199434345451718
22.9	0.0519943434545198
23.0	0.05199434345451737
23.1	0.051994343454518074
23.2	0.051994343454518366
23.3	0.05199434345451936
23.4	0.05199434345451958
23.5	0.05199434345451648
23.6	0.05199434345451581
23.7	0.051994343454517006
23.8	0.05199434345451614
23.9	0.05199434345451765
24.0	0.05199434345451565
24.1	0.05199434345451674
24.2	0.051994343454518935
24.3	0.05199434345451829
24.4	0.05199434345451784
24.5	0.05199434345451972
24.6	0.051994343454516666
24.7	0.05199434345451611
24.8	0.05199434345451443
24.9	0.05199434345451845
25.0	0.05199434345451904
25.1	0.051994343454518845
25.2	0.051994343454517505
25.3	0.05199434345451789
25.4	0.05199434345451853
25.5	0.05199434345451929
25.6	0.05199434345451511
25.7	0.0519943434545142
25.8	0.051994343454518845
25.9	0.05199434345452088
26.0	0.05199434345452021
26.1	0.05199434345452135
26.2	0.05199434345451723
26.3	0.05199434345451851
26.4	0.051994343454517984
26.5	0.051994343454513654
26.6	0.051994343454518366
26.7	0.051994343454517394
26.8	0.05199434345451815
26.9	0.05199434345451961
27.0	0.05199434345451518
27.1	0.05199434345451297
27.2	0.05199434345451773
27.3	0.05199434345452012
27.4	0.05199434345451751
27.5	0.051994343454511656
27.6	0.05199434345452035
27.7	0.05199434345452099
27.8	0.0519943434545184
27.9	0.05199434345451838
28.0	0.051994343454516194
28.1	0.05199434345451868
28.2	0.05199434345451836
28.3	0.05199434345451751
28.4	0.0519943434545193
28.5	0.05199434345451928
28.6	0.051994343454517235
28.7	0.0519943434545148
28.8	0.05199434345452244
28.9	0.05199434345451921
29.0	0.0519943434545188
29.1	0.05199434345451961
29.2	0.051994343454515694
29.3	0.05199434345451897
29.4	0.051994343454515965
29.5	0.05199434345451916
29.6	0.05199434345451936
29.7	0.051994343454519656
29.8	0.05199434345451621
29.9	0.05199434345451695
30.0	0.051994343454518616
30.1	0.05199434345451926
30.2	0.05199434345451782
30.3	0.05199434345451832
30.4	0.05199434345451811
30.5	0.05199434345451797
30.6	0.051994343454519025
30.7	0.051994343454516735
30.8	0.05199434345451789
30.9	0.05199434345451938
31.0	0.051994343454518956
31.1	0.051994343454518366
31.2	0.051994343454516145
31.3	0.051994343454517325
31.4	0.05199434345452161
31.5	0.051994343454522
31.6	0.05199434345451559
31.7	0.051994343454516485
31.8	0.051994343454519344
31.9	0.051994343454517575
32.0	0.051994343454518276
32.1	0.05199434345451779
32.2	0.05199434345451954
32.3	0.051994343454514244
32.4	0.05199434345451696
32.5	0.051994343454518276
32.6	0.051994343454518054
32.7	0.05199434345451737
32.8	0.051994343454519226
32.9	0.051994343454517734
33.0	0.051994343454519525
33.1	0.05199434345451937
33.2	0.051994343454519344
33.3	0.051994343454517124
33.4	0.05199434345451771
33.5	0.05199434345451774
33.6	0.05199434345451761
33.7	0.05199434345451797
33.8	0.05199434345452004
33.9	0.051994343454515875
34.0	0.051994343454516756
34.1	0.0519943434545185
34.2	0.05199434345451789
34.3	0.05199434345451826
34.4	0.051994343454517304
34.5	0.0519943434545164
34.6	0.051994343454518206
34.7	0.05199434345452125
34.8	0.0519943434545158
34.9	0.051994343454517436
35.0	0.05199434345451747
35.1	0.05199434345451681
35.2	0.05199434345451685
35.3	0.05199434345451912
35.4	0.05199434345451976
35.5	0.05199434345451752
35.6	0.051994343454518775
35.7	0.051994343454518525
35.8	0.051994343454517804
35.9	0.0519943434545178
36.0	0.05199434345451932
36.1	0.051994343454518886
36.2	0.0519943434545196
36.3	0.0519943434545178
36.4	0.0519943434545203
36.5	0.05199434345452002
36.6	0.05199434345451838
36.7	0.051994343454519414
36.8	0.05199434345451912
36.9	0.0519943434545176
37.0	0.05199434345451833
37.1	0.05199434345451606
37.2	0.05199434345451861
37.3	0.05199434345452004
37.4	0.05199434345451934
37.5	0.05199434345451622
37.6	0.05199434345452033
37.7	0.05199434345452005
37.8	0.05199434345452058
37.9	0.05199434345451934
38.0	0.05199434345452046
38.1	0.05199434345452125
38.2	0.051994343454514584
38.3	0.051994343454520545
38.4	0.051994343454518775
38.5	0.05199434345452068
38.6	0.05199434345451833
38.7	0.05199434345452022
38.8	0.05199434345451718
38.9	0.05199434345451686
39.0	0.05199434345451872
39.1	0.0519943434545167
39.2	0.05199434345451684
39.3	0.05199434345451635
39.4	0.05199434345451499
39.5	0.05199434345451945
39.6	0.05199434345451979
39.7	0.05199434345451569
39.8	0.05199434345452077
39.9	0.05199434345451757
40.0	0.05199434345451769
40.1	0.05199434345451603
40.2	0.05199434345451719
40.3	0.05199434345451794
40.4	0.05199434345451804
40.5	0.05199434345452029
40.6	0.051994343454518734
40.7	0.05199434345451633
40.8	0.05199434345451964
40.9	0.051994343454518956
41.0	0.05199434345451969
41.1	0.05199434345452009
41.2	0.05199434345451846
41.3	0.05199434345451867
41.4	0.05199434345451965
41.5	0.05199434345451546
41.6	0.05199434345451631
41.7	0.05199434345451863
41.8	0.05199434345451822
41.9	0.05199434345451793
42.0	0.05199434345451976
42.1	0.051994343454516194
42.2	0.051994343454515916
42.3	0.05199434345451886
42.4	0.051994343454516326
42.5	0.05199434345452064
42.6	0.051994343454517734
42.7	0.05199434345452064
42.8	0.051994343454519816
42.9	0.05199434345452044
43.0	0.0519943434545189
43.1	0.05199434345452121
43.2	0.05199434345451608
43.3	0.05199434345451929
43.4	0.05199434345451951
43.5	0.05199434345451409
43.6	0.05199434345451774
43.7	0.05199434345451879
43.8	0.05199434345451815
43.9	0.05199434345451778
44.0	0.051994343454517006
44.1	0.05199434345451761
44.2	0.051994343454518206
44.3	0.051994343454517304
44.4	0.05199434345451965
44.5	0.05199434345451822
44.6	0.051994343454515916
44.7	0.05199434345451894
44.8	0.05199434345451794
44.9	0.051994343454516166
45.0	0.05199434345452391
45.1	0.051994343454522356
45.2	0.05199434345451536
45.3	0.0519943434545161
45.4	0.051994343454517075
45.5	0.0519943434545183
45.6	0.05199434345452053
45.7	0.051994343454521565
45.8	0.05199434345451842
45.9	0.05199434345451536
46.0	0.051994343454517325
46.1	0.051994343454516
46.2	0.051994343454517325
46.3	0.051994343454518366
46.4	0.051994343454521655
46.5	0.05199434345451716
46.6	0.051994343454515084
46.7	0.05199434345451835
46.8	0.051994343454515125
46.9	0.05199434345451714
47.0	0.0519943434545186
47.1	0.05199434345451962
47.2	0.0519943434545186
47.3	0.051994343454515514
47.4	0.05199434345451595
47.5	0.05199434345452038
47.6	0.05199434345451808
47.7	0.051994343454519504
47.8	0.051994343454520364
47.9	0.05199434345451738
48.0	0.051994343454515674
48.1	0.05199434345451815
48.2	0.05199434345451767
48.3	0.05199434345451738
48.4	0.05199434345451938
48.5	0.05199434345451844
48.6	0.051994343454519906
48.7	0.051994343454518956
48.8	0.051994343454518116
48.9	0.05199434345451432
49.0	0.05199434345451551
49.1	0.051994343454515125
49.2	0.051994343454517596
49.3	0.051994343454518074
49.4	0.05199434345452154
49.5	0.05199434345452022
49.6	0.05199434345452244
49.7	0.051994343454518005
49.8	0.05199434345451915
49.9	0.05199434345451706
50.0	0.05199434345451767
50.1	0.051994343454517616
50.2	0.05199434345451897
50.3	0.051994343454519844
50.4	0.051994343454517485
50.5	0.05199434345451774
50.6	0.05199434345451818
50.7	0.05199434345452024
50.8	0.05199434345452141
50.9	0.051994343454521426
51.0	0.051994343454516166
51.1	0.051994343454518914
51.2	0.05199434345451877
51.3	0.05199434345451894
51.4	0.05199434345451633
51.5	0.05199434345451688
51.6	0.051994343454516485
51.7	0.05199434345451947
51.8	0.05199434345451867
51.9	0.0519943434545208
52.0	0.05199434345451568
52.1	0.05199434345451738
52.2	0.051994343454521
52.3	0.05199434345451679
52.4	0.05199434345451928
52.5	0.05199434345451832
52.6	0.05199434345451879
52.7	0.051994343454522286
52.8	0.051994343454517394
52.9	0.05199434345451951
53.0	0.05199434345451485
53.1	0.05199434345452084
53.2	0.051994343454519566
53.3	0.051994343454521065
53.4	0.051994343454517984
53.5	0.05199434345452213
53.6	0.05199434345451804
53.7	0.051994343454519865
53.8	0.05199434345451574
53.9	0.05199434345451816
54.0	0.05199434345451861
54.1	0.05199434345451849
54.2	0.05199434345452033
54.3	0.05199434345451907
54.4	0.05199434345451929
54.5	0.05199434345451908
54.6	0.051994343454518734
54.7	0.05199434345451844
54.8	0.05199434345451945
54.9	0.051994343454517734
55.0	0.05199434345451604
55.1	0.05199434345451841
55.2	0.05199434345452079
55.3	0.05199434345451732
55.4	0.05199434345451806
55.5	0.051994343454519934
55.6	0.05199434345451766
55.7	0.05199434345451893
55.8	0.05199434345451857
55.9	0.05199434345451802
56.0	0.05199434345451638
56.1	0.05199434345452071
56.2	0.05199434345451751
56.3	0.05199434345451791
56.4	0.051994343454520184
56.5	0.0519943434545156
56.6	0.05199434345452092
56.7	0.05199434345452112
56.8	0.05199434345451915
56.9	0.05199434345451998
57.0	0.05199434345451372
57.1	0.05199434345451989
57.2	0.051994343454515604
57.3	0.0519943434545166
57.4	0.05199434345451942
57.5	0.051994343454519816
57.6	0.051994343454520565
57.7	0.05199434345451911
57.8	0.05199434345452044
57.9	0.05199434345451875
58.0	0.05199434345451608
58.1	0.05199434345451908
58.2	0.05199434345451625
58.3	0.051994343454516465
58.4	0.051994343454516166
58.5	0.0519943434545198
58.6	0.05199434345451838
58.7	0.0519943434545171
58.8	0.051994343454518026
58.9	0.05199434345451859
59.0	0.051994343454520385
59.1	0.05199434345451775
59.2	0.051994343454519004
59.3	0.051994343454520565
59.4	0.05199434345451813
59.5	0.05199434345451718
59.6	0.051994343454518234
59.7	0.05199434345451928
59.8	0.05199434345451688
59.9	0.051994343454518324
60.0	0.051994343454518206
60.1	0.05199434345451851
60.2	0.05199434345451559
60.3	0.05199434345451615
60.4	0.05199434345451976
60.5	0.05199434345451859
60.6	0.05199434345451531
60.7	0.051994343454519205
60.8	0.05199434345451788
60.9	0.05199434345451443
61.0	0.05199434345451566
61.1	0.05199434345451795
61.2	0.051994343454516354
61.3	0.05199434345451779
61.4	0.051994343454514855
61.5	0.05199434345451695
61.6	0.0519943434545175
61.7	0.05199434345451756
61.8	0.051994343454519504
61.9	0.051994343454520184
62.0	0.0519943434545193
62.1	0.051994343454515916
62.2	0.05199434345451521
62.3	0.051994343454517325
62.4	0.051994343454514244
62.5	0.05199434345451688
62.6	0.05199434345451989
62.7	0.05199434345451879
62.8	0.051994343454519504
62.9	0.05199434345451783
63.0	0.05199434345451708
63.1	0.051994343454517304
63.2	0.051994343454517505
63.3	0.05199434345451921
63.4	0.051994343454519025
63.5	0.051994343454518956
63.6	0.05199434345451787
63.7	0.05199434345451771
63.8	0.051994343454518095
63.9	0.05199434345451713
64.0	0.0519943434545188
64.1	0.05199434345451801
64.2	0.05199434345451818
64.3	0.051994343454516735
64.4	0.05199434345452018
64.5	0.051994343454519344
64.6	0.05199434345451854
64.7	0.0519943434545174
64.8	0.05199434345451868
64.9	0.05199434345451774
65.0	0.05199434345451879
65.1	0.051994343454516125
65.2	0.05199434345451772
65.3	0.05199434345451775
65.4	0.05199434345451703
65.5	0.05199434345452322
65.6	0.05199434345452005
65.7	0.05199434345451901
65.8	0.05199434345451426
65.9	0.051994343454518054
66.0	0.051994343454517394
66.1	0.05199434345452005
66.2	0.05199434345451657
66.3	0.051994343454519774
66.4	0.051994343454518345
66.5	0.051994343454515264
66.6	0.05199434345452082
66.7	0.05199434345451904
66.8	0.051994343454518775
66.9	0.051994343454522675
67.0	0.05199434345451732
67.1	0.05199434345451911
67.2	0.05199434345451747
67.3	0.0519943434545181
67.4	0.051994343454518664
67.5	0.05199434345451572
67.6	0.05199434345451671
67.7	0.05199434345451633
67.8	0.05199434345452029
67.9	0.05199434345451709
68.0	0.05199434345451652
68.1	0.05199434345451716
68.2	0.051994343454519545
68.3	0.05199434345451716
68.4	0.05199434345451562
68.5	0.051994343454514244
68.6	0.05199434345452053
68.7	0.051994343454517075
68.8	0.051994343454521356
68.9	0.05199434345451928
69.0	0.051994343454517866
69.1	0.05199434345451697
69.2	0.05199434345451376
69.3	0.05199434345451945
69.4	0.051994343454517485
69.5	0.05199434345451833
69.6	0.05199434345451758
69.7	0.0519943434545206
69.8	0.051994343454516846
69.9	0.05199434345452158
70.0	0.051994343454521634
70.1	0.05199434345451652
70.2	0.05199434345451826
70.3	0.051994343454518616
70.4	0.05199434345451783
70.5	0.051994343454518734
70.6	0.051994343454519434
70.7	0.051994343454515986
70.8	0.05199434345451925
70.9	0.051994343454520184
71.0	0.051994343454518886
71.1	0.0519943434545195
71.2	0.051994343454518165
71.3	0.0519943434545148
71.4	0.051994343454515896
71.5	0.05199434345451604
71.6	0.051994343454518366
71.7	0.051994343454515396
71.8	0.05199434345451541
71.9	0.0519943434545193
72.0	0.05199434345451911
72.1	0.05199434345452065
72.2	0.05199434345451851
72.3	0.05199434345451595
72.4	0.051994343454520406
72.5	0.051994343454519205
72.6	0.05199434345451758
72.7	0.05199434345452194
72.8	0.05199434345452039
72.9	0.05199434345451625
73.0	0.05199434345452083
73.1	0.05199434345451677
73.2	0.05199434345452097
73.3	0.05199434345451625
73.4	0.05199434345451979
73.5	0.05199434345451487
73.6	0.051994343454517415
73.7	0.051994343454516166
73.8	0.05199434345451919
73.9	0.051994343454518095
74.0	0.051994343454518574
74.1	0.05199434345451776
74.2	0.05199434345451976
74.3	0.05199434345451678
74.4	0.051994343454517006
74.5	0.05199434345452005
74.6	0.05199434345451719
74.7	0.05199434345451832
74.8	0.05199434345451752
74.9	0.051994343454518054
75.0	0.051994343454520656
75.1	0.05199434345451521
75.2	0.051994343454516534
75.3	0.051994343454519906
75.4	0.0519943434545188
75.5	0.05199434345451783
75.6	0.051994343454517346
75.7	0.05199434345451696
75.8	0.05199434345451851
75.9	0.05199434345452116
76.0	0.051994343454514425
76.1	0.051994343454518074
76.2	0.0519943434545166
76.3	0.051994343454519525
76.4	0.05199434345451867
76.5	0.05199434345451691
76.6	0.05199434345451603
76.7	0.051994343454515195
76.8	0.051994343454515826
76.9	0.051994343454520406
77.0	0.05199434345451907
77.1	0.05199434345451371
77.2	0.05199434345451692
77.3	0.051994343454518026
77.4	0.051994343454517436
77.5	0.05199434345451994
77.6	0.051994343454518574
77.7	0.0519943434545151
77.8	0.05199434345451659
77.9	0.05199434345451871
78.0	0.051994343454516735
78.1	0.05199434345451763
78.2	0.0519943434545177
78.3	0.05199434345452121
78.4	0.051994343454519226
78.5	0.05199434345451776
78.6	0.05199434345451752
78.7	0.05199434345451818
78.8	0.051994343454518734
78.9	0.05199434345452171
79.0	0.05199434345451908
79.1	0.05199434345451835
79.2	0.05199434345451923
79.3	0.05199434345451582
79.4	0.05199434345451813
79.5	0.051994343454520434
79.6	0.05199434345451689
79.7	0.05199434345451926
79.8	0.05199434345451842
79.9	0.05199434345451917
80.0	0.05199434345451747
80.1	0.05199434345452075
80.2	0.05199434345451879
80.3	0.05199434345451825
80.4	0.051994343454516444
80.5	0.051994343454518054
80.6	0.05199434345451551
80.7	0.0519943434545161
80.8	0.05199434345452062
80.9	0.0519943434545174
81.0	0.05199434345451671
81.1	0.0519943434545188
81.2	0.05199434345452158
81.3	0.051994343454518845
81.4	0.051994343454520205
81.5	0.05199434345451671
81.6	0.05199434345451929
81.7	0.051994343454517616
81.8	0.0519943434545178
81.9	0.05199434345452061
82.0	0.05199434345451844
82.1	0.05199434345451736
82.2	0.05199434345451357
82.3	0.05199434345451625
82.4	0.05199434345451818
82.5	0.0519943434545165
82.6	0.05199434345451975
82.7	0.051994343454521065
82.8	0.05199434345452002
82.9	0.05199434345451661
83.0	0.05199434345451811
83.1	0.05199434345451987
83.2	0.051994343454519504
83.3	0.05199434345451904
83.4	0.0519943434545191
83.5	0.051994343454515916
83.6	0.05199434345452049
83.7	0.05199434345451989
83.8	0.051994343454519004
83.9	0.05199434345451685
84.0	0.05199434345451789
84.1	0.05199434345451637
84.2	0.051994343454517394
84.3	0.051994343454518366
84.4	0.05199434345451939
84.5	0.051994343454520406
84.6	0.051994343454518664
84.7	0.05199434345451796
84.8	0.05199434345451681
84.9	0.05199434345451845
85.0	0.05199434345451484
85.1	0.051994343454517124
85.2	0.05199434345451754
85.3	0.05199434345451717
85.4	0.05199434345451996
85.5	0.05199434345451814
85.6	0.051994343454515084
85.7	0.05199434345452017
85.8	0.05199434345451911
85.9	0.051994343454516936
86.0	0.05199434345451815
86.1	0.05199434345451752
86.2	0.05199434345451883
86.3	0.05199434345451672
86.4	0.05199434345451559
86.5	0.051994343454519115
86.6	0.05199434345451756
86.7	0.05199434345451906
86.8	0.051994343454517
86.9	0.05199434345451942
87.0	0.051994343454518116
87.1	0.05199434345451947
87.2	0.05199434345452022
87.3	0.05199434345451706
87.4	0.05199434345451807
87.5	0.05199434345451833
87.6	0.05199434345451685
87.7	0.05199434345451521
87.8	0.05199434345451845
87.9	0.05199434345452104
88.0	0.051994343454516916
88.1	0.05199434345452035
88.2	0.05199434345451761
88.3	0.05199434345452244
88.4	0.0519943434545174
88.5	0.05199434345451685
88.6	0.051994343454520114
88.7	0.051994343454519365
88.8	0.05199434345452153
88.9	0.05199434345451663
89.0	0.05199434345452102
89.1	0.051994343454518956
89.2	0.05199434345451608
89.3	0.05199434345451745
89.4	0.051994343454517526
89.5	0.05199434345451479
89.6	0.05199434345451511
89.7	0.05199434345451695
89.8	0.051994343454518054
89.9	0.051994343454517145
90.0	0.05199434345451618
90.1	0.05199434345451897
90.2	0.05199434345451801
90.3	0.05199434345451709
90.4	0.05199434345451864
90.5	0.0519943434545191
90.6	0.05199434345451815
90.7	0.051994343454517415
90.8	0.05199434345451468
90.9	0.051994343454517596
91.0	0.05199434345451671
91.1	0.051994343454518734
91.2	0.051994343454521474
91.3	0.05199434345451872
91.4	0.051994343454518546
91.5	0.051994343454516256
91.6	0.05199434345451643
91.7	0.05199434345451747
91.8	0.05199434345451652
91.9	0.051994343454516444
92.0	0.05199434345451665
92.1	0.05199434345451938
92.2	0.0519943434545178
92.3	0.051994343454520864
92.4	0.0519943434545193
92.5	0.051994343454517054
92.6	0.05199434345451577
92.7	0.05199434345451493
92.8	0.051994343454520274
92.9	0.05199434345451498
93.0	0.05199434345452002
93.1	0.05199434345451758
93.2	0.051994343454514376
93.3	0.051994343454518845
93.4	0.051994343454520774
93.5	0.0519943434545192
93.6	0.051994343454516964
93.7	0.05199434345451747
93.8	0.05199434345451772
93.9	0.05199434345451705
94.0	0.051994343454517734
94.1	0.05199434345451518
94.2	0.0519943434545188
94.3	0.051994343454515805
94.4	0.051994343454518845
94.5	0.051994343454518574
94.6	0.051994343454517956
94.7	0.051994343454519906
94.8	0.0519943434545175
94.9	0.051994343454517776
95.0	0.05199434345451937
95.1	0.05199434345451785
95.2	0.05199434345451628
95.3	0.05199434345451691
95.4	0.051994343454516534
95.5	0.05199434345452097
95.6	0.051994343454518574
95.7	0.05199434345451934
95.8	0.05199434345452045
95.9	0.05199434345451858
96.0	0.05199434345451767
96.1	0.0519943434545196
96.2	0.0519943434545145
96.3	0.05199434345451679
96.4	0.05199434345451423
96.5	0.051994343454519344
96.6	0.051994343454514806
96.7	0.05199434345451758
96.8	0.05199434345451782
96.9	0.05199434345451638
97.0	0.05199434345451575
97.1	0.051994343454516534
97.2	0.05199434345451691
97.3	0.05199434345451983
97.4	0.05199434345451787
97.5	0.05199434345451776
97.6	0.05199434345451593
97.7	0.051994343454514244
97.8	0.05199434345451763
97.9	0.05199434345451714
98.0	0.051994343454518276
98.1	0.05199434345451932
98.2	0.05199434345451908
98.3	0.05199434345452058
98.4	0.051994343454515944
98.5	0.051994343454518914
98.6	0.05199434345451681
98.7	0.05199434345452079
98.8	0.051994343454515514
98.9	0.0519943434545218
99.0	0.05199434345451714
99.1	0.05199434345451661
99.2	0.051994343454520565
99.3	0.051994343454517915
99.4	0.05199434345451742
99.5	0.05199434345451564
99.6	0.051994343454517325
99.7	0.051994343454519906
99.8	0.05199434345451863
99.9	0.05199434345451866
100.0	0.05199434345451765
