0.0	0.0
0.1	0.025822929780154096
0.2	0.0584925342195731
0.3	0.07916708221244095
0.4	0.08616218286954981
0.5	0.08296740668149027
0.6	0.07472689317428059
0.7	0.06622414511833659
0.8	0.060470351802332414
0.9	0.05823169420015819
1.0	0.05862576976262324
1.1	0.0602162110262551
1.2	0.061839855261324614
1.3	0.06289923209937157
1.4	0.06329008865643715
1.5	0.06319403004010807
1.6	0.0628772346359858
1.7	0.06255713256823575
1.8	0.062348833730378375
1.9	0.06227278902283794
2.0	0.06229260534089424
2.1	0.06235523552826918
2.2	0.06241787414743858
2.3	0.06245826205905098
2.4	0.062472722947236006
2.5	0.06246854939666403
2.6	0.06245615492930449
2.7	0.06244388170627522
2.8	0.062436030764224694
2.9	0.062433270805483804
3.0	0.06243414156573291
3.1	0.06243659313656592
3.2	0.06243899685544579
3.3	0.06244052186666189
3.4	0.062441047743702405
3.5	0.0624408666741679
3.6	0.06244038187417135
3.7	0.06243991114598576
3.8	0.06243961494348755
3.9	0.06243951481012414
4.0	0.06243955231875194
4.1	0.062439648161937145
4.2	0.062439740331526744
4.3	0.06243979785046757
4.4	0.062439816899604414
4.5	0.062439809154887345
4.6	0.06243979021194828
4.7	0.062439772167551685
4.8	0.062439761000207365
4.9	0.062439757379705293
5.0	0.062439758974115495
5.1	0.06243976271713667
5.2	0.06243976624923773
5.3	0.062439768416951626
5.4	0.06243976910439388
5.5	0.062439768777015965
5.6	0.06243976803759856
5.7	0.062439767346310786
5.8	0.06243976692561781
5.9	0.062439766795226954
6.0	0.06243976686228236
6.1	0.06243976700831277
6.2	0.0624397671435924
6.3	0.062439767225223555
6.4	0.06243976724992581
6.5	0.06243976723622211
6.6	0.0624397672073851
6.7	0.06243976718092085
6.8	0.0624397671650817
6.9	0.062439767160410414
7.0	0.06243976716320426
7.1	0.062439767168896855
7.2	0.062439767174072756
7.3	0.06243976717715051
7.4	0.06243976717802934
7.5	0.06243976717745981
7.6	0.062439767176336106
7.7	0.062439767175324824
7.8	0.06243976717472521
7.9	0.06243976717456046
8.0	0.062439767174674886
8.1	0.062439767174901906
8.2	0.062439767175093516
8.3	0.06243976717520878
8.4	0.06243976717524379
8.5	0.0624397671752228
8.6	0.062439767175172835
8.7	0.06243976717513623
8.8	0.06243976717511179
8.9	0.06243976717511292
9.0	0.062439767175114645
9.1	0.06243976717512126
9.2	0.06243976717513149
9.3	0.062439767175137065
9.4	0.062439767175136905
9.5	0.06243976717513505
9.6	0.06243976717513239
9.7	0.06243976717513172
9.8	0.062439767175132034
9.9	0.062439767175127205
10.0	0.06243976717512961
10.1	0.06243976717512878
10.2	0.062439767175126934
10.3	0.06243976717513112
10.4	0.062439767175131736
10.5	0.0624397671751293
10.6	0.06243976717513304
10.7	0.06243976717512802
10.8	0.06243976717513146
10.9	0.06243976717512973
11.0	0.062439767175131645
11.1	0.0624397671751287
11.2	0.06243976717513158
11.3	0.06243976717513122
11.4	0.06243976717513044
11.5	0.06243976717513029
11.6	0.06243976717513311
11.7	0.062439767175130396
11.8	0.062439767175129064
11.9	0.062439767175130945
12.0	0.06243976717512998
12.1	0.06243976717512923
12.2	0.062439767175130244
12.3	0.06243976717513102
12.4	0.06243976717513128
12.5	0.06243976717512919
12.6	0.06243976717513008
12.7	0.06243976717512752
12.8	0.0624397671751301
12.9	0.062439767175129536
13.0	0.06243976717513285
13.1	0.062439767175129744
13.2	0.062439767175131146
13.3	0.062439767175131035
13.4	0.06243976717512997
13.5	0.062439767175125484
13.6	0.0624397671751318
13.7	0.062439767175129245
13.8	0.0624397671751267
13.9	0.06243976717513242
14.0	0.062439767175132194
14.1	0.06243976717513198
14.2	0.0624397671751304
14.3	0.062439767175131285
14.4	0.06243976717513282
14.5	0.062439767175130945
14.6	0.06243976717512963
14.7	0.062439767175128134
14.8	0.062439767175130285
14.9	0.06243976717513203
15.0	0.06243976717513708
15.1	0.0624397671751318
15.2	0.06243976717513391
15.3	0.06243976717513171
15.4	0.06243976717513047
15.5	0.062439767175131076
15.6	0.06243976717512931
15.7	0.062439767175131534
15.8	0.06243976717512752
15.9	0.06243976717513329
16.0	0.062439767175130674
16.1	0.06243976717513183
16.2	0.06243976717513318
16.3	0.062439767175127316
16.4	0.06243976717512827
16.5	0.06243976717512947
16.6	0.06243976717513212
16.7	0.062439767175134185
16.8	0.06243976717513112
16.9	0.06243976717513076
17.0	0.06243976717513176
17.1	0.06243976717513011
17.2	0.06243976717513274
17.3	0.06243976717513249
17.4	0.06243976717512949
17.5	0.062439767175132686
17.6	0.06243976717513254
17.7	0.06243976717513173
17.8	0.06243976717512927
17.9	0.06243976717513138
18.0	0.06243976717513081
18.1	0.06243976717513112
18.2	0.062439767175134275
18.3	0.062439767175134685
18.4	0.06243976717513201
18.5	0.06243976717513603
18.6	0.06243976717512934
18.7	0.06243976717513492
18.8	0.062439767175131174
18.9	0.0624397671751308
19.0	0.062439767175130126
19.1	0.06243976717513095
19.2	0.06243976717513161
19.3	0.06243976717512922
19.4	0.062439767175131396
19.5	0.06243976717512911
19.6	0.06243976717513274
19.7	0.06243976717513184
19.8	0.062439767175129855
19.9	0.06243976717513147
20.0	0.06243976717512969
20.1	0.06243976717513067
20.2	0.062439767175128606
20.3	0.062439767175132985
20.4	0.062439767175134185
20.5	0.062439767175131354
20.6	0.0624397671751311
20.7	0.062439767175135066
20.8	0.06243976717513296
20.9	0.06243976717513344
21.0	0.06243976717513144
21.1	0.062439767175131125
21.2	0.06243976717513216
21.3	0.06243976717513457
21.4	0.06243976717512768
21.5	0.06243976717512927
21.6	0.06243976717513397
21.7	0.06243976717513033
21.8	0.062439767175128544
21.9	0.062439767175130154
22.0	0.062439767175131805
22.1	0.06243976717513303
22.2	0.06243976717513316
22.3	0.06243976717513286
22.4	0.06243976717513242
22.5	0.06243976717513416
22.6	0.062439767175129335
22.7	0.06243976717513272
22.8	0.06243976717512948
22.9	0.06243976717513172
23.0	0.06243976717513359
23.1	0.062439767175131354
23.2	0.062439767175134823
23.3	0.062439767175131285
23.4	0.062439767175135455
23.5	0.06243976717513254
23.6	0.06243976717513419
23.7	0.062439767175130396
23.8	0.06243976717513462
23.9	0.06243976717513293
24.0	0.06243976717513308
24.1	0.06243976717513263
24.2	0.06243976717513406
24.3	0.06243976717513103
24.4	0.06243976717513184
24.5	0.062439767175132464
24.6	0.06243976717513273
24.7	0.062439767175132006
24.8	0.062439767175131125
24.9	0.062439767175133505
25.0	0.062439767175130764
25.1	0.06243976717513502
25.2	0.06243976717513124
25.3	0.062439767175129245
25.4	0.06243976717512844
25.5	0.062439767175132894
25.6	0.06243976717513161
25.7	0.06243976717513722
25.8	0.06243976717513442
25.9	0.0624397671751293
26.0	0.062439767175133366
26.1	0.06243976717513198
26.2	0.06243976717513264
26.3	0.062439767175133776
26.4	0.062439767175130986
26.5	0.062439767175133186
26.6	0.062439767175129966
26.7	0.06243976717513195
26.8	0.062439767175131146
26.9	0.06243976717513232
27.0	0.062439767175132804
27.1	0.06243976717513369
27.2	0.06243976717513084
27.3	0.0624397671751367
27.4	0.06243976717513001
27.5	0.06243976717512976
27.6	0.06243976717513486
27.7	0.06243976717513058
27.8	0.06243976717513197
27.9	0.06243976717513015
28.0	0.06243976717513113
28.1	0.06243976717513285
28.2	0.06243976717513329
28.3	0.06243976717513141
28.4	0.06243976717513157
28.5	0.06243976717513348
28.6	0.06243976717513217
28.7	0.06243976717513249
28.8	0.06243976717513327
28.9	0.06243976717513293
29.0	0.06243976717513318
29.1	0.06243976717513173
29.2	0.06243976717512939
29.3	0.06243976717512908
29.4	0.06243976717513091
29.5	0.062439767175131104
29.6	0.06243976717513278
29.7	0.06243976717512989
29.8	0.062439767175130216
29.9	0.06243976717513362
30.0	0.062439767175133915
30.1	0.062439767175132894
30.2	0.06243976717512914
30.3	0.0624397671751312
30.4	0.06243976717513158
30.5	0.06243976717513373
30.6	0.06243976717513414
30.7	0.06243976717512887
30.8	0.06243976717513256
30.9	0.06243976717512989
31.0	0.06243976717513256
31.1	0.06243976717513266
31.2	0.0624397671751323
31.3	0.06243976717513785
31.4	0.06243976717513106
31.5	0.062439767175129814
31.6	0.06243976717513245
31.7	0.06243976717513714
31.8	0.06243976717513287
31.9	0.06243976717513287
32.0	0.0624397671751297
32.1	0.06243976717513271
32.2	0.06243976717512934
32.3	0.062439767175132416
32.4	0.06243976717512966
32.5	0.06243976717513391
32.6	0.062439767175131826
32.7	0.06243976717513187
32.8	0.06243976717513257
32.9	0.062439767175132894
33.0	0.062439767175128426
33.1	0.06243976717513461
33.2	0.062439767175134574
33.3	0.06243976717512954
33.4	0.06243976717513249
33.5	0.062439767175132894
33.6	0.062439767175133214
33.7	0.06243976717513249
33.8	0.06243976717513167
33.9	0.062439767175126705
34.0	0.06243976717513205
34.1	0.062439767175134726
34.2	0.06243976717513455
34.3	0.06243976717513103
34.4	0.06243976717513296
34.5	0.06243976717513208
34.6	0.06243976717513191
34.7	0.062439767175131604
34.8	0.06243976717513313
34.9	0.06243976717513161
35.0	0.06243976717512883
35.1	0.062439767175132464
35.2	0.06243976717512985
35.3	0.062439767175135344
35.4	0.06243976717513421
35.5	0.06243976717512969
35.6	0.06243976717513278
35.7	0.06243976717513201
35.8	0.06243976717512952
35.9	0.06243976717513321
36.0	0.0624397671751349
36.1	0.06243976717513238
36.2	0.062439767175131604
36.3	0.06243976717513287
36.4	0.06243976717513132
36.5	0.06243976717513227
36.6	0.0624397671751313
36.7	0.06243976717513516
36.8	0.06243976717513301
36.9	0.06243976717513433
37.0	0.06243976717513169
37.1	0.062439767175130105
37.2	0.06243976717513198
37.3	0.06243976717513264
37.4	0.062439767175133304
37.5	0.062439767175133505
37.6	0.06243976717513512
37.7	0.062439767175133866
37.8	0.06243976717513332
37.9	0.0624397671751297
38.0	0.062439767175129994
38.1	0.06243976717513159
38.2	0.06243976717513034
38.3	0.062439767175131146
38.4	0.0624397671751331
38.5	0.062439767175130195
38.6	0.06243976717513202
38.7	0.06243976717513508
38.8	0.062439767175131645
38.9	0.06243976717513085
39.0	0.062439767175138626
39.1	0.062439767175134026
39.2	0.06243976717512876
39.3	0.06243976717513521
39.4	0.06243976717513489
39.5	0.06243976717513355
39.6	0.062439767175135594
39.7	0.06243976717513389
39.8	0.062439767175131645
39.9	0.062439767175128606
40.0	0.06243976717513521
40.1	0.06243976717513109
40.2	0.06243976717513447
40.3	0.062439767175133644
40.4	0.06243976717513484
40.5	0.06243976717513446
40.6	0.06243976717513169
40.7	0.06243976717513409
40.8	0.062439767175133394
40.9	0.06243976717513262
41.0	0.06243976717513399
41.1	0.06243976717513342
41.2	0.062439767175131285
41.3	0.062439767175132825
41.4	0.062439767175132166
41.5	0.062439767175131076
41.6	0.06243976717513384
41.7	0.06243976717513194
41.8	0.06243976717513501
41.9	0.0624397671751326
42.0	0.062439767175132714
42.1	0.06243976717512803
42.2	0.06243976717513348
42.3	0.062439767175132804
42.4	0.06243976717513287
42.5	0.06243976717513565
42.6	0.062439767175129786
42.7	0.06243976717513232
42.8	0.062439767175136336
42.9	0.062439767175135094
43.0	0.06243976717513731
43.1	0.06243976717513318
43.2	0.062439767175132464
43.3	0.062439767175131174
43.4	0.06243976717513274
43.5	0.06243976717513003
43.6	0.06243976717513491
43.7	0.06243976717513714
43.8	0.06243976717513058
43.9	0.06243976717513176
44.0	0.06243976717513288
44.1	0.0624397671751356
44.2	0.06243976717513388
44.3	0.06243976717513136
44.4	0.06243976717513358
44.5	0.06243976717513313
44.6	0.06243976717513301
44.7	0.06243976717513063
44.8	0.062439767175134976
44.9	0.06243976717513297
45.0	0.06243976717513678
45.1	0.062439767175132936
45.2	0.06243976717513095
45.3	0.0624397671751326
45.4	0.06243976717513208
45.5	0.062439767175128225
45.6	0.06243976717513043
45.7	0.06243976717513513
45.8	0.06243976717513557
45.9	0.062439767175137405
46.0	0.06243976717513142
46.1	0.062439767175134546
46.2	0.062439767175133255
46.3	0.06243976717513262
46.4	0.06243976717513304
46.5	0.06243976717513311
46.6	0.06243976717513351
46.7	0.06243976717513645
46.8	0.06243976717513619
46.9	0.06243976717513552
47.0	0.06243976717512869
47.1	0.062439767175135094
47.2	0.062439767175130806
47.3	0.06243976717513307
47.4	0.062439767175134615
47.5	0.06243976717513477
47.6	0.062439767175129925
47.7	0.06243976717513441
47.8	0.06243976717512937
47.9	0.06243976717513544
48.0	0.06243976717513614
48.1	0.06243976717513256
48.2	0.06243976717513072
48.3	0.06243976717513275
48.4	0.062439767175132305
48.5	0.062439767175131076
48.6	0.062439767175131645
48.7	0.06243976717513048
48.8	0.06243976717513172
48.9	0.06243976717513429
49.0	0.062439767175131604
49.1	0.06243976717513274
49.2	0.062439767175136954
49.3	0.06243976717513612
49.4	0.062439767175131465
49.5	0.062439767175133255
49.6	0.062439767175131236
49.7	0.062439767175134185
49.8	0.06243976717513146
49.9	0.06243976717513297
50.0	0.0624397671751353
50.1	0.0624397671751345
50.2	0.06243976717513301
50.3	0.06243976717513162
50.4	0.06243976717513451
50.5	0.06243976717513575
50.6	0.0624397671751318
50.7	0.062439767175131645
50.8	0.06243976717513333
50.9	0.062439767175130535
51.0	0.06243976717512945
51.1	0.062439767175133
51.2	0.06243976717513131
51.3	0.06243976717512607
51.4	0.06243976717513616
51.5	0.06243976717513557
51.6	0.06243976717513582
51.7	0.06243976717513448
51.8	0.06243976717513651
51.9	0.062439767175136995
52.0	0.062439767175137065
52.1	0.06243976717513197
52.2	0.06243976717513217
52.3	0.0624397671751346
52.4	0.06243976717513278
52.5	0.06243976717513358
52.6	0.06243976717513524
52.7	0.06243976717513362
52.8	0.062439767175134
52.9	0.0624397671751345
53.0	0.062439767175133803
53.1	0.06243976717513598
53.2	0.06243976717513059
53.3	0.062439767175130105
53.4	0.0624397671751289
53.5	0.062439767175135094
53.6	0.062439767175133894
53.7	0.062439767175133026
53.8	0.06243976717513168
53.9	0.06243976717513131
54.0	0.06243976717512737
54.1	0.06243976717512995
54.2	0.06243976717513195
54.3	0.062439767175132346
54.4	0.06243976717513083
54.5	0.062439767175132346
54.6	0.062439767175132395
54.7	0.06243976717513409
54.8	0.06243976717513479
54.9	0.062439767175132756
55.0	0.06243976717513318
55.1	0.06243976717513184
55.2	0.062439767175129265
55.3	0.062439767175133366
55.4	0.06243976717512936
55.5	0.062439767175132506
55.6	0.06243976717513374
55.7	0.062439767175135455
55.8	0.06243976717513375
55.9	0.06243976717513404
56.0	0.062439767175131985
56.1	0.06243976717513257
56.2	0.06243976717513103
56.3	0.062439767175131645
56.4	0.0624397671751291
56.5	0.06243976717513204
56.6	0.06243976717513216
56.7	0.06243976717513216
56.8	0.06243976717513201
56.9	0.062439767175133366
57.0	0.06243976717513852
57.1	0.062439767175133845
57.2	0.062439767175135386
57.3	0.06243976717513121
57.4	0.062439767175134
57.5	0.06243976717513158
57.6	0.06243976717513252
57.7	0.06243976717513338
57.8	0.062439767175135455
57.9	0.06243976717513549
58.0	0.06243976717513235
58.1	0.06243976717513318
58.2	0.06243976717513508
58.3	0.062439767175132686
58.4	0.06243976717513534
58.5	0.06243976717513481
58.6	0.06243976717513273
58.7	0.06243976717513553
58.8	0.06243976717512891
58.9	0.062439767175131285
59.0	0.06243976717513428
59.1	0.06243976717513109
59.2	0.062439767175132985
59.3	0.062439767175133706
59.4	0.06243976717513139
59.5	0.06243976717513216
59.6	0.062439767175134574
59.7	0.06243976717513425
59.8	0.062439767175131444
59.9	0.0624397671751343
60.0	0.062439767175131944
60.1	0.062439767175134935
60.2	0.06243976717513095
60.3	0.06243976717513321
60.4	0.06243976717513021
60.5	0.06243976717513334
60.6	0.0624397671751317
60.7	0.062439767175132714
60.8	0.062439767175131534
60.9	0.06243976717513411
61.0	0.06243976717513252
61.1	0.06243976717513003
61.2	0.062439767175131784
61.3	0.062439767175134685
61.4	0.06243976717513433
61.5	0.062439767175133644
61.6	0.06243976717513131
61.7	0.062439767175133006
61.8	0.06243976717513577
61.9	0.06243976717513307
62.0	0.062439767175134185
62.1	0.06243976717513428
62.2	0.06243976717513241
62.3	0.062439767175131076
62.4	0.06243976717513436
62.5	0.06243976717513223
62.6	0.062439767175130924
62.7	0.06243976717513369
62.8	0.062439767175133144
62.9	0.0624397671751315
63.0	0.06243976717513106
63.1	0.06243976717513172
63.2	0.062439767175137516
63.3	0.062439767175134143
63.4	0.06243976717513371
63.5	0.062439767175133117
63.6	0.062439767175133366
63.7	0.06243976717513295
63.8	0.06243976717513031
63.9	0.062439767175135046
64.0	0.06243976717513856
64.1	0.062439767175134143
64.2	0.06243976717513516
64.3	0.06243976717513425
64.4	0.06243976717513407
64.5	0.06243976717513103
64.6	0.06243976717513278
64.7	0.06243976717513059
64.8	0.062439767175133234
64.9	0.06243976717513293
65.0	0.062439767175131125
65.1	0.0624397671751349
65.2	0.06243976717513036
65.3	0.06243976717513275
65.4	0.0624397671751337
65.5	0.0624397671751288
65.6	0.06243976717513071
65.7	0.06243976717513188
65.8	0.06243976717513142
65.9	0.06243976717513292
66.0	0.06243976717513102
66.1	0.06243976717513084
66.2	0.06243976717513216
66.3	0.06243976717513425
66.4	0.062439767175135594
66.5	0.06243976717513538
66.6	0.06243976717513496
66.7	0.06243976717513281
66.8	0.06243976717513289
66.9	0.0624397671751308
67.0	0.06243976717513504
67.1	0.06243976717513268
67.2	0.062439767175133234
67.3	0.06243976717513007
67.4	0.06243976717513316
67.5	0.06243976717513203
67.6	0.06243976717512973
67.7	0.06243976717513224
67.8	0.06243976717513568
67.9	0.06243976717512931
68.0	0.06243976717513194
68.1	0.06243976717513406
68.2	0.06243976717513611
68.3	0.06243976717513238
68.4	0.062439767175131576
68.5	0.06243976717513328
68.6	0.06243976717513966
68.7	0.06243976717513033
68.8	0.06243976717513435
68.9	0.062439767175137356
69.0	0.06243976717513778
69.1	0.062439767175132985
69.2	0.06243976717513242
69.3	0.0624397671751341
69.4	0.062439767175135066
69.5	0.0624397671751328
69.6	0.062439767175132714
69.7	0.06243976717512905
69.8	0.06243976717513392
69.9	0.06243976717513496
70.0	0.062439767175136406
70.1	0.062439767175132534
70.2	0.062439767175130105
70.3	0.06243976717513279
70.4	0.06243976717513632
70.5	0.06243976717513318
70.6	0.06243976717513827
70.7	0.06243976717513471
70.8	0.06243976717513325
70.9	0.06243976717513191
71.0	0.06243976717513263
71.1	0.06243976717513327
71.2	0.062439767175132395
71.3	0.062439767175130854
71.4	0.06243976717513652
71.5	0.06243976717513297
71.6	0.06243976717512998
71.7	0.062439767175132534
71.8	0.06243976717513448
71.9	0.062439767175135635
72.0	0.06243976717513329
72.1	0.06243976717513055
72.2	0.0624397671751345
72.3	0.062439767175134386
72.4	0.062439767175130535
72.5	0.062439767175130244
72.6	0.06243976717513195
72.7	0.06243976717513296
72.8	0.062439767175133894
72.9	0.06243976717513318
73.0	0.0624397671751322
73.1	0.06243976717512978
73.2	0.06243976717513285
73.3	0.062439767175137766
73.4	0.06243976717513768
73.5	0.06243976717512787
73.6	0.062439767175131895
73.7	0.06243976717513448
73.8	0.062439767175134234
73.9	0.06243976717513407
74.0	0.06243976717513355
74.1	0.06243976717513449
74.2	0.06243976717513073
74.3	0.062439767175134914
74.4	0.062439767175133803
74.5	0.062439767175133706
74.6	0.062439767175132714
74.7	0.062439767175135476
74.8	0.062439767175132534
74.9	0.06243976717513285
75.0	0.062439767175135164
75.1	0.06243976717513464
75.2	0.06243976717513335
75.3	0.06243976717513392
75.4	0.062439767175130466
75.5	0.06243976717513409
75.6	0.06243976717513366
75.7	0.062439767175128245
75.8	0.062439767175133956
75.9	0.062439767175133234
76.0	0.062439767175134615
76.1	0.06243976717513385
76.2	0.06243976717513579
76.3	0.062439767175134726
76.4	0.06243976717513069
76.5	0.06243976717513348
76.6	0.06243976717513403
76.7	0.062439767175134574
76.8	0.06243976717513407
76.9	0.06243976717513484
77.0	0.06243976717513294
77.1	0.06243976717513266
77.2	0.062439767175133803
77.3	0.062439767175133144
77.4	0.06243976717513293
77.5	0.06243976717513069
77.6	0.06243976717513362
77.7	0.0624397671751312
77.8	0.062439767175132055
77.9	0.062439767175132
78.0	0.06243976717513403
78.1	0.062439767175133006
78.2	0.06243976717513051
78.3	0.06243976717513229
78.4	0.062439767175134143
78.5	0.06243976717513334
78.6	0.062439767175134185
78.7	0.0624397671751322
78.8	0.062439767175135295
78.9	0.06243976717513548
79.0	0.062439767175132097
79.1	0.062439767175132464
79.2	0.06243976717513513
79.3	0.06243976717513622
79.4	0.062439767175131194
79.5	0.062439767175133144
79.6	0.06243976717513487
79.7	0.062439767175130244
79.8	0.06243976717513289
79.9	0.062439767175130646
80.0	0.062439767175133054
80.1	0.062439767175133803
80.2	0.062439767175129536
80.3	0.06243976717513527
80.4	0.06243976717513304
80.5	0.06243976717513524
80.6	0.062439767175134546
80.7	0.06243976717513425
80.8	0.062439767175133463
80.9	0.062439767175133776
81.0	0.06243976717513499
81.1	0.06243976717513417
81.2	0.062439767175135594
81.3	0.06243976717513373
81.4	0.06243976717513084
81.5	0.06243976717513258
81.6	0.06243976717513173
81.7	0.06243976717513388
81.8	0.062439767175131215
81.9	0.06243976717513552
82.0	0.06243976717513439
82.1	0.06243976717513106
82.2	0.06243976717513268
82.3	0.06243976717513197
82.4	0.06243976717513442
82.5	0.06243976717513259
82.6	0.06243976717513359
82.7	0.06243976717513266
82.8	0.062439767175133915
82.9	0.0624397671751312
83.0	0.062439767175134386
83.1	0.06243976717513547
83.2	0.06243976717513325
83.3	0.06243976717512816
83.4	0.062439767175127885
83.5	0.062439767175133595
83.6	0.06243976717513289
83.7	0.062439767175134386
83.8	0.06243976717513279
83.9	0.062439767175134435
84.0	0.06243976717513217
84.1	0.062439767175133845
84.2	0.06243976717513592
84.3	0.06243976717513073
84.4	0.06243976717513466
84.5	0.06243976717513267
84.6	0.06243976717513425
84.7	0.062439767175132395
84.8	0.06243976717513294
84.9	0.062439767175132964
85.0	0.06243976717513482
85.1	0.062439767175135254
85.2	0.06243976717513345
85.3	0.06243976717513238
85.4	0.06243976717513406
85.5	0.062439767175137176
85.6	0.06243976717513366
85.7	0.06243976717513216
85.8	0.062439767175132686
85.9	0.06243976717513228
86.0	0.062439767175132714
86.1	0.06243976717513063
86.2	0.06243976717512996
86.3	0.06243976717513096
86.4	0.06243976717513388
86.5	0.062439767175131604
86.6	0.062439767175133255
86.7	0.06243976717513377
86.8	0.062439767175135046
86.9	0.06243976717513352
87.0	0.0624397671751337
87.1	0.062439767175130896
87.2	0.0624397671751297
87.3	0.062439767175138286
87.4	0.062439767175131736
87.5	0.06243976717513729
87.6	0.06243976717513125
87.7	0.062439767175132894
87.8	0.06243976717513301
87.9	0.0624397671751309
88.0	0.06243976717513348
88.1	0.062439767175130466
88.2	0.06243976717513421
88.3	0.06243976717513232
88.4	0.06243976717513226
88.5	0.06243976717513124
88.6	0.062439767175135275
88.7	0.062439767175135455
88.8	0.06243976717513102
88.9	0.062439767175134255
89.0	0.06243976717513106
89.1	0.06243976717513069
89.2	0.06243976717513607
89.3	0.06243976717513375
89.4	0.06243976717513403
89.5	0.06243976717513197
89.6	0.06243976717512718
89.7	0.06243976717513484
89.8	0.062439767175136225
89.9	0.06243976717513506
90.0	0.06243976717513418
90.1	0.06243976717513188
90.2	0.06243976717513052
90.3	0.06243976717513147
90.4	0.062439767175131854
90.5	0.06243976717513682
90.6	0.06243976717513044
90.7	0.062439767175133026
90.8	0.062439767175135025
90.9	0.062439767175129716
91.0	0.062439767175133436
91.1	0.0624397671751298
91.2	0.06243976717512935
91.3	0.06243976717513285
91.4	0.06243976717513524
91.5	0.06243976717513303
91.6	0.06243976717513366
91.7	0.06243976717513062
91.8	0.062439767175133776
91.9	0.06243976717513268
92.0	0.062439767175131895
92.1	0.062439767175132714
92.2	0.062439767175132964
92.3	0.06243976717513643
92.4	0.06243976717513285
92.5	0.06243976717512935
92.6	0.06243976717513303
92.7	0.062439767175134546
92.8	0.0624397671751347
92.9	0.06243976717513546
93.0	0.06243976717513216
93.1	0.062439767175134504
93.2	0.06243976717513502
93.3	0.062439767175131285
93.4	0.062439767175131076
93.5	0.062439767175136655
93.6	0.06243976717513083
93.7	0.06243976717513323
93.8	0.06243976717513124
93.9	0.06243976717513562
94.0	0.06243976717513101
94.1	0.06243976717513453
94.2	0.062439767175135566
94.3	0.062439767175133776
94.4	0.062439767175136045
94.5	0.06243976717513039
94.6	0.06243976717513406
94.7	0.062439767175133894
94.8	0.06243976717513142
94.9	0.06243976717513553
95.0	0.06243976717513042
95.1	0.06243976717513516
95.2	0.06243976717513156
95.3	0.062439767175136406
95.4	0.06243976717513168
95.5	0.06243976717513501
95.6	0.06243976717513442
95.7	0.06243976717513531
95.8	0.06243976717513275
95.9	0.06243976717513279
96.0	0.06243976717513071
96.1	0.062439767175135795
96.2	0.06243976717513606
96.3	0.0624397671751304
96.4	0.06243976717513359
96.5	0.06243976717513227
96.6	0.062439767175132
96.7	0.06243976717513608
96.8	0.06243976717513531
96.9	0.062439767175133665
97.0	0.06243976717513274
97.1	0.062439767175133366
97.2	0.062439767175131465
97.3	0.06243976717513238
97.4	0.06243976717513343
97.5	0.06243976717513373
97.6	0.062439767175132214
97.7	0.062439767175136766
97.8	0.062439767175132097
97.9	0.06243976717513491
98.0	0.06243976717513502
98.1	0.06243976717513755
98.2	0.06243976717513179
98.3	0.062439767175131736
98.4	0.06243976717513626
98.5	0.06243976717513242
98.6	0.06243976717513563
98.7	0.062439767175134324
98.8	0.06243976717513647
98.9	0.06243976717513429
99.0	0.06243976717513648
99.1	0.062439767175134685
99.2	0.062439767175134095
99.3	0.06243976717513382
99.4	0.06243976717513582
99.5	0.06243976717513188
99.6	0.06243976717513172
99.7	0.062439767175135184
99.8	0.06243976717513757
99.9	0.062439767175132006
100.0	0.062439767175134143
