0.0	0.0
0.1	0.02807139489947802
0.2	0.06771383957842143
0.3	0.09632530650515994
0.4	0.10853197082786474
0.5	0.1057176658065229
0.6	0.09291730302554534
0.7	0.07690138727641341
0.8	0.0639655383354641
0.9	0.057710587739050544
1.0	0.05802250600195106
1.1	0.062202524492384885
1.2	0.06716424227077858
1.3	0.070825596714296
1.4	0.07239846703134764
1.5	0.07210754499698349
1.6	0.07072910556062177
1.7	0.06913662094720388
1.8	0.06796754843673675
1.9	0.06747962924406141
2.0	0.06759300458280869
2.1	0.06804288428113071
2.2	0.06854419115216674
2.3	0.06890070892238191
2.4	0.06904059019077924
2.5	0.06899484132382734
2.6	0.06884823445458463
2.7	0.06868973166538209
2.8	0.06857963679949113
2.9	0.06853886545159121
3.0	0.06855609851275492
3.1	0.0686037293885667
3.2	0.06865366917582001
3.3	0.06868744229817532
3.4	0.06869913103738871
3.5	0.06869280013845609
3.6	0.06867736217918069
3.7	0.06866163863612373
3.8	0.06865128223762766
3.9	0.06864795675223917
4.0	0.06865022840970933
4.1	0.06865522030097204
4.2	0.06866016264888454
4.3	0.0686633302555448
4.4	0.06866426371198264
4.5	0.0686634620811063
4.6	0.06866185147145254
4.7	0.06866030001240278
4.8	0.06865933309608724
4.9	0.0686590750984504
5.0	0.06865935418403506
5.1	0.06865987275628517
5.2	0.06866035907574113
5.3	0.06866065353724388
5.4	0.06866072339751499
5.5	0.06866062728824905
5.6	0.06866046065244816
5.7	0.06866030842544148
5.8	0.06866021896743928
5.9	0.06866020056413143
6.0	0.06866023336233144
6.1	0.06866028680709049
6.2	0.06866033438887552
6.3	0.06866036149564024
6.4	0.0686603661563306
6.5	0.06866035504925862
6.6	0.06866033793910543
6.7	0.06866032308779742
6.8	0.06866031489705095
6.9	0.06866031378681237
7.0	0.06866031752346098
7.1	0.06866032299166326
7.2	0.06866032762032098
7.3	0.06866033008782249
7.4	0.06866033032498867
7.5	0.06866032907511915
7.6	0.06866032733049013
7.7	0.06866032589002698
7.8	0.06866032514911646
7.9	0.06866032510975187
8.0	0.06866032552571423
8.1	0.06866032608142714
8.2	0.0686603265290314
8.3	0.06866032675070327
8.4	0.06866032675201818
8.5	0.06866032661421144
8.6	0.06866032643748192
8.7	0.0686603262986086
8.8	0.06866032623254631
8.9	0.0686603262356019
9.0	0.06866032628107636
9.1	0.06866032633719221
9.2	0.06866032638020929
9.3	0.06866032639981608
9.4	0.06866032639776198
9.5	0.06866032638281441
9.6	0.06866032636502443
9.7	0.06866032635171858
9.8	0.06866032634592936
9.9	0.06866032634691766
10.0	0.06866032635181064
10.1	0.06866032635744648
10.2	0.06866032636155738
10.3	0.06866032636325019
10.4	0.06866032636283668
10.5	0.0686603263612392
10.6	0.06866032635945507
10.7	0.06866032635819169
10.8	0.06866032635769628
10.9	0.06866032635785975
11.0	0.0686603263583842
11.1	0.0686603263589425
11.2	0.06866032635933232
11.3	0.06866032635947517
11.4	0.06866032635941462
11.5	0.06866032635924398
11.6	0.06866032635906802
11.7	0.06866032635894954
11.8	0.06866032635890719
11.9	0.06866032635893027
12.0	0.06866032635898231
12.1	0.06866032635903717
12.2	0.06866032635907865
12.3	0.06866032635908799
12.4	0.06866032635907869
12.5	0.0686603263590605
12.6	0.06866032635904375
12.7	0.0686603263590324
12.8	0.0686603263590317
12.9	0.06866032635903097
13.0	0.06866032635903878
13.1	0.06866032635904296
13.2	0.0686603263590471
13.3	0.06866032635904633
13.4	0.06866032635905088
13.5	0.06866032635904361
13.6	0.06866032635904198
13.7	0.06866032635904454
13.8	0.06866032635903806
13.9	0.06866032635904286
14.0	0.06866032635904305
14.1	0.06866032635904279
14.2	0.06866032635904488
14.3	0.06866032635904303
14.4	0.06866032635904395
14.5	0.06866032635904483
14.6	0.06866032635903964
14.7	0.06866032635904284
14.8	0.0686603263590439
14.9	0.06866032635904244
15.0	0.06866032635904154
15.1	0.06866032635904602
15.2	0.06866032635904386
15.3	0.06866032635904504
15.4	0.06866032635904411
15.5	0.06866032635904136
15.6	0.06866032635904863
15.7	0.06866032635904479
15.8	0.06866032635904669
15.9	0.06866032635904712
16.0	0.06866032635904498
16.1	0.06866032635904
16.2	0.06866032635904273
16.3	0.06866032635904272
16.4	0.0686603263590451
16.5	0.06866032635904498
16.6	0.0686603263590434
16.7	0.06866032635904332
16.8	0.06866032635904323
16.9	0.0686603263590438
17.0	0.06866032635904537
17.1	0.06866032635904289
17.2	0.06866032635904291
17.3	0.06866032635904383
17.4	0.06866032635904264
17.5	0.06866032635904419
17.6	0.06866032635904504
17.7	0.06866032635904344
17.8	0.06866032635904461
17.9	0.0686603263590419
18.0	0.0686603263590479
18.1	0.06866032635904418
18.2	0.06866032635904169
18.3	0.06866032635904307
18.4	0.06866032635904583
18.5	0.06866032635904344
18.6	0.06866032635904466
18.7	0.0686603263590458
18.8	0.06866032635904477
18.9	0.06866032635904319
19.0	0.0686603263590459
19.1	0.06866032635904432
19.2	0.06866032635904577
19.3	0.06866032635904369
19.4	0.068660326359043
19.5	0.06866032635904352
19.6	0.06866032635904079
19.7	0.06866032635904504
19.8	0.06866032635904053
19.9	0.06866032635904551
20.0	0.06866032635904311
20.1	0.06866032635904072
20.2	0.06866032635904468
20.3	0.06866032635904391
20.4	0.06866032635904117
20.5	0.0686603263590401
20.6	0.06866032635904078
20.7	0.06866032635904362
20.8	0.0686603263590446
20.9	0.06866032635904218
21.0	0.06866032635904408
21.1	0.06866032635904303
21.2	0.06866032635904565
21.3	0.06866032635904128
21.4	0.0686603263590426
21.5	0.06866032635904229
21.6	0.06866032635904076
21.7	0.06866032635904144
21.8	0.06866032635904218
21.9	0.06866032635904187
22.0	0.06866032635904264
22.1	0.06866032635904497
22.2	0.06866032635904643
22.3	0.06866032635904427
22.4	0.06866032635904264
22.5	0.06866032635904466
22.6	0.06866032635904458
22.7	0.06866032635904445
22.8	0.06866032635904433
22.9	0.06866032635904168
23.0	0.06866032635904297
23.1	0.06866032635904133
23.2	0.0686603263590456
23.3	0.06866032635904636
23.4	0.06866032635904515
23.5	0.06866032635904394
23.6	0.06866032635904085
23.7	0.06866032635904301
23.8	0.06866032635904183
23.9	0.06866032635904297
24.0	0.06866032635904291
24.1	0.068660326359041
24.2	0.06866032635904139
24.3	0.06866032635904218
24.4	0.06866032635904777
24.5	0.06866032635904352
24.6	0.06866032635904407
24.7	0.06866032635904204
24.8	0.06866032635904447
24.9	0.06866032635904391
25.0	0.06866032635904383
25.1	0.06866032635904612
25.2	0.06866032635904437
25.3	0.06866032635904548
25.4	0.06866032635904439
25.5	0.06866032635904133
25.6	0.06866032635904253
25.7	0.06866032635904519
25.8	0.06866032635904597
25.9	0.06866032635904089
26.0	0.06866032635904609
26.1	0.06866032635904222
26.2	0.06866032635904401
26.3	0.06866032635904147
26.4	0.06866032635904257
26.5	0.06866032635904187
26.6	0.06866032635904379
26.7	0.06866032635904555
26.8	0.0686603263590428
26.9	0.06866032635904516
27.0	0.06866032635904283
27.1	0.06866032635904241
27.2	0.06866032635904466
27.3	0.06866032635904269
27.4	0.0686603263590474
27.5	0.06866032635904128
27.6	0.06866032635904314
27.7	0.06866032635904204
27.8	0.06866032635904178
27.9	0.06866032635904454
28.0	0.0686603263590415
28.1	0.0686603263590402
28.2	0.06866032635904291
28.3	0.06866032635904248
28.4	0.06866032635904697
28.5	0.06866032635904538
28.6	0.06866032635904205
28.7	0.06866032635904515
28.8	0.06866032635904402
28.9	0.06866032635904526
29.0	0.0686603263590448
29.1	0.06866032635904527
29.2	0.06866032635904637
29.3	0.06866032635904507
29.4	0.06866032635904272
29.5	0.06866032635904466
29.6	0.06866032635904412
29.7	0.06866032635904354
29.8	0.06866032635904455
29.9	0.06866032635904327
30.0	0.06866032635904341
30.1	0.06866032635904164
30.2	0.06866032635904186
30.3	0.0686603263590434
30.4	0.06866032635904726
30.5	0.06866032635904196
30.6	0.06866032635904501
30.7	0.06866032635904325
30.8	0.06866032635904523
30.9	0.06866032635904211
31.0	0.06866032635904512
31.1	0.06866032635904669
31.2	0.06866032635904319
31.3	0.06866032635904505
31.4	0.06866032635904588
31.5	0.0686603263590412
31.6	0.06866032635904372
31.7	0.0686603263590448
31.8	0.06866032635904493
31.9	0.06866032635904289
32.0	0.0686603263590436
32.1	0.06866032635904322
32.2	0.06866032635904633
32.3	0.06866032635904672
32.4	0.06866032635904461
32.5	0.06866032635904576
32.6	0.068660326359043
32.7	0.06866032635904469
32.8	0.06866032635904196
32.9	0.06866032635904334
33.0	0.06866032635904495
33.1	0.06866032635904766
33.2	0.06866032635904232
33.3	0.06866032635904486
33.4	0.06866032635904593
33.5	0.06866032635904137
33.6	0.06866032635904779
33.7	0.06866032635904343
33.8	0.06866032635904383
33.9	0.06866032635904687
34.0	0.0686603263590439
34.1	0.06866032635904558
34.2	0.06866032635904297
34.3	0.06866032635904723
34.4	0.06866032635904488
34.5	0.06866032635904505
34.6	0.06866032635904595
34.7	0.06866032635904758
34.8	0.06866032635904382
34.9	0.0686603263590447
35.0	0.06866032635904688
35.1	0.06866032635904364
35.2	0.0686603263590448
35.3	0.06866032635904386
35.4	0.06866032635904465
35.5	0.0686603263590439
35.6	0.06866032635904269
35.7	0.06866032635904427
35.8	0.06866032635904332
35.9	0.0686603263590465
36.0	0.06866032635904255
36.1	0.06866032635904368
36.2	0.06866032635904645
36.3	0.06866032635904182
36.4	0.0686603263590443
36.5	0.06866032635904466
36.6	0.0686603263590437
36.7	0.06866032635904369
36.8	0.06866032635904538
36.9	0.06866032635904556
37.0	0.06866032635904475
37.1	0.06866032635904633
37.2	0.06866032635904652
37.3	0.06866032635904533
37.4	0.06866032635904246
37.5	0.0686603263590433
37.6	0.06866032635904468
37.7	0.06866032635904318
37.8	0.06866032635904386
37.9	0.06866032635904484
38.0	0.06866032635904416
38.1	0.0686603263590447
38.2	0.06866032635904604
38.3	0.06866032635904455
38.4	0.06866032635904669
38.5	0.06866032635904648
38.6	0.06866032635904062
38.7	0.06866032635904772
38.8	0.06866032635904186
38.9	0.06866032635904691
39.0	0.06866032635904297
39.1	0.06866032635904844
39.2	0.06866032635904386
39.3	0.06866032635903975
39.4	0.06866032635904692
39.5	0.06866032635904323
39.6	0.06866032635904636
39.7	0.06866032635904629
39.8	0.06866032635904279
39.9	0.0686603263590456
40.0	0.06866032635904303
40.1	0.06866032635904244
40.2	0.06866032635904439
40.3	0.06866032635904566
40.4	0.06866032635904669
40.5	0.06866032635904469
40.6	0.068660326359043
40.7	0.06866032635904559
40.8	0.06866032635904734
40.9	0.06866032635904357
41.0	0.06866032635904372
41.1	0.06866032635904439
41.2	0.06866032635904401
41.3	0.06866032635904479
41.4	0.06866032635904354
41.5	0.06866032635904669
41.6	0.06866032635904576
41.7	0.06866032635904686
41.8	0.06866032635904551
41.9	0.06866032635904366
42.0	0.06866032635904623
42.1	0.0686603263590429
42.2	0.06866032635904479
42.3	0.06866032635904652
42.4	0.06866032635904462
42.5	0.06866032635904777
42.6	0.06866032635904615
42.7	0.06866032635904465
42.8	0.06866032635904418
42.9	0.06866032635904461
43.0	0.06866032635904769
43.1	0.06866032635904705
43.2	0.06866032635904415
43.3	0.06866032635904619
43.4	0.06866032635904441
43.5	0.06866032635904872
43.6	0.0686603263590439
43.7	0.06866032635904495
43.8	0.06866032635904519
43.9	0.06866032635904368
44.0	0.06866032635904258
44.1	0.06866032635904788
44.2	0.06866032635904586
44.3	0.06866032635904722
44.4	0.06866032635904583
44.5	0.06866032635904024
44.6	0.06866032635904669
44.7	0.06866032635904419
44.8	0.06866032635904437
44.9	0.06866032635904734
45.0	0.06866032635904501
45.1	0.06866032635904733
45.2	0.06866032635904537
45.3	0.06866032635904548
45.4	0.06866032635904931
45.5	0.06866032635904458
45.6	0.06866032635904762
45.7	0.06866032635904543
45.8	0.06866032635904591
45.9	0.06866032635904389
46.0	0.06866032635904647
46.1	0.0686603263590448
46.2	0.06866032635904575
46.3	0.06866032635904386
46.4	0.06866032635904801
46.5	0.06866032635904683
46.6	0.06866032635904241
46.7	0.06866032635904501
46.8	0.06866032635904662
46.9	0.06866032635904584
47.0	0.06866032635904455
47.1	0.06866032635904447
47.2	0.06866032635904379
47.3	0.06866032635904315
47.4	0.06866032635904369
47.5	0.06866032635904193
47.6	0.06866032635904766
47.7	0.06866032635904647
47.8	0.06866032635904697
47.9	0.06866032635904565
48.0	0.06866032635904372
48.1	0.06866032635904613
48.2	0.06866032635904606
48.3	0.06866032635904296
48.4	0.06866032635904472
48.5	0.06866032635904301
48.6	0.06866032635904319
48.7	0.06866032635904726
48.8	0.06866032635904286
48.9	0.06866032635904488
49.0	0.06866032635904477
49.1	0.06866032635904713
49.2	0.06866032635904576
49.3	0.06866032635904384
49.4	0.06866032635904891
49.5	0.06866032635903957
49.6	0.06866032635904576
49.7	0.06866032635904723
49.8	0.06866032635904505
49.9	0.06866032635904772
50.0	0.06866032635904427
50.1	0.06866032635904405
50.2	0.06866032635904486
50.3	0.06866032635904736
50.4	0.06866032635904441
50.5	0.0686603263590497
50.6	0.06866032635904251
50.7	0.06866032635904334
50.8	0.0686603263590478
50.9	0.06866032635904734
51.0	0.0686603263590428
51.1	0.06866032635904565
51.2	0.06866032635904604
51.3	0.06866032635904626
51.4	0.06866032635904463
51.5	0.0686603263590431
51.6	0.06866032635904543
51.7	0.06866032635904408
51.8	0.06866032635904747
51.9	0.06866032635904497
52.0	0.06866032635904587
52.1	0.06866032635904894
52.2	0.06866032635904414
52.3	0.06866032635904193
52.4	0.06866032635904214
52.5	0.06866032635904383
52.6	0.06866032635904445
52.7	0.06866032635904505
52.8	0.06866032635904559
52.9	0.06866032635904466
53.0	0.06866032635904491
53.1	0.06866032635904461
53.2	0.06866032635904644
53.3	0.06866032635904282
53.4	0.06866032635904067
53.5	0.06866032635904532
53.6	0.06866032635904662
53.7	0.0686603263590447
53.8	0.06866032635904361
53.9	0.06866032635904384
54.0	0.0686603263590481
54.1	0.06866032635904475
54.2	0.06866032635904047
54.3	0.06866032635904647
54.4	0.06866032635904347
54.5	0.06866032635904133
54.6	0.06866032635904684
54.7	0.06866032635904376
54.8	0.06866032635904598
54.9	0.06866032635904701
55.0	0.06866032635903943
55.1	0.06866032635904368
55.2	0.06866032635904626
55.3	0.06866032635904781
55.4	0.0686603263590472
55.5	0.06866032635904182
55.6	0.0686603263590477
55.7	0.06866032635904702
55.8	0.06866032635904502
55.9	0.06866032635904783
56.0	0.06866032635904336
56.1	0.06866032635904912
56.2	0.06866032635904379
56.3	0.06866032635904384
56.4	0.06866032635904713
56.5	0.06866032635904493
56.6	0.06866032635904581
56.7	0.06866032635904559
56.8	0.06866032635904229
56.9	0.06866032635904545
57.0	0.0686603263590453
57.1	0.0686603263590458
57.2	0.0686603263590468
57.3	0.06866032635904382
57.4	0.06866032635904226
57.5	0.06866032635904422
57.6	0.06866032635904205
57.7	0.0686603263590443
57.8	0.0686603263590453
57.9	0.0686603263590489
58.0	0.06866032635904633
58.1	0.06866032635904422
58.2	0.068660326359043
58.3	0.06866032635904415
58.4	0.06866032635904244
58.5	0.06866032635904519
58.6	0.06866032635904477
58.7	0.06866032635904783
58.8	0.06866032635904372
58.9	0.06866032635904748
59.0	0.06866032635904816
59.1	0.06866032635904519
59.2	0.06866032635904513
59.3	0.06866032635904537
59.4	0.06866032635904445
59.5	0.0686603263590456
59.6	0.06866032635904483
59.7	0.06866032635904706
59.8	0.06866032635904565
59.9	0.06866032635904488
60.0	0.06866032635904455
60.1	0.06866032635904777
60.2	0.06866032635904284
60.3	0.068660326359045
60.4	0.0686603263590459
60.5	0.0686603263590451
60.6	0.06866032635904393
60.7	0.06866032635904747
60.8	0.06866032635904466
60.9	0.06866032635904744
61.0	0.06866032635904423
61.1	0.06866032635904572
61.2	0.06866032635904566
61.3	0.06866032635904537
61.4	0.06866032635904475
61.5	0.06866032635904523
61.6	0.06866032635904723
61.7	0.06866032635904455
61.8	0.06866032635904674
61.9	0.06866032635904569
62.0	0.06866032635904493
62.1	0.06866032635904297
62.2	0.06866032635904491
62.3	0.06866032635904144
62.4	0.06866032635904565
62.5	0.06866032635904261
62.6	0.06866032635904307
62.7	0.06866032635904677
62.8	0.0686603263590468
62.9	0.06866032635904461
63.0	0.06866032635904477
63.1	0.06866032635904752
63.2	0.0686603263590461
63.3	0.06866032635904687
63.4	0.06866032635904652
63.5	0.06866032635904198
63.6	0.06866032635904455
63.7	0.06866032635904255
63.8	0.06866032635904554
63.9	0.06866032635904414
64.0	0.06866032635904376
64.1	0.0686603263590481
64.2	0.06866032635904816
64.3	0.06866032635904318
64.4	0.06866032635904624
64.5	0.06866032635904824
64.6	0.0686603263590462
64.7	0.06866032635904719
64.8	0.06866032635904873
64.9	0.06866032635904441
65.0	0.06866032635904547
65.1	0.06866032635904383
65.2	0.06866032635904822
65.3	0.06866032635904772
65.4	0.0686603263590476
65.5	0.06866032635904548
65.6	0.068660326359045
65.7	0.06866032635904341
65.8	0.06866032635904563
65.9	0.06866032635904816
66.0	0.06866032635904445
66.1	0.0686603263590451
66.2	0.06866032635904924
66.3	0.068660326359045
66.4	0.06866032635904211
66.5	0.06866032635904586
66.6	0.06866032635904795
66.7	0.06866032635904416
66.8	0.06866032635904414
66.9	0.06866032635904651
67.0	0.06866032635904401
67.1	0.06866032635904522
67.2	0.06866032635904419
67.3	0.06866032635904522
67.4	0.06866032635904586
67.5	0.06866032635904516
67.6	0.06866032635904724
67.7	0.06866032635904604
67.8	0.06866032635904692
67.9	0.06866032635904432
68.0	0.0686603263590466
68.1	0.06866032635904656
68.2	0.0686603263590492
68.3	0.06866032635904736
68.4	0.06866032635904736
68.5	0.0686603263590447
68.6	0.06866032635904494
68.7	0.06866032635904486
68.8	0.0686603263590434
68.9	0.06866032635904606
69.0	0.06866032635904744
69.1	0.06866032635904455
69.2	0.06866032635904716
69.3	0.06866032635904548
69.4	0.06866032635904466
69.5	0.06866032635904522
69.6	0.0686603263590482
69.7	0.06866032635904862
69.8	0.06866032635904311
69.9	0.06866032635904752
70.0	0.06866032635904558
70.1	0.0686603263590462
70.2	0.06866032635904738
70.3	0.06866032635904593
70.4	0.06866032635904713
70.5	0.06866032635904659
70.6	0.06866032635904488
70.7	0.06866032635904652
70.8	0.06866032635904647
70.9	0.06866032635904372
71.0	0.06866032635904841
71.1	0.06866032635904395
71.2	0.0686603263590445
71.3	0.06866032635904121
71.4	0.0686603263590427
71.5	0.06866032635904697
71.6	0.06866032635904512
71.7	0.06866032635904604
71.8	0.06866032635904658
71.9	0.06866032635904881
72.0	0.06866032635904594
72.1	0.06866032635904523
72.2	0.06866032635904674
72.3	0.0686603263590466
72.4	0.06866032635904619
72.5	0.0686603263590458
72.6	0.06866032635904333
72.7	0.06866032635904269
72.8	0.06866032635904354
72.9	0.06866032635904554
73.0	0.06866032635904462
73.1	0.06866032635904602
73.2	0.06866032635904942
73.3	0.0686603263590448
73.4	0.06866032635904497
73.5	0.06866032635904806
73.6	0.06866032635904849
73.7	0.06866032635904838
73.8	0.06866032635904747
73.9	0.06866032635904838
74.0	0.06866032635904674
74.1	0.06866032635904583
74.2	0.06866032635904355
74.3	0.06866032635904422
74.4	0.06866032635904484
74.5	0.06866032635904466
74.6	0.06866032635904795
74.7	0.0686603263590451
74.8	0.06866032635904523
74.9	0.06866032635904516
75.0	0.06866032635904598
75.1	0.06866032635904495
75.2	0.06866032635904375
75.3	0.0686603263590445
75.4	0.0686603263590471
75.5	0.06866032635904579
75.6	0.06866032635904354
75.7	0.06866032635904379
75.8	0.06866032635904558
75.9	0.06866032635904488
76.0	0.06866032635904526
76.1	0.06866032635904414
76.2	0.06866032635904513
76.3	0.0686603263590472
76.4	0.06866032635904828
76.5	0.06866032635904569
76.6	0.06866032635904663
76.7	0.06866032635904652
76.8	0.06866032635904579
76.9	0.06866032635904541
77.0	0.06866032635904233
77.1	0.06866032635904537
77.2	0.06866032635904425
77.3	0.06866032635905188
77.4	0.06866032635904634
77.5	0.0686603263590434
77.6	0.06866032635904654
77.7	0.06866032635905024
77.8	0.0686603263590433
77.9	0.06866032635904538
78.0	0.06866032635904747
78.1	0.06866032635904916
78.2	0.06866032635904605
78.3	0.06866032635904505
78.4	0.06866032635904724
78.5	0.06866032635904537
78.6	0.06866032635904636
78.7	0.06866032635904952
78.8	0.06866032635904155
78.9	0.06866032635904747
79.0	0.06866032635904451
79.1	0.06866032635904545
79.2	0.06866032635904686
79.3	0.06866032635904624
79.4	0.0686603263590417
79.5	0.068660326359045
79.6	0.068660326359046
79.7	0.06866032635905024
79.8	0.06866032635904337
79.9	0.06866032635904705
80.0	0.06866032635904443
80.1	0.06866032635904383
80.2	0.0686603263590427
80.3	0.06866032635904461
80.4	0.06866032635904497
80.5	0.06866032635904441
80.6	0.06866032635904722
80.7	0.06866032635904466
80.8	0.0686603263590452
80.9	0.06866032635904461
81.0	0.06866032635904729
81.1	0.06866032635904723
81.2	0.06866032635904448
81.3	0.06866032635904658
81.4	0.06866032635904387
81.5	0.0686603263590474
81.6	0.0686603263590454
81.7	0.06866032635904694
81.8	0.06866032635904556
81.9	0.06866032635904488
82.0	0.06866032635904723
82.1	0.06866032635904543
82.2	0.06866032635904887
82.3	0.06866032635904538
82.4	0.06866032635904534
82.5	0.06866032635904419
82.6	0.0686603263590424
82.7	0.06866032635904405
82.8	0.06866032635904687
82.9	0.06866032635904912
83.0	0.06866032635904266
83.1	0.06866032635904383
83.2	0.06866032635904334
83.3	0.06866032635904859
83.4	0.0686603263590437
83.5	0.06866032635904334
83.6	0.06866032635904473
83.7	0.0686603263590414
83.8	0.06866032635904543
83.9	0.06866032635904849
84.0	0.06866032635904602
84.1	0.06866032635904533
84.2	0.06866032635904398
84.3	0.06866032635904278
84.4	0.0686603263590409
84.5	0.06866032635904688
84.6	0.06866032635904541
84.7	0.06866032635904758
84.8	0.06866032635904429
84.9	0.06866032635904762
85.0	0.0686603263590467
85.1	0.0686603263590462
85.2	0.06866032635904505
85.3	0.06866032635904451
85.4	0.06866032635904575
85.5	0.06866032635904674
85.6	0.06866032635904537
85.7	0.06866032635904744
85.8	0.06866032635904318
85.9	0.06866032635904862
86.0	0.06866032635904556
86.1	0.06866032635904741
86.2	0.0686603263590461
86.3	0.06866032635904454
86.4	0.06866032635904368
86.5	0.06866032635904688
86.6	0.06866032635904377
86.7	0.0686603263590481
86.8	0.06866032635904472
86.9	0.06866032635904877
87.0	0.06866032635904379
87.1	0.06866032635904724
87.2	0.06866032635904659
87.3	0.06866032635904408
87.4	0.06866032635904394
87.5	0.0686603263590445
87.6	0.06866032635904806
87.7	0.06866032635904282
87.8	0.06866032635904402
87.9	0.06866032635904504
88.0	0.06866032635904472
88.1	0.06866032635904577
88.2	0.06866032635904419
88.3	0.06866032635904305
88.4	0.06866032635904487
88.5	0.06866032635904828
88.6	0.06866032635903993
88.7	0.06866032635904322
88.8	0.06866032635904898
88.9	0.06866032635904659
89.0	0.06866032635904186
89.1	0.06866032635904301
89.2	0.0686603263590475
89.3	0.06866032635904612
89.4	0.06866032635904068
89.5	0.06866032635904394
89.6	0.06866032635904466
89.7	0.06866032635904332
89.8	0.06866032635904684
89.9	0.06866032635904329
90.0	0.06866032635904433
90.1	0.06866032635904569
90.2	0.06866032635904727
90.3	0.06866032635904548
90.4	0.06866032635904809
90.5	0.06866032635904591
90.6	0.0686603263590478
90.7	0.06866032635904455
90.8	0.06866032635904597
90.9	0.06866032635904437
91.0	0.06866032635904537
91.1	0.06866032635904526
91.2	0.06866032635904375
91.3	0.06866032635904368
91.4	0.0686603263590492
91.5	0.06866032635904516
91.6	0.0686603263590483
91.7	0.06866032635904293
91.8	0.06866032635904488
91.9	0.06866032635904433
92.0	0.06866032635904405
92.1	0.06866032635904269
92.2	0.06866032635904526
92.3	0.06866032635904605
92.4	0.06866032635904339
92.5	0.06866032635904377
92.6	0.06866032635904555
92.7	0.0686603263590445
92.8	0.06866032635904314
92.9	0.06866032635904752
93.0	0.06866032635904801
93.1	0.06866032635904595
93.2	0.06866032635904772
93.3	0.06866032635904486
93.4	0.0686603263590452
93.5	0.06866032635904365
93.6	0.06866032635904866
93.7	0.06866032635904463
93.8	0.06866032635904872
93.9	0.06866032635904838
94.0	0.06866032635904767
94.1	0.06866032635904236
94.2	0.06866032635904684
94.3	0.06866032635904634
94.4	0.06866032635904507
94.5	0.06866032635904712
94.6	0.06866032635904845
94.7	0.0686603263590438
94.8	0.06866032635904504
94.9	0.06866032635904662
95.0	0.06866032635904822
95.1	0.06866032635904455
95.2	0.06866032635904729
95.3	0.06866032635904869
95.4	0.06866032635904529
95.5	0.06866032635904568
95.6	0.06866032635904873
95.7	0.06866032635904668
95.8	0.0686603263590455
95.9	0.06866032635904508
96.0	0.06866032635904626
96.1	0.06866032635904695
96.2	0.06866032635904715
96.3	0.06866032635904488
96.4	0.06866032635904597
96.5	0.06866032635904769
96.6	0.0686603263590468
96.7	0.06866032635904595
96.8	0.06866032635904387
96.9	0.06866032635904602
97.0	0.06866032635904311
97.1	0.068660326359047
97.2	0.06866032635904938
97.3	0.0686603263590469
97.4	0.06866032635904465
97.5	0.0686603263590473
97.6	0.06866032635904637
97.7	0.06866032635904612
97.8	0.0686603263590468
97.9	0.06866032635904633
98.0	0.06866032635904414
98.1	0.06866032635904648
98.2	0.06866032635904352
98.3	0.06866032635904577
98.4	0.06866032635904432
98.5	0.068660326359044
98.6	0.06866032635904638
98.7	0.06866032635904273
98.8	0.06866032635904976
98.9	0.06866032635904613
99.0	0.0686603263590475
99.1	0.06866032635904615
99.2	0.06866032635904876
99.3	0.06866032635904784
99.4	0.06866032635904691
99.5	0.0686603263590458
99.6	0.06866032635904401
99.7	0.06866032635904527
99.8	0.0686603263590465
99.9	0.06866032635904387
100.0	0.06866032635904704
