0.0	0.0
0.1	0.035032705363823115
0.2	0.09932123056439018
0.3	0.16057908318481381
0.4	0.2001585392253065
0.5	0.21001697151922546
0.6	0.18973173122499945
0.7	0.14442649016162049
0.8	0.08505938255202258
0.9	0.03038699049326788
1.0	0.011889950882530066
1.1	0.048891470843939994
1.2	0.10745367337222587
1.3	0.1605323622253222
1.4	0.19251535327613367
1.5	0.19690744116342596
1.6	0.17397669317968098
1.7	0.12933302794701432
1.8	0.07436220987212475
1.9	0.028036224961728067
2.0	0.01947872440893767
2.1	0.05699710933029641
2.2	0.11046746980502253
2.3	0.15633727979815443
2.4	0.1811497381416453
2.5	0.17980089648282652
2.6	0.15345271519328477
2.7	0.10844847940539885
2.8	0.056814473661439414
2.9	0.01793429378499853
3.0	0.019495015842104158
3.1	0.05951658707988489
3.2	0.10912600048518228
3.3	0.14863507625896086
3.4	0.1673017313709743
3.5	0.16175960155150262
3.6	0.13418023003949658
3.7	0.09157033696815223
3.8	0.04649379880301224
3.9	0.018435890859557876
4.0	0.028609457414523035
4.1	0.06743470195648771
4.2	0.111435215844265
4.3	0.14456353027499777
4.4	0.15822248628777105
4.5	0.15006585224500654
4.6	0.1227877701395616
4.7	0.08379249081254284
4.8	0.04568387122571513
4.9	0.026490694367601368
5.0	0.04009601396408851
5.1	0.07571754724603016
5.2	0.11406385044524857
5.3	0.14134010609596503
5.4	0.15026078323806524
5.5	0.13923847293961256
5.6	0.11147125473665649
5.7	0.074715639972849
5.8	0.04159794705635293
5.9	0.028822168053848837
6.0	0.045478608444146515
6.1	0.07933078736398062
6.2	0.1132318437074713
6.3	0.1352893521769372
6.4	0.13970022508806212
6.5	0.12597419050084813
6.6	0.09811565870534082
6.7	0.06441434933071732
6.8	0.0374840357397895
6.9	0.031904557398598266
7.0	0.05130965768803057
7.1	0.08280625899340316
7.2	0.11195722836603642
7.3	0.12921331505433623
7.4	0.13031442653938224
7.5	0.11563536748391288
7.6	0.0896187950005006
7.7	0.06060165216491462
7.8	0.04032339726395319
7.9	0.0399292548329121
8.0	0.05940201049628085
8.1	0.08738149881969783
8.2	0.11196386251844387
8.3	0.12524646099979966
8.4	0.12389712803340103
8.5	0.10875333477324654
8.6	0.08442643712247047
8.7	0.059052249095282505
8.8	0.04332265540352917
8.9	0.04583841664337842
9.0	0.0648561616369672
9.1	0.09002885759451636
9.2	0.11090138656152408
9.3	0.12067420664028253
9.4	0.11681920031674718
9.5	0.10077042613743693
9.6	0.07754406980493583
9.7	0.055326297886018484
9.8	0.04395407605754181
9.9	0.04963320425373736
10.0	0.06871101315868491
10.1	0.09134597743206684
10.2	0.10853968542580322
10.3	0.11490088563524864
10.4	0.10899233140588649
10.5	0.09293863393945581
10.6	0.07201422207177385
10.7	0.054043773149904314
10.8	0.047265098296810956
10.9	0.05517632507952833
11.0	0.07315187777275414
11.1	0.09269187796037259
11.2	0.10648403318237323
11.3	0.11034974329848594
11.4	0.10352070945871027
11.5	0.0883849171389
11.6	0.0700900726994536
11.7	0.0557014083640948
11.8	0.051834213170032735
11.9	0.06038046151804548
12.0	0.07678075495581031
12.1	0.09367389272346693
12.2	0.10480584063679034
12.3	0.1067194014582351
12.4	0.09907421765791599
12.5	0.08445289705887313
12.6	0.06794041178069841
12.7	0.05611103234331681
12.8	0.05448138690753417
12.9	0.06376464467774084
13.0	0.07915440645647417
13.1	0.09387164884911692
13.2	0.1024942703719037
13.3	0.10235238864440262
13.4	0.09375298147466424
13.5	0.07970766371183749
13.6	0.06532710613794315
13.7	0.05652634291125415
13.8	0.05738256818581275
13.9	0.06725701629156819
14.0	0.08125273090990863
14.1	0.09349965953039505
14.2	0.09969802671095931
14.3	0.09805644493538986
14.4	0.08938518668104538
14.5	0.07678710755217086
14.6	0.0649784795772678
14.7	0.05887157459126504
14.8	0.06120142605813017
14.9	0.07068841057772686
15.0	0.08294733337316931
15.1	0.09306265620057709
15.2	0.09752696027763044
15.3	0.0950530269311533
15.4	0.08664975354032212
15.5	0.07531213437853268
15.6	0.06532851387509406
15.7	0.06088765922450838
15.8	0.06398377322869844
15.9	0.07306984932527265
16.0	0.08405392416840138
16.1	0.09254681445613469
16.2	0.09554691634420219
16.3	0.09216583847627054
16.4	0.08369200858390702
16.5	0.07322610796771288
16.6	0.06485235127850013
16.7	0.06213721852477675
16.8	0.06624445967960758
16.9	0.0751396924593465
17.0	0.08486692923144683
17.1	0.09160066034115283
17.2	0.09302950020465268
17.3	0.0888608098076605
17.4	0.08071240128249198
17.5	0.07164063335044593
17.6	0.06524769948866864
17.7	0.06422245087674651
17.8	0.06889267637753287
17.9	0.07704248810586624
18.0	0.08523367302821848
18.1	0.09038159080646803
18.2	0.09077521881948401
18.3	0.08645009142400976
18.4	0.07906267416469882
18.5	0.07139962105379798
18.6	0.06649124796256964
18.7	0.0663704963281207
18.8	0.07101768770483224
18.9	0.07835657160164616
19.0	0.08536806920431268
19.1	0.08941821120183689
19.2	0.08912717735890761
19.3	0.0846925118773556
19.4	0.07777579613706921
19.5	0.0710157810807357
19.6	0.06714158899414685
19.7	0.06778110520590835
19.8	0.0725859729024751
19.9	0.0794175490841238
20.0	0.08545706289392846
20.1	0.08841555439125358
20.2	0.08728908104011474
20.3	0.08258914110706635
20.4	0.07613691897608929
20.5	0.07045725626231665
20.6	0.06785478581860359
20.7	0.06937510496239122
20.8	0.07425030079415675
20.9	0.0803351978221149
21.0	0.08518403885657758
21.1	0.08703946920383139
21.2	0.08533914592319398
21.3	0.08081334551828827
21.4	0.07521917480138124
21.5	0.07074459148794954
21.6	0.06917202895192541
21.7	0.07108323701463001
21.8	0.07559364398354292
21.9	0.08081591442432222
22.0	0.0847157118879137
22.1	0.08589301916469576
22.2	0.08399994311447333
22.3	0.07979548702968003
22.4	0.0748853897685657
22.5	0.07118436163108581
22.6	0.07018226408948679
22.7	0.07226534732577189
22.8	0.07651285312579117
22.9	0.08116130540137705
23.0	0.08438840067857713
23.1	0.08500318855534372
23.2	0.08282481162550809
23.3	0.0787124903543362
23.4	0.07427414033479297
23.5	0.07128691136990277
23.6	0.07095474349005501
23.7	0.0733642550137563
23.8	0.07744307066412444
23.9	0.081487617212024
24.0	0.08391662168007305
24.1	0.08386241112656621
24.2	0.08142881146276412
24.3	0.07759748551034
24.4	0.0738791112723929
24.5	0.07175155180342786
24.6	0.07203876919941563
24.7	0.07454518655913715
24.8	0.0781794558301315
24.9	0.08148428490842939
25.0	0.0832147759707742
25.1	0.08277861181017214
25.2	0.08040792552355491
25.3	0.07704417596117337
25.4	0.07399547594208977
25.5	0.07244806271594827
25.6	0.07299010732319522
25.7	0.07536679450041694
25.8	0.07858925042223176
25.9	0.08138058629462841
26.0	0.0826865104893596
26.1	0.08204521180474605
26.2	0.07972946822486779
26.3	0.07664259052733637
26.4	0.0739974984280844
26.5	0.07285479820562143
26.6	0.07364717003137929
26.7	0.07602047874843702
26.8	0.07899148390724163
26.9	0.08136650801457306
27.0	0.08222450477492185
27.1	0.08126327825721602
27.2	0.07889699877953163
27.3	0.0760866524603978
27.4	0.0739507164118329
27.5	0.073326821270939
27.6	0.07442499877390911
27.7	0.07674931990618761
27.8	0.07933381287062333
27.9	0.08115762566049352
28.0	0.08154703742562686
28.1	0.0803997298749997
28.2	0.0782032604170094
28.3	0.0758396099686093
28.4	0.07423443409947823
28.5	0.0739916791699206
28.6	0.07516152910849866
28.7	0.07724517009846782
28.8	0.07941283761457063
28.9	0.08082998101533717
29.0	0.08097794266102948
29.1	0.07983018313942397
29.2	0.07785033383892993
29.3	0.07581514097609135
29.4	0.07451718802133495
29.5	0.07445704110264537
29.6	0.07564118192894301
29.7	0.07757443539668304
29.8	0.0794853192853574
29.9	0.08063030702386928
30.0	0.08057502929422415
30.1	0.07935425400471197
30.2	0.07745931836334326
30.3	0.07565554682284793
30.4	0.07465958266428821
30.5	0.07485077151271806
30.6	0.07612694523896951
30.7	0.07795152819065194
30.8	0.0795833264970896
30.9	0.08038162645417805
31.0	0.08005680832396936
31.1	0.0787700398831472
31.2	0.07705017561133132
31.3	0.07559162329903968
31.4	0.07496442232447036
31.5	0.07538307048704072
31.6	0.07663928812349034
31.7	0.07821332103451951
31.8	0.07949082507772995
31.9	0.07999539322035823
32.0	0.07955599852399621
32.1	0.0783648825790831
32.2	0.07689984617802588
32.3	0.07573626059907144
32.4	0.07531837074463958
32.5	0.07578762445904484
32.6	0.07693944624877969
32.7	0.07830913356816925
32.8	0.07937167568196457
32.9	0.07972920347475401
33.0	0.07924991824621752
33.1	0.07812194816971224
33.2	0.07679176439577651
33.3	0.07579250318148513
33.4	0.07552264629537547
33.5	0.076072750760348
33.6	0.07720272247203146
33.7	0.07845430118714836
33.8	0.07933623478991143
33.9	0.07950900407881666
34.0	0.07891236673155193
34.1	0.07779191683883205
34.2	0.07660990968831895
34.3	0.07584183721469548
34.4	0.07578165763756822
34.5	0.07642786253272986
34.6	0.07749877760639019
34.7	0.07855989184353386
34.8	0.07919947416282012
34.9	0.07918316980414067
35.0	0.07853593695466271
35.1	0.07752876365142813
35.2	0.07656830855058261
35.3	0.0760287936938224
35.4	0.07610266442217765
35.5	0.07673606589640869
35.6	0.07766613557811712
35.7	0.07853024518258675
35.8	0.07900579353715939
35.9	0.07892075410023326
36.0	0.07831455617952741
36.1	0.07742691081959731
36.2	0.07660833708659151
36.3	0.07617998950304282
36.4	0.0763030588039789
36.5	0.07691616778220951
36.6	0.07776909354648151
36.7	0.07852906671918868
36.8	0.07890416791304772
36.9	0.07874964532663246
37.0	0.07812658290466692
37.1	0.07728473029800212
37.2	0.07657081003948636
37.3	0.07627089237400783
37.4	0.0764912992393845
37.5	0.07712736213616855
37.6	0.07791687435571612
37.7	0.07854708838178161
37.8	0.07877349409803262
37.9	0.0785136805716546
38.0	0.07788093691902316
38.1	0.07713826037134663
38.2	0.07658776466772736
38.3	0.07644099852874332
38.4	0.07673583496587788
38.5	0.07733556524751961
38.6	0.0779961068153852
38.7	0.07846689800113019
38.8	0.07857967742870219
38.9	0.07829778355782212
39.0	0.07773436379883093
39.1	0.07711470700917143
39.2	0.07668547233381418
39.3	0.0766091755003912
39.4	0.07690101611104402
39.5	0.07743482625676425
39.6	0.07800182622174427
39.7	0.07839084485119208
39.8	0.07845757962267874
39.9	0.07817473524204943
40.0	0.07764962648663858
40.1	0.0770902563509677
40.2	0.07672731896054727
40.3	0.07670587196437847
40.4	0.07702167469815398
40.5	0.07753759131265996
40.6	0.07804942121176563
40.7	0.07836191619908055
40.8	0.07835453084148826
40.9	0.07802838944807261
41.0	0.07751375644971589
41.1	0.07702946488830455
41.2	0.07677560473704864
41.3	0.0768425631227542
41.4	0.07718453996979577
41.5	0.07765492716207466
41.6	0.07807092868659904
41.7	0.07827696077325377
41.8	0.07819678407588047
41.9	0.07786497556314825
42.0	0.07741930107432572
42.1	0.07704402246111565
42.2	0.0768857335971499
42.3	0.07699221665993473
42.4	0.07730600227182936
42.5	0.07769960455117228
42.6	0.07802769981493779
42.7	0.0781749509797557
42.8	0.07808562865105644
42.9	0.07778951919329231
43.0	0.07740204846508031
43.1	0.07708137894236712
43.2	0.07695634789214101
43.3	0.07706915255994519
43.4	0.07736530101175433
43.5	0.0777264671225008
43.6	0.07801829547249735
43.7	0.07813126043403822
43.8	0.07801710807090351
43.9	0.07771558224332457
44.0	0.07734796225084457
44.1	0.07707145398555142
44.2	0.07700123220011813
44.3	0.07715558445086382
44.4	0.07745941721137946
44.5	0.07778806558425105
44.6	0.07801757500931823
44.7	0.07806283115140071
44.8	0.07790593549515101
44.9	0.07760897331134063
45.0	0.07729563372732584
45.1	0.0770982900982333
45.2	0.07709320555338274
45.3	0.07726860892128955
45.4	0.07754192054921576
45.5	0.07780345130384789
45.6	0.07796153182442513
45.7	0.0779665773089454
45.8	0.07781601181263398
45.9	0.07756320165673124
46.0	0.07730816643827922
46.1	0.07715713715524514
46.2	0.07716897871270774
46.3	0.07732902383023751
46.4	0.07756549703515998
46.5	0.07778816837296507
46.6	0.07792101993950089
46.7	0.07791742425483666
46.8	0.07777328967405255
46.9	0.0775381223712851
47.0	0.0773051424736626
47.1	0.07717637422763568
47.2	0.07720769476933453
47.3	0.07737754782362355
47.4	0.07760780288291691
47.5	0.0778077342028394
47.6	0.0779070765016492
47.7	0.07787034591167907
47.8	0.0777074910708777
47.9	0.07747950569384535
48.0	0.07728061567672677
48.1	0.07719765800679387
48.2	0.07727023392889541
48.3	0.07745781653874813
48.4	0.07766876120198847
48.5	0.07781679247846762
48.6	0.07786001697494459
48.7	0.07779169199260665
48.8	0.07763491723598406
48.9	0.07744397007990454
49.0	0.07729449476089714
49.1	0.07725455482230358
49.2	0.07734353820609179
49.3	0.07751217819108794
49.4	0.07767995436362841
49.5	0.07778538268633962
49.6	0.07780231879834404
49.7	0.07773524717329446
49.8	0.07760453472415432
49.9	0.07744807967370382
50.0	0.07732492515000249
50.1	0.07729654861006326
50.2	0.07737848450142344
50.3	0.07752884208401156
50.4	0.07767789050704879
50.5	0.07776831838250334
50.6	0.07777693502955335
50.7	0.07770984298879469
50.8	0.07758428486548088
50.9	0.07743722535311796
51.0	0.07732959181787805
51.1	0.07731650825599534
51.2	0.0774087218487117
51.3	0.07755992955488833
51.4	0.07769631289551025
51.5	0.07776282364912387
51.6	0.07774823840095525
51.7	0.07766761960049048
51.8	0.07754621114331452
51.9	0.07742204528349367
52.0	0.07734514642982285
52.1	0.07735593235151418
52.2	0.07745517372990654
52.3	0.07759175896302598
52.4	0.0776982751131297
52.5	0.0777358013420521
52.6	0.07770490918670685
52.7	0.07762764413578167
52.8	0.07752754817033808
52.9	0.07743124496243686
53.0	0.07737491817749922
53.1	0.07739255892577411
53.2	0.07748238891460373
53.3	0.07759939138136716
53.4	0.0776866353126129
53.5	0.07771215461897543
53.6	0.0776791683227558
53.7	0.07760972611071965
53.8	0.07752199521234357
53.9	0.07743726762401142
54.0	0.07739008371324245
54.1	0.07741158072038588
54.2	0.07749936350480444
54.3	0.07760979931497915
54.4	0.07768688607130875
54.5	0.07770028572217319
54.6	0.07765887089342217
54.7	0.07758753702469703
54.8	0.07750630555542552
54.9	0.07743585510822715
55.0	0.07740506156481096
55.1	0.07743708356695538
55.2	0.07752531823048447
55.3	0.07762458906601881
55.4	0.07768282941917462
55.5	0.07767915696000086
55.6	0.07762984694099322
55.7	0.07756319665340722
55.8	0.07749769140914167
55.9	0.0774465899614733
56.0	0.07742913235098696
56.1	0.07746381430901082
56.2	0.07754295702324733
56.3	0.07762597675250656
56.4	0.07766893718415421
56.5	0.0776573358577776
56.6	0.07760931322028235
56.7	0.07755228929446666
56.8	0.07749955643378575
56.9	0.07745854035564134
57.0	0.0774457894044888
57.1	0.07747879973694982
57.2	0.07755112964255208
57.3	0.07762561422931646
57.4	0.07766112576405705
57.5	0.07764447955684081
57.6	0.07759589671144429
57.7	0.07754257334999803
57.8	0.07749663562144957
57.9	0.07746400202111758
58.0	0.07745849869109016
58.1	0.07749403296271953
58.2	0.07756329518344572
58.3	0.07762955794661602
58.4	0.0776542531143926
58.5	0.07762917545335644
58.6	0.07757842535595083
58.7	0.07753016001288408
58.8	0.07749495728968833
58.9	0.07747419113929518
59.0	0.07747583358614674
59.1	0.07751108381414748
59.2	0.07757268719069985
59.3	0.07762722657246987
59.4	0.07764165742373619
59.5	0.07761238492951908
59.6	0.07756449911264256
59.7	0.07752488405698948
59.8	0.07749997354652648
59.9	0.07748641484411879
60.0	0.0774897672806282
60.1	0.07752121721456953
60.2	0.07757533295012024
60.3	0.07762223163051671
60.4	0.07763181873450357
60.5	0.07760146571396757
60.6	0.07755649027705477
60.7	0.0775223125030682
60.8	0.07750317738300279
60.9	0.0774940626315975
61.0	0.07749940614993754
61.1	0.07752934502916835
61.2	0.07757920173679685
61.3	0.07762039795557982
61.4	0.07762452135802718
61.5	0.07759119245087599
61.6	0.07754725093918999
61.7	0.07751771864102526
61.8	0.07750537805499091
61.9	0.07750259970589943
62.0	0.07751074555096477
62.1	0.0775387859245836
62.2	0.07758274916011544
62.3	0.07761636167861544
62.4	0.0776145818589357
62.5	0.07757981965378793
62.6	0.07753917875185151
62.7	0.07751634027180589
62.8	0.07751112829832751
62.9	0.0775126701809435
63.0	0.07752067613693109
63.1	0.0775445971490741
63.2	0.07758224270948588
63.3	0.07761019956175602
63.4	0.07760575923606158
63.5	0.07757190319274881
63.6	0.07753513170792303
63.7	0.07751740936461193
63.8	0.07751640919499003
63.9	0.07751986656910226
64.0	0.0775272157468891
64.1	0.07754813189955005
64.2	0.07758173694525178
64.3	0.07760606022950993
64.4	0.07759944606185867
64.5	0.07756559961233929
64.6	0.07753119544204415
64.7	0.0775172380365355
64.8	0.0775201631462526
64.9	0.07752634032171947
65.0	0.07753390997333998
65.1	0.07755236852086322
65.2	0.07758178216887163
65.3	0.07760171773542393
65.4	0.07759235239810164
65.5	0.07755876990620092
65.6	0.07752743159749816
65.7	0.07751813679886332
65.8	0.07752538738010478
65.9	0.07753361687248843
66.0	0.07754008175622126
66.1	0.07755495285184744
66.2	0.07757977088827715
66.3	0.07759610923093914
66.4	0.07758568373153232
66.5	0.07755379232030414
66.6	0.07752603079655664
66.7	0.07752069000902614
66.8	0.07753059366037238
66.9	0.07753922308307146
67.0	0.0775439806581369
67.1	0.07755576189715921
67.2	0.07757740810131285
67.3	0.07759170031746195
67.4	0.07758093929956185
67.5	0.0775503823997387
67.6	0.07752516966960846
67.7	0.07752255724870612
67.8	0.07753443794795907
67.9	0.07754368586038675
68.0	0.07754741660384684
68.1	0.077556858141619
68.2	0.07757576086613344
68.3	0.07758786975782264
68.4	0.07757632772978801
68.5	0.07754685467645467
68.6	0.07752414181068179
68.7	0.07752447745802944
68.8	0.07753859834024779
68.9	0.0775483976465816
69.0	0.07755068365246322
69.1	0.07755737035637911
69.2	0.07757330525936058
69.3	0.07758348423454671
69.4	0.07757189857529448
69.5	0.07754422094987436
69.6	0.07752430364719956
69.7	0.0775272928508702
69.8	0.07754280226034287
69.9	0.0775521949819862
70.0	0.07755260636684226
70.1	0.07755675563074822
70.2	0.07757053387801248
70.3	0.07757978603367649
70.4	0.07756875410762905
70.5	0.0775427524371616
70.6	0.07752498778588923
70.7	0.07752973745408272
70.8	0.07754599748833418
70.9	0.0775549603870605
71.0	0.07755395882076839
71.1	0.07755622409089834
71.2	0.07756838171248753
71.3	0.0775768259116337
71.4	0.0775660618956784
71.5	0.07754136379885804
71.6	0.07752543546835503
71.7	0.07753185000010496
71.8	0.07754898750128848
71.9	0.0775576692423186
72.0	0.07755527092302948
72.1	0.07755562076924329
72.2	0.07756608952190312
72.3	0.07757375608176403
72.4	0.07756348189595288
72.5	0.0775403436393798
72.6	0.07752635646219927
72.7	0.07753432008555106
72.8	0.07755196526112493
72.9	0.07755990442799078
73.0	0.07755588473289235
73.1	0.07755442615994985
73.2	0.07756362883842308
73.3	0.07757107984500897
73.4	0.07756167393945536
73.5	0.07754005346013722
73.6	0.07752762869205514
73.7	0.07753657434716539
73.8	0.07755427071372858
73.9	0.07756138805484192
74.0	0.07755604098592074
74.1	0.07755324886044836
74.2	0.07756163070700164
74.3	0.07756903848774316
74.4	0.07756033038915106
74.5	0.07753989187489285
74.6	0.0775286856591682
74.7	0.07753842336817685
74.8	0.07755621574631959
74.9	0.0775627016546717
75.0	0.07755620335097282
75.1	0.07755220498053732
75.2	0.0775597850742675
75.3	0.07756710322320885
75.4	0.07755907513793917
75.5	0.07753983340366633
75.6	0.07752983426279947
75.7	0.07754031995759862
75.8	0.07755809287208071
75.9	0.07756378658915664
76.0	0.07755606512698336
76.1	0.07755092790565524
76.2	0.07755790365227555
76.3	0.07756539777079025
76.4	0.07755823779821286
76.5	0.07754016245837583
76.6	0.0775311572931229
76.7	0.07754207183221337
76.8	0.07755955541234832
76.9	0.07756439822501279
77.0	0.07755563621143045
77.1	0.07754966764280936
77.2	0.07755634249002144
77.3	0.07756415024728583
77.4	0.07755775562548925
77.5	0.0775405938353604
77.6	0.077532306653283
77.7	0.07754347427409651
77.8	0.07756067954990409
77.9	0.07756483790663417
78.0	0.07755523365927074
78.1	0.07754859306146134
78.2	0.07755501564235888
78.3	0.0775630740616187
78.4	0.0775573408164247
78.5	0.07754100759847028
78.6	0.07753337769953002
78.7	0.07754478327486108
78.8	0.07756171301060948
78.9	0.07756518088131767
79.0	0.0775547490008894
79.1	0.07754748676017431
79.2	0.07755373314087567
79.3	0.07756213393318773
79.4	0.07755712292760977
79.5	0.07754158276496669
79.6	0.07753449576939406
79.7	0.0775459836547927
79.8	0.07756250889979827
79.9	0.07756526487203465
80.0	0.07755411817922807
