0.0	0.0
0.1	0.03762356562632979
0.2	0.10511243173069935
0.3	0.16639493776143893
0.4	0.20272460568238576
0.5	0.20865735023427628
0.6	0.18645561224058999
0.7	0.14240668744635793
0.8	0.08674218779125856
0.9	0.036047761130165897
1.0	0.017444166234541824
1.1	0.048040168763102256
1.2	0.10020449295325189
1.3	0.1474980843801069
1.4	0.17520629299255164
1.5	0.17830957355664628
1.6	0.15829917417174041
1.7	0.1209079786146277
1.8	0.07600212133168828
1.9	0.03896232064595121
2.0	0.030244656279138384
2.1	0.056117209024517
2.2	0.09681065741526027
2.3	0.13241391214658269
2.4	0.15153326344014773
2.5	0.15051863679999053
2.6	0.13119264075120052
2.7	0.09934519446342362
2.8	0.06452341566427468
2.9	0.040169531446247325
3.0	0.03958884239517119
3.1	0.06202221289544446
3.2	0.09278692091170805
3.3	0.11820564528483468
3.4	0.13060286150518488
3.5	0.12786885337179407
3.6	0.11197385284329493
3.7	0.08802659429910535
3.8	0.06398954075590944
3.9	0.049621485804437905
4.0	0.05199226607269597
4.1	0.06891585726909323
4.2	0.09106235310439079
4.3	0.10930481511593264
4.4	0.1180415827256768
4.5	0.11548772925815586
4.6	0.10309790286234342
4.7	0.08504035038846143
4.8	0.06767888567137069
4.9	0.05816345052820138
5.0	0.060897047007668355
5.1	0.07398936169267846
5.2	0.09076121680657859
5.3	0.10427111636967291
5.4	0.11006313061239316
5.5	0.10680994407869855
5.6	0.09600516598538239
5.7	0.08149639389835373
5.8	0.06874771876204178
5.9	0.06310700857938711
6.0	0.06691927291824185
6.1	0.0777758097679015
6.2	0.09032801635067834
6.3	0.09950401055755757
6.4	0.10236431369535022
6.5	0.09848337549139072
6.6	0.08962773393932769
6.7	0.07913952161543165
6.8	0.07100909862271385
6.9	0.06845432051288237
7.0	0.07226261553977817
7.1	0.0803113132286739
7.2	0.0889525794435686
7.3	0.09493067995646454
7.4	0.09644036433448223
7.5	0.09334161504900448
7.6	0.08696841696127364
7.7	0.07969554957697479
7.8	0.07425736950045526
7.9	0.07274610184862208
8.0	0.07562594259178466
8.1	0.08149506565600399
8.2	0.08784758554437604
8.3	0.09226268094168279
8.4	0.09327605464109082
8.5	0.09071645984960987
8.6	0.08564125824879155
8.7	0.07999203119082303
8.8	0.07597517104976967
8.9	0.0751929735221656
9.0	0.07785010406081487
9.1	0.08265061296428604
9.2	0.08750813400515169
9.3	0.09052312066882813
9.4	0.09068517654154995
9.5	0.0881170855015158
9.6	0.08393290231810532
9.7	0.07981736627372989
9.8	0.0773819715820422
9.9	0.07750391718337067
10.0	0.0799545145084153
10.1	0.08355540500828033
10.2	0.08679277278988004
10.3	0.0884802347198841
10.4	0.08814434369981666
10.5	0.0860759305312271
10.6	0.08316025236545517
10.7	0.08053035552665407
10.8	0.07914375010169702
10.9	0.07943360522098228
11.0	0.0811730490610739
11.1	0.08361356153866545
11.2	0.08580985686713186
11.3	0.0869746496523034
11.4	0.08675075437755321
11.5	0.0852923482792671
11.6	0.08318328762171438
11.7	0.08122780396208149
11.8	0.08016216031683222
11.9	0.08037579943255707
12.0	0.0817409869072768
12.1	0.08367077921591279
12.2	0.08539542987328569
12.3	0.08625813477185876
12.4	0.08595686503957804
12.5	0.08465014878666274
12.6	0.08288963414561891
12.7	0.08139675558358765
12.8	0.08075916801763419
12.9	0.08118428503084728
13.0	0.08243352381680615
13.1	0.08394950898962478
13.2	0.085112849108366
13.3	0.08549661268390271
13.4	0.08501340492962327
13.5	0.08391761595615055
13.6	0.08267746004391406
13.7	0.08177884040737986
13.8	0.08153879955660702
13.9	0.08199178303617852
14.0	0.08290167773256832
14.1	0.08388507671284866
14.2	0.08457535889145733
14.3	0.08475089625366504
14.4	0.08439027190551883
14.5	0.08366122369340652
14.6	0.08284948957958198
14.7	0.08225289394960668
14.8	0.0820765612170598
14.9	0.08236452654445875
15.0	0.08299120539212569
15.1	0.08371118657976137
15.2	0.0842520151448508
15.3	0.08441699518658653
15.4	0.08415462687101669
15.5	0.08357535777346013
15.6	0.08291026869386443
15.7	0.08242284847266731
15.8	0.08230356211094045
15.9	0.08258844452432214
16.0	0.08314636165494821
16.1	0.08374072739374304
16.2	0.08413116675023594
16.3	0.08417170224678973
16.4	0.08386530506077103
16.5	0.08335530233391039
16.6	0.08285937925815226
16.7	0.08257468312817498
16.8	0.08259831001147118
16.9	0.08289548513861097
17.0	0.08332494413429391
17.1	0.08370687797369653
17.2	0.08389920291473042
17.3	0.08384847618808464
17.4	0.08359842801845767
17.5	0.08326107115932277
17.6	0.08296820402916023
17.7	0.08282172763874278
17.8	0.08286053106002943
17.9	0.0830541774214965
18.0	0.08332163871268572
18.1	0.08356399805734518
18.2	0.08369802701183959
18.3	0.08368210954228615
18.4	0.08352812346029743
18.5	0.08329580359957804
18.6	0.08307176032269549
18.7	0.0829391591625196
18.8	0.08294724955515811
18.9	0.08309148266777977
19.0	0.08331364389147014
19.1	0.08352469511923905
19.2	0.08364082712982698
19.3	0.08361744157624523
19.4	0.08346731155276986
19.5	0.08325511539696243
19.6	0.08306990652074792
19.7	0.08298669493486757
19.8	0.08303458216481112
19.9	0.08318640938764497
20.0	0.08337339019046949
20.1	0.08351682770177726
20.2	0.08356198423614172
20.3	0.08349903570459569
20.4	0.08336297906422706
20.5	0.08321458592767497
20.6	0.08311296231497023
20.7	0.0830922533749888
20.8	0.08315127619402578
20.9	0.08325866059263941
21.0	0.08336918228854288
21.1	0.0834426956229306
21.2	0.08345759327105312
21.3	0.08341510264299165
21.4	0.08333541498094403
21.5	0.0832487277779208
21.6	0.08318473662325356
21.7	0.0831636967514203
21.8	0.08319096599509343
21.9	0.08325581688475267
22.0	0.08333472739199567
22.1	0.08339891173925508
22.2	0.08342441409109877
22.3	0.0834012867391954
22.4	0.08333813756343966
22.5	0.08325969128007324
22.6	0.0831974992512873
22.7	0.08317697196683048
22.8	0.0832062381195185
22.9	0.08327230668633852
23.0	0.08334669813070646
23.1	0.08339800637265772
23.2	0.08340564082986332
23.3	0.08336849870671065
23.4	0.08330467572333913
23.5	0.08324256116748015
23.6	0.08320780206331001
23.7	0.08321243380259909
23.8	0.08325092747286339
23.9	0.0833042700661616
24.0	0.08334946929080811
24.1	0.08336964277835372
24.2	0.0833601152681574
24.3	0.08332843462134495
24.4	0.08328939636523953
24.5	0.08325816766248144
24.6	0.08324466267311897
24.7	0.08325105974776548
24.8	0.08327261938767766
24.9	0.08330056916178773
25.0	0.08332540987757296
25.1	0.08333955740165305
25.2	0.08333905622226852
25.3	0.08332443099263032
25.4	0.08330061235290927
25.5	0.08327574679000353
25.6	0.0832588236005939
25.7	0.08325651391779909
25.8	0.08327027517989115
25.9	0.08329515725897428
26.0	0.08332130532827188
26.1	0.08333787974150339
26.2	0.08333778004002879
26.3	0.083320979913116
26.4	0.08329476495299984
26.5	0.08327056214758206
26.6	0.08325875137113273
26.7	0.08326395641560831
26.8	0.08328311314144597
26.9	0.08330717786348324
27.0	0.08332552241085066
27.1	0.08333080505423908
27.2	0.08332198399877133
27.3	0.083304183982454
27.4	0.08328576948429689
27.5	0.08327431237625493
27.6	0.08327346317816507
27.7	0.08328201507890044
27.8	0.08329522806742162
27.9	0.08330741467331684
28.0	0.08331437444481189
28.1	0.08331463398785179
28.2	0.08330928277143047
28.3	0.08330092226183072
28.4	0.0832924734532082
28.5	0.0832863490735743
28.6	0.08328408110175833
28.7	0.08328619550427452
28.8	0.0832921164998246
28.9	0.0833001175796768
29.0	0.08330756381953366
29.1	0.08331164783733631
29.2	0.0833104967872464
29.3	0.08330417087610331
29.4	0.08329496009804313
29.5	0.08328663689122896
29.6	0.0832828537095526
29.7	0.08328540605951214
29.8	0.08329326633979565
29.9	0.08330295785996016
30.0	0.0833101482488485
30.1	0.08331169256178297
30.2	0.0833071044811193
30.3	0.08329871680540976
30.4	0.08329047053434308
30.5	0.08328598278252242
30.6	0.08328689060344018
30.7	0.08329226709183335
30.8	0.083299304479981
30.9	0.08330480912199348
31.0	0.08330669336618275
31.1	0.08330474166231622
31.2	0.08330038700912519
31.3	0.08329577357677728
31.4	0.08329269255815878
31.5	0.0832919250618214
31.6	0.08329320464359145
31.7	0.08329564626116952
31.8	0.08329828480998465
31.9	0.08330041259601635
32.0	0.08330162877211184
32.1	0.08330173514597342
32.2	0.0833006771736188
32.3	0.08329861903244536
32.4	0.08329606874568662
32.5	0.08329387368448982
32.6	0.08329296560406452
32.7	0.08329391649972717
32.8	0.0832965455016623
32.9	0.08329985171521254
33.0	0.0833023904592581
33.1	0.08330294994357079
33.2	0.08330118464711497
33.3	0.08329784911248259
33.4	0.08329447251679947
33.5	0.08329261851146105
33.6	0.08329311226700933
33.7	0.0832956431698157
33.8	0.08329894828544722
33.9	0.08330146781553587
34.0	0.08330211737748218
34.1	0.08330077536187284
34.2	0.0832982551856936
34.3	0.08329581881676809
34.4	0.08329452400590379
34.5	0.0832947548979015
34.6	0.08329614900762022
34.7	0.0832978992266326
34.8	0.08329921641607599
34.9	0.0832996869563687
35.0	0.08329936205015513
35.1	0.08329859368297914
35.2	0.0832977707229371
35.3	0.08329713063432422
35.4	0.08329673381532854
35.5	0.08329656203159921
35.6	0.08329662528775837
35.7	0.08329697749004016
35.8	0.08329763022343004
35.9	0.0832984465216957
36.0	0.0832991230362587
36.1	0.08329930969375299
36.2	0.08329881327372689
36.3	0.08329775761252285
36.4	0.08329658148536763
36.5	0.08329584614081108
36.6	0.08329594402370291
36.7	0.08329687194003375
36.8	0.08329820627887305
36.9	0.08329930662472582
37.0	0.08329964302457346
37.1	0.08329906920071144
37.2	0.0832978923357678
37.3	0.08329670367505083
37.4	0.08329606704615389
37.5	0.08329623734672788
37.6	0.08329705669919898
37.7	0.08329807080141692
37.8	0.08329878606757891
37.9	0.08329891878288796
38.0	0.08329850577405273
38.1	0.08329783512215924
38.2	0.08329725867383705
38.3	0.08329700491457108
38.4	0.08329709331340504
38.5	0.08329737841674366
38.6	0.08329767307179678
38.7	0.08329786247666207
38.8	0.0832979419549458
38.9	0.08329797142945113
39.0	0.08329799592184542
39.1	0.08329799766733553
39.2	0.0832979147809165
39.3	0.08329770857439281
39.4	0.08329742414524263
39.5	0.08329719204448369
39.6	0.08329716006672543
39.7	0.08329739519768935
39.8	0.08329782133392151
39.9	0.08329824018666095
40.0	0.0832984316225802
40.1	0.08329827816435058
40.2	0.08329783952245882
40.3	0.08329732963971018
40.4	0.08329700543390951
40.5	0.08329702895071311
40.6	0.08329738094859124
40.7	0.08329787423550034
40.8	0.0832982575815562
40.9	0.08329835009536611
41.0	0.0832981309931194
41.1	0.08329773811513067
41.2	0.08329738214856933
41.3	0.08329723004416119
41.4	0.0832973240341619
41.5	0.08329757680466308
41.6	0.08329783670490515
41.7	0.08329797812319954
41.8	0.08329796311354323
41.9	0.08329784359564604
42.0	0.08329771215764271
42.1	0.08329763892346514
42.2	0.08329763516868166
42.3	0.08329766211136534
42.4	0.08329767200584402
42.5	0.0832976489281965
42.6	0.08329762012539546
42.7	0.08329763154406439
42.8	0.08329770694967517
42.9	0.08329782146335221
43.0	0.08329791018596745
43.1	0.08329790819605111
43.2	0.08329779611411851
43.3	0.08329762030411626
43.4	0.08329747212435909
43.5	0.0832974366804442
43.6	0.08329754158039163
43.7	0.08329773734542946
43.8	0.08329792249994783
43.9	0.08329799949095167
44.0	0.08329792900027172
44.1	0.08329775115723664
44.2	0.08329756185290552
44.3	0.08329745869042177
44.4	0.08329748821850642
44.5	0.08329762411435844
44.6	0.08329778682802058
44.7	0.0832978909348063
44.8	0.08329789155398705
44.9	0.08329780385174024
45.0	0.08329768719115266
45.1	0.08329760658480073
45.2	0.08329759601673625
45.3	0.08329764457972874
45.4	0.08329771067167288
45.5	0.08329775217298657
45.6	0.0832977522004654
45.7	0.08329772502076216
45.8	0.08329770081860553
45.9	0.08329770169109668
46.0	0.08329772585377652
46.1	0.08329775028795898
46.2	0.0832977490160965
46.3	0.08329771367520139
46.4	0.08329766181314906
46.5	0.08329762684892413
46.6	0.08329763607993368
46.7	0.08329769126202383
46.8	0.08329776486802702
46.9	0.08329781515325096
47.0	0.08329781109304303
47.1	0.08329775180520409
47.2	0.08329766827894686
47.3	0.08329760604460437
47.4	0.08329759905922358
47.5	0.08329765035957339
47.6	0.0832977308121029
47.7	0.08329779633315576
47.8	0.0832978130523633
47.9	0.08329777559095258
48.0	0.08329770826159022
48.1	0.0832976494451276
48.2	0.08329762917590065
48.3	0.0832976532864858
48.4	0.08329770271103154
48.5	0.08329774704068496
48.6	0.083297763138478
48.7	0.08329774742161267
48.8	0.08329771520048061
48.9	0.08329768883661466
49.0	0.08329768309615244
49.1	0.0832976970148629
49.2	0.08329771669917635
49.3	0.08329772622339585
49.4	0.08329771885187005
49.5	0.08329770116597243
49.6	0.08329768776748947
49.7	0.08329769055220836
49.8	0.08329770998287425
49.9	0.08329773425073116
50.0	0.08329774687586554
50.1	0.08329773771961418
50.2	0.08329771016104116
50.3	0.08329767967784392
50.4	0.08329766459666134
50.5	0.08329767477619097
50.6	0.08329770530397104
50.7	0.08329773915164915
50.8	0.08329775717567296
50.9	0.08329774936324862
51.0	0.08329772055105045
51.1	0.08329768731039534
51.2	0.08329766807341431
51.3	0.08329767254277819
51.4	0.08329769662834789
51.5	0.08329772561062906
51.6	0.0832977432356023
51.7	0.08329774106725468
51.8	0.08329772261068721
51.9	0.08329770016837298
52.0	0.08329768684607107
52.1	0.08329768883889374
52.2	0.08329770256936499
52.3	0.08329771796762117
52.4	0.08329772535398697
52.5	0.08329772138369841
52.6	0.08329771044975139
52.7	0.08329770104376408
52.8	0.08329769978064391
52.9	0.08329770709129129
53.0	0.08329771727466145
53.1	0.08329772264789725
53.2	0.08329771889412056
53.3	0.08329770804336718
53.4	0.08329769717320357
53.5	0.08329769374350898
53.6	0.08329770064219834
53.7	0.08329771415900596
53.8	0.08329772618847112
53.9	0.08329772925652668
54.0	0.08329772119393836
54.1	0.08329770653497214
54.2	0.08329769379531488
54.3	0.08329769034425571
54.4	0.08329769803283651
54.5	0.0832977122088176
54.6	0.08329772462464002
54.7	0.083297728377081
54.8	0.08329772185947193
54.9	0.08329770941921485
55.0	0.08329769848765554
55.1	0.08329769507052785
55.2	0.08329770036733732
55.3	0.08329771045561937
55.4	0.08329771902283956
55.5	0.08329772129981261
55.6	0.0832977167479168
55.7	0.08329770897331557
55.8	0.08329770313354724
55.9	0.08329770261656073
56.0	0.08329770709562623
56.1	0.08329771306763809
56.2	0.0832977163612261
56.3	0.08329771489812998
56.4	0.08329770993314754
56.5	0.08329770506047227
56.6	0.08329770373291458
56.7	0.0832977069580933
56.8	0.08329771265714456
56.9	0.0832977170550459
57.0	0.08329771715985589
57.1	0.08329771271658208
57.2	0.08329770639311941
57.3	0.08329770210291307
57.4	0.08329770254788707
57.5	0.08329770753384916
57.6	0.08329771409765017
57.7	0.08329771833729951
57.8	0.08329771778612337
57.9	0.08329771286636252
58.0	0.0832977065620778
58.1	0.08329770256404541
58.2	0.0832977030592191
58.3	0.08329770750859244
58.4	0.08329771310423156
58.5	0.08329771655152017
58.6	0.0832977160402169
58.7	0.08329771221217619
58.8	0.0832977076038191
58.9	0.08329770499300262
59.0	0.08329770571826951
59.1	0.08329770899037174
59.2	0.08329771254793455
59.3	0.08329771416474648
59.4	0.0832977130239829
59.5	0.08329771011802302
59.6	0.08329770748812797
59.7	0.08329770685210718
59.8	0.08329770851990898
59.9	0.0832977112676694
60.0	0.08329771320243097
60.1	0.08329771302161519
60.2	0.08329771084701132
60.3	0.08329770811540668
60.4	0.08329770662534848
60.5	0.0832977073714354
60.6	0.08329770991273766
60.7	0.08329771266347143
60.8	0.08329771390259946
60.9	0.08329771285312036
61.0	0.0832977101550409
61.1	0.08329770745132359
61.2	0.0832977063643917
61.3	0.08329770750940084
61.4	0.08329771014844219
61.5	0.08329771267680383
61.6	0.08329771361663514
61.7	0.08329771249555497
61.8	0.08329771008263159
61.9	0.0832977078672598
62.0	0.08329770713170127
62.1	0.08329770819818832
62.2	0.08329771029661091
62.3	0.08329771209846568
62.4	0.0832977125548167
62.5	0.08329771151079624
62.6	0.08329770973539562
62.7	0.08329770838408368
62.8	0.08329770825931447
62.9	0.0832977093374339
63.0	0.08329771083926496
63.1	0.0832977117686303
63.2	0.08329771155614725
63.3	0.08329771039865852
63.4	0.08329770909608739
63.5	0.08329770851228878
63.6	0.08329770901744428
63.7	0.08329771026567752
63.8	0.08329771143641543
63.9	0.08329771177071232
64.0	0.08329771105406644
64.1	0.0832977097427535
64.2	0.08329770866420043
64.3	0.08329770849113505
64.4	0.08329770932452159
64.5	0.08329771064209723
64.6	0.08329771163422878
64.7	0.08329771170789063
64.8	0.08329771084295749
64.9	0.08329770958660923
65.0	0.08329770870193108
65.1	0.08329770869839205
65.2	0.08329770953524555
65.3	0.08329771067135666
65.4	0.08329771141568111
65.5	0.08329771135123736
65.6	0.08329771057106633
65.7	0.08329770959216616
65.8	0.08329770901683789
65.9	0.08329770916172619
66.0	0.08329770988315831
66.1	0.08329771069472722
66.2	0.08329771108844153
66.3	0.08329771085001161
66.4	0.08329771017365932
66.5	0.08329770951641795
66.6	0.0832977092963838
66.7	0.08329770963142877
66.8	0.08329771027967031
66.9	0.08329771080944379
67.0	0.08329771088154315
67.1	0.08329771046144087
67.2	0.0832977098307861
67.3	0.08329770939865751
67.4	0.08329770943856504
67.5	0.08329770991913613
67.6	0.08329771053152654
67.7	0.08329771089002594
67.8	0.08329771077505518
67.9	0.08329771026568712
68.0	0.08329770968278895
68.1	0.08329770938428155
68.2	0.08329770954393884
68.3	0.08329771005082716
68.4	0.08329771058696674
68.5	0.08329771082882398
68.6	0.0832977106442455
68.7	0.08329771016443742
68.8	0.08329770969231602
68.9	0.08329770951049098
69.0	0.08329770971089549
69.1	0.08329771014910162
69.2	0.08329771054518216
69.3	0.08329771066190642
69.4	0.08329771044714512
69.5	0.08329771005495606
69.6	0.08329770973879311
69.7	0.0832977096893745
69.8	0.08329770992026315
69.9	0.08329771026946792
70.0	0.08329771051002803
70.1	0.0832977104954407
70.2	0.08329771024753595
70.3	0.08329770993477087
70.4	0.0832977097595327
70.5	0.08329770982904479
70.6	0.08329771009138784
70.7	0.08329771037404393
70.8	0.08329771049681953
70.9	0.08329771038552677
71.0	0.08329771011534048
71.1	0.08329770985915914
71.2	0.08329770977669222
71.3	0.08329770991527735
71.4	0.08329771018389827
71.5	0.08329771041379093
71.6	0.08329771046518428
71.7	0.08329771031236344
71.8	0.08329771005543925
71.9	0.08329770985429887
72.0	0.08329770982844582
72.1	0.08329770998570933
72.2	0.08329771022230792
72.3	0.08329771039124853
72.4	0.08329771039399297
72.5	0.08329771023817135
72.6	0.08329771002750691
72.7	0.08329770989339613
72.8	0.08329770991300131
72.9	0.08329771006488311
73.0	0.08329771024752984
73.1	0.08329771034630522
73.2	0.0832977103049806
73.3	0.08329771015742743
73.4	0.08329771000185988
73.5	0.08329770993636297
73.6	0.08329770999768775
73.7	0.08329771014118434
73.8	0.08329771027251583
73.9	0.08329771030897853
74.0	0.08329771023095196
74.1	0.08329771009170261
74.2	0.0832977099811772
74.3	0.08329770996826351
74.4	0.08329771005834519
74.5	0.08329771019211514
74.6	0.08329771028479158
74.7	0.08329771027977985
74.8	0.08329771018293933
74.9	0.08329771005684884
75.0	0.08329770998009421
75.1	0.08329770999819854
75.2	0.08329771009673834
75.3	0.08329771021248959
75.4	0.08329771027418369
75.5	0.08329771024654649
75.6	0.0832977101503896
75.7	0.0832977100474172
75.8	0.08329771000058613
75.9	0.08329771003550662
76.0	0.08329771012655939
76.1	0.08329771021512258
76.2	0.08329771024717827
76.3	0.08329771020626707
76.4	0.08329771012167794
76.5	0.08329771004803323
76.6	0.08329771003026744
76.7	0.08329771007633727
76.8	0.08329771015413917
76.9	0.08329771021346183
77.0	0.08329771021809326
77.1	0.08329771016771902
77.2	0.08329771009646984
77.3	0.08329771005006249
77.4	0.08329771005671142
77.5	0.08329771011022892
77.6	0.08329771017526276
77.7	0.08329771021054684
77.8	0.0832977101949301
77.9	0.0832977101398126
78.0	0.08329771008086294
78.1	0.08329771005493102
78.2	0.08329771007707724
78.3	0.08329771013202822
78.4	0.08329771018472697
78.5	0.08329771020276805
78.6	0.0832977101763078
78.7	0.08329771012326187
78.8	0.08329771007719634
78.9	0.08329771006600198
79.0	0.08329771009501552
79.1	0.08329771014469445
79.2	0.08329771018371626
79.3	0.08329771018875752
79.4	0.08329771015843067
79.5	0.08329771011311082
79.6	0.0832977100813538
79.7	0.08329771008195604
79.8	0.08329771011281413
79.9	0.08329771015330996
80.0	0.08329771017789545
