0.0	0.0
0.1	0.006896065639502601
0.2	0.021086704385767006
0.3	0.03767127398445838
0.4	0.05341515620117514
0.5	0.06604202471886579
0.6	0.07409340188522694
0.7	0.07685291311739115
0.8	0.07428436282860272
0.9	0.06697178600630725
1.0	0.05604884512944556
1.1	0.043102691032581075
1.2	0.030044188817931295
1.3	0.018952089696114748
1.4	0.011888466905955736
1.5	0.010430742666274919
1.6	0.014464627930774918
1.7	0.022071408236057258
1.8	0.031060666496207253
1.9	0.03964992674114017
2.0	0.04653248547392169
2.1	0.050869292270439494
2.2	0.052272193054567186
2.3	0.050775695098024404
2.4	0.04679348894161164
2.5	0.04105622373268414
2.6	0.0345267890906349
2.7	0.02828884617111897
2.8	0.023400100601649272
2.9	0.020694377943949956
3.0	0.0205445821569922
3.1	0.022720653282863528
3.2	0.02650633686434897
3.3	0.03098845401422991
3.4	0.03529872101767941
3.5	0.03874585694532575
3.6	0.040873564414001064
3.7	0.041477733685841844
3.8	0.040597877691933404
3.9	0.03848849776470536
4.0	0.03557245283642675
4.1	0.032377234575977944
4.2	0.02945534411989086
4.3	0.027292574768384145
4.4	0.02621583029974019
4.5	0.026325475009402813
4.6	0.027484300519039266
4.7	0.029370171163098084
4.8	0.031569526404663345
4.9	0.03367004420728232
5.0	0.03533027300843556
5.1	0.036321712761361646
5.2	0.03654692418702102
5.3	0.03603826820032385
5.4	0.03494090953375828
5.5	0.033482969551057576
5.6	0.0319357525958868
5.7	0.030567962305234474
5.8	0.02959980593418151
5.9	0.02916528169968274
6.0	0.029291821879089606
6.1	0.02990322963202569
6.2	0.030844455836155422
6.3	0.03191952793213151
6.4	0.03293153902272308
6.5	0.03371615958523376
6.6	0.034164354508460205
6.7	0.034233259459415646
6.8	0.03394595692400245
6.9	0.033381732295362655
7.0	0.032658889645156175
7.1	0.03191271534302623
7.2	0.0312717872543664
7.3	0.030836382610021973
7.4	0.03066283914049222
7.5	0.030756884647274337
7.6	0.031077011118627977
7.7	0.031546479909315514
7.8	0.03207055650320756
7.9	0.03255487091403629
8.0	0.03292136189194642
8.1	0.033119486873459406
8.2	0.033131654013691156
8.3	0.03297285523249126
8.4	0.03268521938586342
8.5	0.032328740914524715
8.6	0.03196983645562996
8.7	0.03166963743118404
8.8	0.03147396780076243
8.9	0.031406681638074675
9.0	0.03146739787887954
9.1	0.03163376144021652
9.2	0.03186742171654149
9.3	0.032122235466318136
9.4	0.03235294657255879
9.5	0.03252276087928385
9.6	0.03260867564139303
9.7	0.03260396733814907
9.8	0.032517764135967686
9.9	0.03237206875917799
10.0	0.032196932461281205
10.1	0.03202470068058953
10.2	0.031884340074324224
10.3	0.03179679536682202
10.4	0.031772105297243614
10.5	0.03180865491222308
10.6	0.03189452357092001
10.7	0.03201049964844751
10.8	0.032134063703406185
10.9	0.03224354163527358
11.0	0.032321694907436825
11.1	0.032358202576065954
11.2	0.03235074062459974
11.3	0.03230462458361668
11.4	0.032231212794050675
11.5	0.03214544467863339
11.6	0.03206299484285181
11.7	0.0319975500034057
11.8	0.03195865951992617
11.9	0.03195048084354498
12.0	0.0319715615942409
12.1	0.03201560531748078
12.2	0.03207299751778674
12.3	0.032132754857355235
12.4	0.03218452035590136
12.5	0.03222025956405973
12.6	0.032235400866787334
12.7	0.032229283636962654
12.8	0.03220490649478656
12.9	0.032168083547992894
13.0	0.03212620352312639
13.1	0.032086835031010626
13.2	0.03205642641834367
13.3	0.032039312428114836
13.4	0.032037170283272846
13.5	0.03204897855687646
13.6	0.032071440459800114
13.7	0.03209975598451815
13.8	0.03212857774531172
13.9	0.03215296975365396
14.0	0.03216920583313669
14.1	0.03217528793906428
14.2	0.032171123721566
14.3	0.03215836564296486
14.4	0.0321399702278042
14.5	0.0321195773204835
14.6	0.032100830367758335
14.7	0.03208675799895486
14.8	0.03207931632132595
14.9	0.032079155331031235
15.0	0.03208562894027037
15.1	0.032097024605118187
15.2	0.032110953057288415
15.3	0.03212481676349755
15.4	0.0321362700087399
15.5	0.03214359328109182
15.6	0.03214592660483916
15.7	0.03214333560301043
15.8	0.03213671474387407
15.9	0.03212755920991033
16.0	0.03211765604012126
16.1	0.032108754190383976
16.2	0.03210227133505965
16.3	0.03209908380961858
16.4	0.03209942779180457
16.5	0.03210291833267749
16.6	0.03210867214858136
16.7	0.03211550368391254
16.8	0.03212215430136054
16.9	0.03212751258076116
17.0	0.032130789175607605
17.1	0.03213162082706035
17.2	0.03213009251546288
17.3	0.0321266816009799
17.4	0.03212214062886442
17.5	0.0321173443020332
17.6	0.03211312984469915
17.7	0.03211015843007822
17.8	0.03210881924960153
17.9	0.03210918859086814
18.0	0.032111045809604846
18.1	0.032113938230996834
18.2	0.032117279428976735
18.3	0.0321204610999864
18.4	0.03212295828010125
18.5	0.032124410674024
18.6	0.032124668523581576
18.7	0.032123798530505274
18.8	0.032122052530196496
18.9	0.03211980766995378
19.0	0.032117490862295935
19.1	0.03211550177183911
19.2	0.032114147532358715
19.3	0.03211359918893594
19.4	0.03211387525423674
19.5	0.032114852667857234
19.6	0.03211630076644101
19.7	0.03211793036983273
19.8	0.032119448252875944
19.9	0.03212060726117846
20.0	0.03212124397300013
20.1	0.032121298673800425
20.2	0.03212081589420997
20.3	0.03211992721881183
20.4	0.03211882091979223
20.5	0.03211770478189966
20.6	0.03211676905208549
20.7	0.03211615578686844
20.8	0.032115939207042955
20.9	0.0321161193767208
21.0	0.03211662904834291
21.1	0.03211735129508907
21.2	0.03211814394114036
21.3	0.03211886601555914
21.4	0.03211940155449905
21.5	0.032119676959544215
21.6	0.032119669564260975
21.7	0.03211940676959726
21.8	0.03211895676691156
21.9	0.032118413199915166
22.0	0.03211787692690212
22.1	0.03211743824481145
22.2	0.032117162547700286
22.3	0.03211708153527188
22.4	0.03211719095027021
22.5	0.03211745462508934
22.6	0.032117813567793106
22.7	0.03211819808001813
22.8	0.03211854057047116
22.9	0.03211878682598227
23.0	0.03211890397075693
23.1	0.03211888407022099
23.2	0.032118743170874736
23.3	0.032118516361120945
23.4	0.03211825005869633
23.5	0.03211799308924602
23.6	0.03211778818118772
23.7	0.03211766528102293
23.8	0.03211763765498925
23.9	0.03211770118068842
24.0	0.03211783665412306
24.1	0.032118014441862144
24.2	0.03211820047235053
24.3	0.03211836242601436
24.4	0.0321184750558441
24.5	0.03211852381620662
24.6	0.032118506340803515
24.7	0.032118431718012826
24.8	0.032118317890125675
24.9	0.03211818779113426
25.0	0.032118064994851446
25.1	0.032117969656763175
25.2	0.03211791541097896
25.3	0.03211790766028618
25.4	0.03211794342068383
25.5	0.03211801260298418
25.6	0.03211810038124848
25.7	0.032118190145772635
25.8	0.032118266485633463
25.9	0.03211831769207457
26.0	0.03211833740241792
26.1	0.032118325185132024
26.2	0.032118286064620916
26.3	0.03211822916450086
26.4	0.03211816578090815
26.5	0.03211810726540899
26.6	0.032118063094248424
26.7	0.03211803943421882
26.8	0.03211803840251958
26.9	0.03211805808201166
27.0	0.03211809321944583
27.1	0.03211813642504649
27.2	0.032118179623627036
27.3	0.03211821548780589
27.4	0.03211823861185291
27.5	0.032118246251021686
27.6	0.03211823854111749
27.7	0.032118218209143796
27.8	0.03211818987112574
27.9	0.03211815907442419
28.0	0.032118131270584445
28.1	0.03211811089942407
28.2	0.03211810072942166
28.3	0.032118101542616725
28.4	0.032118112185575774
28.5	0.032118129944045594
28.6	0.0321181511476682
28.7	0.032118171881016885
28.8	0.032118188670455274
28.9	0.03211819903253461
29.0	0.03211820180372744
29.1	0.0321181972157743
29.2	0.03211818672735722
29.3	0.032118172663222956
29.4	0.032118157739762856
29.5	0.03211814456797237
29.6	0.03211813522031289
29.7	0.03211813092890911
29.8	0.03211813195425891
29.9	0.03211813763085081
30.0	0.0321181465656852
30.1	0.032118156941857774
30.2	0.032118166865927784
30.3	0.032118174696211796
30.4	0.03211817929801036
30.5	0.0321181801891747
30.6	0.032118177561624155
30.7	0.03211817218639676
30.8	0.032118165229376654
30.9	0.03211815801696937
31.0	0.032118151796271074
31.1	0.03211814753084063
31.2	0.03211814576347887
31.3	0.0321181465630156
31.4	0.032118149556514416
31.5	0.03211815403330117
31.6	0.032118159096824875
31.7	0.03211816383387877
31.8	0.03211816747107176
31.9	0.03211816949309495
32.0	0.032118169706279114
32.1	0.03211816824169566
32.2	0.03211816550291071
32.3	0.03211816207233232
32.4	0.03211815859587293
32.5	0.03211815566750205
32.6	0.0321181537333018
32.7	0.0321181530294686
32.8	0.03211815356163897
32.9	0.03211815512525996
33.0	0.03211815735972206
33.1	0.032118159823953815
33.2	0.03211816207869448
33.3	0.03211816376082284
33.4	0.032118164637930297
33.5	0.03211816463566398
33.6	0.03211816383570879
33.7	0.03211816244751692
33.8	0.03211816076096612
33.9	0.03211815908973766
34.0	0.03211815771591601
34.1	0.03211815684505715
34.2	0.032118156578376564
34.3	0.03211815690526775
34.4	0.03211815771538563
34.5	0.032118158826631854
34.6	0.032118160022660595
34.7	0.0321181610927446
34.8	0.032118161866991846
34.9	0.032118162241425025
35.0	0.032118162189496376
35.1	0.032118161759423544
35.2	0.03211816105913241
35.3	0.032118160232392425
35.4	0.03211815943115268
35.5	0.03211815878896111
35.6	0.03211815840006487
35.7	0.03211815830700038
35.8	0.03211815849821409
35.9	0.03211815891498615
36.0	0.03211815946575572
36.1	0.03211816004470551
36.2	0.03211816055102334
36.3	0.03211816090553221
36.4	0.032118161062130474
36.5	0.03211816101255022
36.6	0.03211816078426986
36.7	0.03211816043253066
36.8	0.03211816002841419
36.9	0.032118159645319375
37.0	0.03211815934629136
37.1	0.03211815917427866
37.2	0.03211815914671384
37.3	0.03211815925492861
37.4	0.032118159468005274
37.5	0.032118159740103194
37.6	0.03211816001960656
37.7	0.032118160258422256
37.8	0.03211816041979402
37.9	0.03211816048351356
38.0	0.03211816044779793
38.1	0.0321181603278952
38.2	0.032118160151937504
38.3	0.03211815995494671
38.4	0.03211815977228874
38.5	0.03211815963363046
38.6	0.03211815955840922
38.7	0.032118159553535613
38.8	0.032118159613326196
38.9	0.032118159721657255
39.0	0.032118159855666274
39.1	0.0321181599902439
39.2	0.03211816010251803
39.3	0.03211816017549438
39.4	0.032118160200430394
39.5	0.032118160177535354
39.6	0.03211816011512234
39.7	0.03211816002742378
39.8	0.03211815993166246
39.9	0.03211815984482519
40.0	0.03211815978081515
40.1	0.032118159748380073
40.2	0.03211815975010749
40.3	0.03211815978253925
40.4	0.03211815983734505
40.5	0.032118159903146565
40.6	0.03211815996777518
40.7	0.032118160020369775
40.8	0.03211816005312448
40.9	0.03211816006231768
41.0	0.032118160048559066
41.1	0.032118160016323144
41.2	0.03211815997276846
41.3	0.032118159926340595
41.4	0.03211815988517542
41.5	0.03211815985577087
41.6	0.03211815984203334
41.7	0.03211815984483896
41.8	0.03211815986218109
41.9	0.03211815988977574
42.0	0.03211815992199642
42.1	0.03211815995294605
42.2	0.03211815997749558
42.3	0.03211815999206857
42.4	0.03211815999511717
42.5	0.03211815998718962
42.6	0.032118159970646015
42.7	0.032118159949089974
42.8	0.032118159926637586
42.9	0.032118159907183925
43.0	0.0321181598937508
43.1	0.03211815988806265
43.2	0.03211815989036483
43.3	0.03211815989952702
43.4	0.03211815991336525
43.5	0.032118159929097924
43.6	0.032118159943881903
43.7	0.03211815995529213
43.8	0.03211815996171098
43.9	0.0321181599625092
44.0	0.0321181599580693
44.1	0.032118159949628196
44.2	0.03211815993899276
44.3	0.0321181599281631
44.4	0.03211815991900507
44.5	0.032118159912903836
44.6	0.03211815991061902
44.7	0.03211815991218552
44.8	0.032118159916984614
44.9	0.03211815992389398
45.0	0.03211815993155627
45.1	0.03211815993859641
45.2	0.032118159943875346
45.3	0.03211815994666908
45.4	0.03211815994672798
45.5	0.03211815994429342
45.6	0.03211815994001011
45.7	0.032118159934777735
45.8	0.032118159929570705
45.9	0.03211815992527115
46.0	0.03211815992251985
46.1	0.032118159921646565
46.2	0.03211815992262111
46.3	0.03211815992510764
46.4	0.03211815992854964
46.5	0.032118159932267784
46.6	0.03211815993561265
46.7	0.03211815993804591
46.8	0.03211815993924101
46.9	0.032118159939109735
47.0	0.032118159937798284
47.1	0.03211815993563683
47.2	0.03211815993306859
47.3	0.03211815993057295
47.4	0.032118159928558314
47.5	0.032118159927326626
47.6	0.03211815992701628
47.7	0.03211815992758903
47.8	0.032118159928875206
47.9	0.03211815993058076
48.0	0.03211815993238014
48.1	0.0321181599339648
48.2	0.032118159935078314
48.3	0.03211815993558372
48.4	0.032118159935443626
48.5	0.03211815993474818
48.6	0.0321181599336567
48.7	0.03211815993240042
48.8	0.032118159931206876
48.9	0.03211815993027157
49.0	0.032118159929726546
49.1	0.032118159929627105
49.2	0.03211815992995513
49.3	0.032118159930610415
49.4	0.03211815993145581
49.5	0.03211815993232739
49.6	0.03211815993307052
49.7	0.0321181599335787
49.8	0.03211815993378479
49.9	0.03211815993368203
50.0	0.03211815993331655
50.1	0.03211815993277177
50.2	0.03211815993216032
50.3	0.032118159931587766
50.4	0.032118159931154
50.5	0.032118159930913444
50.6	0.03211815993089408
50.7	0.032118159931076765
50.8	0.03211815993140931
50.9	0.03211815993182158
51.0	0.032118159932247474
51.1	0.03211815993259612
51.2	0.03211815993282439
51.3	0.03211815993290873
51.4	0.03211815993283894
51.5	0.032118159932641985
51.6	0.0321181599323765
51.7	0.03211815993207619
51.8	0.03211815993180784
51.9	0.03211815993160809
52.0	0.032118159931503756
52.1	0.0321181599315017
52.2	0.032118159931604835
52.3	0.03211815993177579
52.4	0.03211815993197879
52.5	0.03211815993218084
52.6	0.03211815993234502
52.7	0.032118159932447723
52.8	0.032118159932475694
52.9	0.03211815993243761
53.0	0.03211815993233623
53.1	0.032118159932203974
53.2	0.032118159932054705
53.3	0.03211815993193198
53.4	0.03211815993183902
53.5	0.03211815993179068
53.6	0.03211815993180238
53.7	0.03211815993185713
53.8	0.032118159931937625
53.9	0.03211815993203914
54.0	0.032118159932135286
54.1	0.03211815993221224
54.2	0.032118159932258694
54.3	0.03211815993226858
54.4	0.032118159932242686
54.5	0.032118159932191706
54.6	0.032118159932127244
54.7	0.03211815993205998
54.8	0.032118159931997535
54.9	0.032118159931955714
55.0	0.032118159931936056
55.1	0.03211815993194319
55.2	0.03211815993197182
55.3	0.03211815993201439
55.4	0.03211815993206521
55.5	0.032118159932108585
55.6	0.0321181599321464
55.7	0.03211815993216679
55.8	0.03211815993216449
55.9	0.03211815993215542
56.0	0.032118159932129145
56.1	0.032118159932095026
56.2	0.03211815993206148
56.3	0.03211815993203591
56.4	0.03211815993201264
56.5	0.03211815993200613
56.6	0.03211815993201017
56.7	0.032118159932026324
56.8	0.03211815993204702
56.9	0.03211815993207227
57.0	0.03211815993209236
57.1	0.03211815993210967
57.2	0.03211815993212024
57.3	0.032118159932119326
57.4	0.032118159932110965
57.5	0.0321181599320999
57.6	0.03211815993208345
57.7	0.032118159932061324
57.8	0.032118159932053074
57.9	0.03211815993204369
58.0	0.032118159932039446
58.1	0.03211815993204158
58.2	0.03211815993205216
58.3	0.03211815993206153
58.4	0.032118159932074355
58.5	0.0321181599320838
58.6	0.0321181599320905
58.7	0.03211815993209561
58.8	0.032118159932095984
58.9	0.03211815993209099
59.0	0.03211815993208398
59.1	0.03211815993207552
59.2	0.03211815993207025
59.3	0.032118159932061074
59.4	0.03211815993205812
59.5	0.03211815993205595
59.6	0.03211815993205995
59.7	0.032118159932064044
59.8	0.0321181599320672
59.9	0.03211815993207369
60.0	0.03211815993207852
60.1	0.0321181599320842
60.2	0.03211815993208425
60.3	0.03211815993208423
60.4	0.03211815993207975
60.5	0.03211815993208017
60.6	0.03211815993207569
60.7	0.03211815993207283
60.8	0.03211815993206674
60.9	0.03211815993206263
61.0	0.03211815993206421
61.1	0.032118159932063683
61.2	0.03211815993206987
61.3	0.03211815993206962
61.4	0.03211815993207617
61.5	0.03211815993207649
61.6	0.03211815993207694
61.7	0.03211815993208017
61.8	0.032118159932078026
61.9	0.03211815993207772
62.0	0.03211815993207638
62.1	0.03211815993207337
62.2	0.032118159932068985
62.3	0.03211815993207096
62.4	0.03211815993206993
62.5	0.03211815993206939
62.6	0.03211815993206999
62.7	0.03211815993206686
62.8	0.03211815993207447
62.9	0.0321181599320705
63.0	0.032118159932076173
63.1	0.032118159932075535
63.2	0.03211815993207819
63.3	0.03211815993207606
63.4	0.032118159932075785
63.5	0.032118159932071906
63.6	0.032118159932075944
63.7	0.03211815993207172
63.8	0.0321181599320715
63.9	0.03211815993206973
64.0	0.032118159932074265
64.1	0.032118159932071025
64.2	0.03211815993207216
64.3	0.032118159932073106
64.4	0.032118159932073204
64.5	0.03211815993207243
64.6	0.032118159932074675
64.7	0.0321181599320748
64.8	0.0321181599320741
64.9	0.03211815993207363
65.0	0.03211815993207562
65.1	0.032118159932073266
65.2	0.03211815993207058
65.3	0.03211815993207025
65.4	0.03211815993207309
65.5	0.03211815993207144
65.6	0.0321181599320705
65.7	0.03211815993207236
65.8	0.032118159932073634
65.9	0.03211815993207571
66.0	0.032118159932075285
66.1	0.03211815993207408
66.2	0.03211815993207405
66.3	0.032118159932071864
66.4	0.032118159932070525
66.5	0.03211815993207554
66.6	0.032118159932073176
66.7	0.03211815993207086
66.8	0.03211815993207153
66.9	0.03211815993206948
67.0	0.03211815993207197
67.1	0.03211815993207307
67.2	0.03211815993207237
67.3	0.03211815993207457
67.4	0.032118159932070345
67.5	0.032118159932076354
67.6	0.03211815993207479
67.7	0.03211815993207419
67.8	0.032118159932074
67.9	0.03211815993207505
68.0	0.032118159932074855
68.1	0.03211815993207529
68.2	0.03211815993207419
68.3	0.03211815993207382
68.4	0.03211815993207616
68.5	0.03211815993207357
68.6	0.03211815993207438
68.7	0.032118159932073224
68.8	0.03211815993207431
68.9	0.03211815993207151
69.0	0.032118159932073176
69.1	0.032118159932072975
69.2	0.03211815993207132
69.3	0.032118159932073315
69.4	0.032118159932073974
69.5	0.03211815993207375
69.6	0.03211815993207272
69.7	0.032118159932074376
69.8	0.03211815993207362
69.9	0.03211815993207737
70.0	0.032118159932073634
70.1	0.03211815993207255
70.2	0.0321181599320745
70.3	0.03211815993207431
70.4	0.032118159932074807
70.5	0.03211815993207463
70.6	0.03211815993207422
70.7	0.03211815993207532
70.8	0.032118159932076173
70.9	0.03211815993207184
71.0	0.03211815993207444
71.1	0.032118159932074404
71.2	0.03211815993207429
71.3	0.03211815993207467
71.4	0.032118159932073016
71.5	0.03211815993207262
71.6	0.03211815993207325
71.7	0.03211815993207049
71.8	0.0321181599320722
71.9	0.032118159932073724
72.0	0.03211815993207588
72.1	0.03211815993207474
72.2	0.03211815993207585
72.3	0.032118159932070636
72.4	0.032118159932073315
72.5	0.0321181599320707
72.6	0.03211815993207214
72.7	0.032118159932074786
72.8	0.032118159932070636
72.9	0.032118159932071184
73.0	0.03211815993207491
73.1	0.032118159932073634
73.2	0.03211815993207328
73.3	0.03211815993207485
73.4	0.03211815993207165
73.5	0.0321181599320731
73.6	0.03211815993207032
73.7	0.03211815993207472
73.8	0.0321181599320704
73.9	0.03211815993207425
74.0	0.03211815993207278
74.1	0.0321181599320734
74.2	0.03211815993207383
74.3	0.032118159932074515
74.4	0.032118159932071295
74.5	0.03211815993207524
74.6	0.032118159932068784
74.7	0.032118159932073835
74.8	0.03211815993207301
74.9	0.032118159932074765
75.0	0.03211815993207366
75.1	0.03211815993207494
75.2	0.032118159932073315
75.3	0.032118159932071906
75.4	0.03211815993207264
75.5	0.032118159932071136
75.6	0.032118159932075445
75.7	0.03211815993207468
75.8	0.03211815993207689
75.9	0.03211815993207581
76.0	0.0321181599320772
76.1	0.03211815993207463
76.2	0.03211815993207619
76.3	0.03211815993207314
76.4	0.03211815993207336
76.5	0.03211815993207206
76.6	0.03211815993207348
76.7	0.03211815993207478
76.8	0.03211815993207412
76.9	0.03211815993207263
77.0	0.03211815993207392
77.1	0.03211815993207236
77.2	0.032118159932073266
77.3	0.03211815993207299
77.4	0.03211815993207403
77.5	0.032118159932069526
77.6	0.032118159932067694
77.7	0.03211815993207286
77.8	0.03211815993207266
77.9	0.032118159932071545
78.0	0.03211815993207245
78.1	0.03211815993207419
78.2	0.03211815993207419
78.3	0.0321181599320726
78.4	0.03211815993207478
78.5	0.03211815993207408
78.6	0.032118159932071046
78.7	0.03211815993207063
78.8	0.032118159932071726
78.9	0.032118159932076486
79.0	0.032118159932077214
79.1	0.03211815993207213
79.2	0.03211815993207148
79.3	0.03211815993207714
79.4	0.03211815993207345
79.5	0.03211815993207361
79.6	0.03211815993207455
79.7	0.03211815993207034
79.8	0.03211815993207159
79.9	0.03211815993207327
80.0	0.032118159932072565
80.1	0.03211815993207136
80.2	0.032118159932073
80.3	0.0321181599320715
80.4	0.03211815993207108
80.5	0.032118159932072864
80.6	0.03211815993207635
80.7	0.032118159932073884
80.8	0.03211815993207653
80.9	0.03211815993207265
81.0	0.03211815993207323
81.1	0.03211815993207512
81.2	0.032118159932074
81.3	0.0321181599320726
81.4	0.03211815993207473
81.5	0.03211815993207194
81.6	0.032118159932075965
81.7	0.0321181599320723
81.8	0.03211815993207184
81.9	0.032118159932073766
82.0	0.03211815993207213
82.1	0.032118159932072204
82.2	0.03211815993206836
82.3	0.032118159932071656
82.4	0.03211815993207433
82.5	0.03211815993207182
82.6	0.032118159932074654
82.7	0.0321181599320741
82.8	0.03211815993207127
82.9	0.0321181599320703
83.0	0.032118159932074314
83.1	0.03211815993207334
83.2	0.032118159932072024
83.3	0.03211815993207119
83.4	0.032118159932075126
83.5	0.03211815993207352
83.6	0.03211815993207552
83.7	0.0321181599320728
83.8	0.03211815993207289
83.9	0.03211815993207494
84.0	0.032118159932069366
84.1	0.03211815993207386
84.2	0.0321181599320734
84.3	0.032118159932073634
84.4	0.03211815993207354
84.5	0.03211815993207536
84.6	0.0321181599320768
84.7	0.03211815993207241
84.8	0.03211815993207361
84.9	0.03211815993207174
85.0	0.03211815993207531
85.1	0.03211815993206977
85.2	0.03211815993207631
85.3	0.03211815993207504
85.4	0.03211815993207322
85.5	0.03211815993207654
85.6	0.03211815993207428
85.7	0.03211815993207483
85.8	0.03211815993207438
85.9	0.03211815993207291
86.0	0.032118159932073335
86.1	0.03211815993207508
86.2	0.03211815993207179
86.3	0.032118159932069165
86.4	0.0321181599320754
86.5	0.032118159932076035
86.6	0.03211815993207303
86.7	0.03211815993207303
86.8	0.032118159932071524
86.9	0.03211815993207275
87.0	0.03211815993207498
87.1	0.032118159932072884
87.2	0.032118159932070546
87.3	0.03211815993207266
87.4	0.03211815993207503
87.5	0.03211815993207548
87.6	0.03211815993207313
87.7	0.032118159932071566
87.8	0.03211815993207433
87.9	0.0321181599320752
88.0	0.032118159932072746
88.1	0.03211815993207197
88.2	0.03211815993207117
88.3	0.03211815993207342
88.4	0.03211815993207388
88.5	0.03211815993207453
88.6	0.032118159932074015
88.7	0.03211815993207562
88.8	0.03211815993207231
88.9	0.03211815993207213
89.0	0.03211815993207148
89.1	0.03211815993207144
89.2	0.0321181599320734
89.3	0.03211815993207294
89.4	0.03211815993207034
89.5	0.032118159932069006
89.6	0.032118159932072295
89.7	0.032118159932073
89.8	0.03211815993207485
89.9	0.03211815993207407
90.0	0.032118159932073946
90.1	0.03211815993207291
90.2	0.032118159932075674
90.3	0.032118159932074904
90.4	0.032118159932073315
90.5	0.032118159932073925
90.6	0.03211815993206992
90.7	0.03211815993207279
90.8	0.032118159932075264
90.9	0.032118159932071344
91.0	0.03211815993207076
91.1	0.03211815993207407
91.2	0.03211815993207185
91.3	0.03211815993207381
91.4	0.03211815993207284
91.5	0.032118159932074064
91.6	0.03211815993207536
91.7	0.03211815993207156
91.8	0.03211815993207626
91.9	0.0321181599320749
92.0	0.03211815993207415
92.1	0.03211815993207392
92.2	0.03211815993207252
92.3	0.03211815993207304
92.4	0.03211815993207218
92.5	0.03211815993207157
92.6	0.03211815993207221
92.7	0.03211815993207277
92.8	0.03211815993207416
92.9	0.032118159932072884
93.0	0.0321181599320727
93.1	0.032118159932074716
93.2	0.0321181599320695
93.3	0.03211815993207352
93.4	0.032118159932074196
93.5	0.03211815993207332
93.6	0.03211815993207244
93.7	0.03211815993207179
93.8	0.03211815993207606
93.9	0.0321181599320708
94.0	0.03211815993207248
94.1	0.03211815993207299
94.2	0.03211815993207355
94.3	0.03211815993207229
94.4	0.03211815993207475
94.5	0.03211815993207347
94.6	0.03211815993207305
94.7	0.032118159932074106
94.8	0.03211815993207165
94.9	0.03211815993207416
95.0	0.03211815993207406
95.1	0.032118159932073655
95.2	0.032118159932075716
95.3	0.03211815993207221
95.4	0.032118159932070706
95.5	0.032118159932072475
95.6	0.03211815993207405
95.7	0.032118159932073745
95.8	0.032118159932070775
95.9	0.03211815993207653
96.0	0.03211815993207618
96.1	0.03211815993207524
96.2	0.03211815993207537
96.3	0.032118159932070935
96.4	0.03211815993207198
96.5	0.03211815993207321
96.6	0.03211815993207315
96.7	0.03211815993207274
96.8	0.032118159932072475
96.9	0.03211815993207329
97.0	0.032118159932070844
97.1	0.03211815993207431
97.2	0.032118159932073946
97.3	0.0321181599320742
97.4	0.03211815993206968
97.5	0.0321181599320727
97.6	0.032118159932069464
97.7	0.03211815993207525
97.8	0.03211815993207551
97.9	0.032118159932074626
98.0	0.03211815993207437
98.1	0.03211815993207029
98.2	0.032118159932070595
98.3	0.03211815993207472
98.4	0.032118159932073134
98.5	0.032118159932073835
98.6	0.032118159932075833
98.7	0.032118159932070345
98.8	0.032118159932070636
98.9	0.03211815993207158
99.0	0.03211815993207736
99.1	0.03211815993207402
99.2	0.0321181599320723
99.3	0.03211815993207372
99.4	0.032118159932074335
99.5	0.03211815993207377
99.6	0.03211815993207419
99.7	0.03211815993207038
99.8	0.03211815993207344
99.9	0.03211815993207219
100.0	0.03211815993207148
