0.0	0.0
0.1	0.02952819710157415
0.2	0.08223476625165377
0.3	0.13228000901226902
0.4	0.1657145127200066
0.5	0.17585238301041897
0.6	0.16150598831234445
0.7	0.12651893760927538
0.8	0.0800840702370749
0.9	0.03664254113313199
1.0	0.015044215872911042
1.1	0.028906150083447577
1.2	0.06319293258531467
1.3	0.09900093006776686
1.4	0.12479909222360343
1.5	0.1346218152807027
1.6	0.12709613655569962
1.7	0.10499716522793252
1.8	0.07500994460582602
1.9	0.047106869550568975
2.0	0.03262403667392273
2.1	0.03815621488087252
2.2	0.0582826839586348
2.3	0.0820585229405874
2.4	0.10075578875936722
2.5	0.1092907826586634
2.6	0.1060948357043681
2.7	0.0928389356408899
2.8	0.07404559910553266
2.9	0.05628067654648474
3.0	0.046371050417738306
3.1	0.048100541150849475
3.2	0.05944920096310779
3.3	0.07451916855791968
3.4	0.08741436689387
3.5	0.0941774077489068
3.6	0.09327950414138643
3.7	0.08557695397518059
3.8	0.0739671229468849
3.9	0.06265485320339932
4.0	0.055842986695896615
4.1	0.055917148441687756
4.2	0.06217524964262027
4.3	0.0714628291032546
4.4	0.08004968792912669
4.5	0.0850883912638279
4.6	0.08526615898725126
4.7	0.08092595232156706
4.8	0.07383805374028249
4.9	0.06664587547999422
5.0	0.061981464233615995
5.1	0.06141987276764286
5.2	0.06479817566966321
5.3	0.07042621310031305
5.4	0.07601491426438399
5.5	0.07962011065849127
5.6	0.08020957758166196
5.7	0.0778462253915354
5.8	0.07356749003419764
5.9	0.06901111011970898
6.0	0.06584061502067155
6.1	0.06511681781749792
6.2	0.06688943902652239
6.3	0.07025485366500975
6.4	0.07383324874123935
6.5	0.07634220844378865
6.6	0.07701494104007187
6.7	0.07578178644164041
6.8	0.07322661447991108
6.9	0.07035289644008655
7.0	0.06821643790088568
7.1	0.06753459212148136
7.2	0.06842704333771749
7.3	0.07041594248754907
7.4	0.07267849160847718
7.5	0.07438777571439749
7.6	0.07499728555864552
7.7	0.07439129126354214
7.8	0.07288397658245041
7.9	0.07108250378784224
8.0	0.06965617678478174
8.1	0.06908909131132539
8.2	0.06950957425502648
8.3	0.07067021971157768
8.4	0.07208524132366684
8.5	0.07323040530099013
8.6	0.07372757616494359
8.7	0.07345810316049196
8.8	0.07258136668415227
8.9	0.07145986239553041
9.0	0.07051634959263509
9.1	0.07007506014720544
9.2	0.07024935999860946
9.3	0.07091901895417432
9.4	0.07179819123257342
9.5	0.07255531909887694
9.6	0.07293385648075242
9.7	0.07283348740350115
9.8	0.07233098244481688
9.9	0.0716394487396573
10.0	0.07102239914262459
10.1	0.07069465094848612
10.2	0.07074784477230228
10.3	0.07112791379423572
10.4	0.0716688508193507
10.5	0.07216344088715873
10.6	0.07244049245543208
10.7	0.07242121293345535
10.8	0.07213838393759678
10.9	0.07171551552194441
11.0	0.07131574325077
11.1	0.07108007144484749
11.2	0.07107820842351832
11.3	0.07128959443423809
11.4	0.07161925898831661
11.5	0.0719390169889149
11.6	0.07213613968637983
11.7	0.0721516016088019
11.8	0.0719959646249951
11.9	0.07173963583842728
12.0	0.0714828711511861
12.1	0.0713174346206938
12.2	0.07129431762352348
12.3	0.07140895451615858
12.4	0.07160794159519732
12.5	0.07181272872830594
12.6	0.07194992902953655
12.7	0.07197681309838382
12.8	0.07189362371924388
12.9	0.07173970739852085
13.0	0.0715761784331638
13.1	0.07146225059618783
13.2	0.07143418451494506
13.3	0.07149429475053189
13.4	0.07161318410648446
13.5	0.07174317288010366
13.6	0.07183697601464478
13.7	0.07186445341308868
13.8	0.07182173911152896
13.9	0.07173027744750884
14.0	0.0716269889772892
14.1	0.07154976516867337
14.2	0.07152383862482785
14.3	0.07155386741765689
14.4	0.07162411298025788
14.5	0.07170591741481881
14.6	0.07176910036102904
14.7	0.07179283159245135
14.8	0.07177218431752747
14.9	0.07171846516642619
15.0	0.07165375969465897
15.1	0.07160211675991338
15.2	0.07158079108701056
15.3	0.0715946779407903
15.4	0.0716356682002159
15.5	0.07168671709046297
15.6	0.07172873192367664
15.7	0.07174755525019022
15.8	0.07173855522063899
15.9	0.07170742032179411
16.0	0.07166721850998811
16.1	0.07163308922405753
16.2	0.07161666015027235
16.3	0.07162220771803882
16.4	0.07164578627912702
16.5	0.07167737473095809
16.6	0.07170499771944489
16.7	0.07171916804230805
16.8	0.07171604004097704
16.9	0.07169827302768728
17.0	0.07167350483165198
17.1	0.07165118862205855
17.2	0.0716390614048898
17.3	0.07164053638367027
17.4	0.07165387080879052
17.5	0.07167324961207112
17.6	0.07169122479891625
17.7	0.07170151640399067
17.8	0.07170114433685092
17.9	0.0716911940218547
18.0	0.0716760668630919
18.1	0.07166161678846544
18.2	0.07165293433175925
18.3	0.07165259929528504
18.4	0.07165998464385777
18.5	0.0716717670388619
18.6	0.07168335349063934
18.7	0.0716906322653841
18.8	0.07169139467818278
18.9	0.07168595146832472
19.0	0.07167679695688507
19.1	0.0716675254928109
19.2	0.07166145230286716
19.3	0.07166045643534487
19.4	0.0716644389377082
19.5	0.07167153498857039
19.6	0.07167893684349469
19.7	0.07168397909443414
19.8	0.07168507574170165
19.9	0.07168218866861008
20.0	0.07167670283743251
20.1	0.07167080569116041
20.2	0.07166663592394226
20.3	0.07166552545071501
20.4	0.07166759660596968
20.5	0.0716718266452114
20.6	0.07167651479016737
20.7	0.07167994915203216
20.8	0.07168101782395746
20.9	0.07167955142384484
21.0	0.07167629917493518
21.1	0.07167257983227164
21.2	0.07166976081342173
21.3	0.0716687664459383
21.4	0.07166978804814833
21.5	0.07167228124081268
21.6	0.07167522579494616
21.7	0.07167753185596412
21.8	0.07167843460649667
21.9	0.07167773775710061
22.0	0.07167583266121613
22.1	0.07167350632206375
22.2	0.07167162555210078
22.3	0.07167082088549177
22.4	0.07167128293484311
22.5	0.0716727337643047
22.6	0.07167456785397956
22.7	0.07167609722800292
22.8	0.07167680403660912
22.9	0.07167650990229538
23.0	0.07167540913773372
23.1	0.07167396617866144
23.2	0.0716727259148768
23.3	0.07167211228946319
23.4	0.07167228799807585
23.5	0.07167311984745879
23.6	0.07167425268392329
23.7	0.07167525582961252
23.8	0.07167578333935291
23.9	0.07167568972204266
24.0	0.07167506387120921
24.1	0.07167417642972453
24.2	0.0716733670844494
24.3	0.07167291732402409
24.4	0.07167295530952435
24.5	0.07167342389850094
24.6	0.07167411757812212
24.7	0.07167476898181864
24.8	0.071675149715593
24.9	0.07167514827663175
25.0	0.07167479934313883
25.1	0.0716742583461849
25.2	0.07167373527778001
25.3	0.07167341496861519
25.4	0.07167339345876673
25.5	0.07167365170299597
25.6	0.07167407264718624
25.7	0.07167449171197761
25.8	0.07167475970183479
25.9	0.07167479460577672
26.0	0.07167460482074316
26.1	0.07167427807635783
26.2	0.07167394307474681
26.3	0.07167371995605748
26.4	0.07167367824298426
26.5	0.07167381658589715
26.6	0.07167406957949247
26.7	0.07167433680154713
26.8	0.07167452173635562
26.9	0.07167456582567333
27.0	0.07167446594646507
27.1	0.07167427056811596
27.2	0.07167405786489359
27.3	0.07167390519764522
27.4	0.0716738616133758
27.5	0.07167393289480241
27.6	0.07167408336685922
27.7	0.07167425231845395
27.8	0.07167437787953328
27.9	0.07167441917649237
28.0	0.07167436902326964
28.1	0.07167425347093466
28.2	0.07167411955128719
28.3	0.0716740166381757
28.4	0.07167397864021324
28.5	0.07167401329748023
28.6	0.07167410176215107
28.7	0.07167420769318365
28.8	0.0716742917729984
28.9	0.07167432598719833
29.0	0.07167430259899074
29.1	0.07167423509394547
29.2	0.07167415147623499
29.3	0.07167408298943401
29.4	0.07167405269109356
29.5	0.07167406796625568
29.6	0.07167411929635656
29.7	0.07167418516298574
29.8	0.07167424079030939
29.9	0.07167426726691888
30.0	0.07167425776198683
30.1	0.07167421887994796
30.2	0.07167416710542465
30.3	0.07167412204453678
30.4	0.07167409915778528
30.5	0.07167410462019848
30.6	0.07167413395050719
30.7	0.07167417456101502
30.8	0.07167421096882444
30.9	0.07167423057312217
31.0	0.0716742278886938
31.1	0.07167420586490357
31.2	0.07167417408038344
31.3	0.071674144736419
31.4	0.07167412807365123
31.5	0.07167412889739119
31.6	0.07167414535078197
31.7	0.07167417017223505
31.8	0.07167419376674648
31.9	0.07167420783440999
32.0	0.071674208212891
32.1	0.07167419599105668
32.2	0.07167417665148737
32.3	0.07167415772351549
32.4	0.07167414591669567
32.5	0.0716741448026273
32.6	0.0716741538224667
32.7	0.07167416885541514
32.8	0.07167418400583545
32.9	0.07167419386329271
33.0	0.07167419538755249
33.1	0.07167418878030418
33.2	0.07167417712344469
33.3	0.0716741650231633
33.4	0.07167415683190052
33.5	0.07167415511974325
33.6	0.0716741599177238
33.7	0.07167416893375003
33.8	0.07167417857722821
33.9	0.07167418535492394
34.0	0.07167418710730954
34.1	0.07167418365904919
34.2	0.07167417670410277
34.3	0.07167416903485077
34.4	0.0716741634486451
34.5	0.07167416175030271
34.6	0.07167416419759308
34.7	0.07167416954763557
34.8	0.07167417563405118
34.9	0.0716741802216952
35.0	0.07167418180940581
35.1	0.0716741800994867
35.2	0.07167417599617508
35.3	0.07167417117595623
35.4	0.07167416742094623
35.5	0.07167416597428476
35.6	0.07167416714523427
35.7	0.07167417028243252
35.8	0.07167417409193669
35.9	0.07167417715585796
36.0	0.07167417844879619
36.1	0.0716741776682403
36.2	0.07167417527777321
36.3	0.07167417227331976
36.4	0.07167416978062645
36.5	0.0716741686423954
36.6	0.0716741691432265
36.7	0.0716741709580861
36.8	0.07167417332264951
36.9	0.07167417534499199
37.0	0.07167417633490279
37.1	0.0716741760318464
37.2	0.07167417465943231
37.3	0.07167417280241398
37.4	0.07167417116599982
37.5	0.07167417031371635
37.6	0.0716741704792381
37.7	0.07167417151258604
37.8	0.07167417296786098
37.9	0.07167417428865892
38.0	0.0716741750162383
38.1	0.07167417494430794
38.2	0.07167417416997855
38.3	0.0716741730320305
38.4	0.07167417196856087
38.5	0.07167417135195413
38.6	0.0716741713620318
38.7	0.0716741719391832
38.8	0.07167417282699821
38.9	0.07167417368127273
39.0	0.07167417420051837
39.1	0.07167417422962041
39.2	0.0716741738020206
39.3	0.07167417311095059
39.4	0.07167417242628671
39.5	0.07167417199147344
39.6	0.0716741719391565
39.7	0.07167417225379119
39.8	0.07167417279042512
39.9	0.07167417333795051
40.0	0.0716741737002378
40.1	0.07167417376472145
40.2	0.07167417353504144
40.3	0.07167417311935907
40.4	0.07167417268246098
40.5	0.07167417238196191
40.6	0.07167417231276912
40.7	0.07167417247887649
40.8	0.07167417280003686
40.9	0.07167417314791855
41.0	0.07167417339614601
41.1	0.07167417346515301
41.2	0.07167417334636172
41.3	0.071674173098902
41.4	0.07167417282248023
41.5	0.07167417261820846
41.6	0.07167417255243871
41.7	0.07167417263622727
41.8	0.07167417282635415
41.9	0.07167417304553857
42.0	0.07167417321305686
42.1	0.07167417327383396
42.2	0.07167417321573441
42.3	0.07167417307010353
42.4	0.0716741728966689
42.5	0.07167417275973391
42.6	0.07167417270483918
42.7	0.07167417274422218
42.8	0.07167417285540446
42.9	0.07167417299235514
43.0	0.07167417310395
43.1	0.07167417315268275
43.2	0.07167417312680074
43.3	0.07167417304220672
43.4	0.07167417293429312
43.5	0.07167417284361141
43.6	0.07167417280093832
43.7	0.07167417281719622
43.8	0.07167417288131606
43.9	0.07167417296617484
44.0	0.07167417303966658
44.1	0.0716741730766084
44.2	0.07167417306711303
44.3	0.07167417301870722
44.4	0.07167417295212573
44.5	0.07167417289272582
44.6	0.07167417286103214
44.7	0.07167417286586888
44.8	0.0716741729022459
44.9	0.07167417295437373
45.0	0.07167417300227226
45.1	0.0716741730292404
45.2	0.07167417302754059
45.3	0.07167417300033804
45.4	0.0716741729596174
45.5	0.07167417292108806
45.6	0.07167417289829435
45.7	0.07167417289795688
45.8	0.07167417291817786
45.9	0.07167417294992347
46.0	0.07167417298083943
46.1	0.07167417299998362
46.2	0.07167417300159161
46.3	0.07167417298665196
46.4	0.071674172961964
46.5	0.07167417293720578
46.6	0.07167417292120859
46.7	0.07167417291888747
46.8	0.07167417292984865
46.9	0.07167417294899855
47.0	0.07167417296877575
47.1	0.07167417298208216
47.2	0.0716741729847474
47.3	0.07167417297677502
47.4	0.07167417296195806
47.5	0.07167417294618686
47.6	0.07167417293517431
47.7	0.07167417293241264
47.8	0.07167417293815084
47.9	0.07167417294958706
48.0	0.07167417296213237
48.1	0.07167417297121792
48.2	0.07167417297391315
48.3	0.0716741729698325
48.4	0.07167417296102921
48.5	0.07167417295107148
48.6	0.07167417294360404
48.7	0.07167417294106994
48.8	0.07167417294392882
48.9	0.07167417295068618
49.0	0.07167417295857817
49.1	0.07167417296469063
49.2	0.07167417296700643
49.3	0.07167417296503956
49.4	0.07167417295987351
49.5	0.07167417295363472
49.6	0.07167417294864145
49.7	0.07167417294656997
49.8	0.07167417294788715
49.9	0.07167417295182171
50.0	0.07167417295674716
50.1	0.07167417296080769
50.2	0.07167417296263978
50.3	0.07167417296178732
50.4	0.07167417295879763
50.5	0.07167417295492323
50.6	0.07167417295162337
50.7	0.07167417295002787
50.8	0.07167417295054707
50.9	0.07167417295281471
51.0	0.07167417295585869
51.1	0.0716741729585259
51.2	0.0716741729599036
51.3	0.07167417295961201
51.4	0.07167417295790518
51.5	0.0716741729555202
51.6	0.07167417295336063
51.7	0.07167417295219203
51.8	0.07167417295232417
51.9	0.07167417295360058
52.0	0.07167417295546635
52.1	0.07167417295720366
52.2	0.07167417295820366
52.3	0.07167417295817274
52.4	0.07167417295722124
52.5	0.0716741729557631
52.6	0.07167417295436693
52.7	0.07167417295352822
52.8	0.07167417295348642
52.9	0.07167417295419642
53.0	0.0716741729553318
53.1	0.07167417295644872
53.2	0.0716741729571503
53.3	0.0716741729572315
53.4	0.07167417295670939
53.5	0.07167417295582529
53.6	0.07167417295493506
53.7	0.07167417295434325
53.8	0.0716741729542462
53.9	0.07167417295462576
54.0	0.07167417295531317
54.1	0.07167417295602672
54.2	0.07167417295651367
54.3	0.07167417295662493
54.4	0.07167417295634737
54.5	0.07167417295581963
54.6	0.07167417295524958
54.7	0.07167417295484427
54.8	0.07167417295473347
54.9	0.0716741729549347
55.0	0.07167417295534242
55.1	0.07167417295579645
55.2	0.07167417295612293
55.3	0.07167417295623242
55.4	0.07167417295609275
55.5	0.07167417295577588
55.6	0.07167417295541571
55.7	0.07167417295514719
55.8	0.07167417295504894
55.9	0.07167417295514608
56.0	0.07167417295538532
56.1	0.07167417295567287
56.2	0.07167417295588899
56.3	0.07167417295598172
56.4	0.07167417295591426
56.5	0.07167417295573171
56.6	0.07167417295550912
56.7	0.07167417295532523
56.8	0.0716741729552463
56.9	0.07167417295529242
57.0	0.0716741729554309
57.1	0.07167417295560825
57.2	0.07167417295575226
57.3	0.07167417295582511
57.4	0.07167417295579445
57.5	0.07167417295568954
57.6	0.07167417295555065
57.7	0.07167417295543303
57.8	0.07167417295536813
57.9	0.07167417295538998
58.0	0.07167417295546849
58.1	0.07167417295557862
58.2	0.07167417295567272
58.3	0.0716741729557234
58.4	0.07167417295571754
58.5	0.07167417295565352
58.6	0.07167417295556981
58.7	0.07167417295549362
58.8	0.07167417295544973
58.9	0.07167417295545526
59.0	0.07167417295549929
59.1	0.0716741729555656
59.2	0.07167417295562403
59.3	0.07167417295566145
59.4	0.07167417295566489
59.5	0.07167417295563143
59.6	0.07167417295557599
59.7	0.07167417295552989
59.8	0.07167417295549672
59.9	0.07167417295549544
60.0	0.07167417295552128
60.1	0.07167417295555911
60.2	0.07167417295559797
60.3	0.0716741729556258
60.4	0.07167417295562897
60.5	0.07167417295561057
60.6	0.07167417295558104
60.7	0.07167417295554862
60.8	0.0716741729555295
60.9	0.07167417295552385
61.0	0.07167417295553488
61.1	0.07167417295556332
61.2	0.07167417295558304
61.3	0.07167417295560462
61.4	0.07167417295560816
61.5	0.07167417295559854
61.6	0.07167417295558072
61.7	0.07167417295556028
61.8	0.07167417295554483
61.9	0.0716741729555404
62.0	0.07167417295554718
62.1	0.07167417295556262
62.2	0.07167417295557227
62.3	0.07167417295558738
62.4	0.07167417295559372
62.5	0.07167417295558408
62.6	0.07167417295557921
62.7	0.07167417295556582
62.8	0.07167417295555846
62.9	0.07167417295555285
63.0	0.07167417295555395
63.1	0.07167417295556483
63.2	0.07167417295557686
63.3	0.07167417295558014
63.4	0.0716741729555859
63.5	0.07167417295558055
63.6	0.07167417295557917
63.7	0.07167417295557273
63.8	0.07167417295556094
63.9	0.07167417295556051
64.0	0.07167417295555853
64.1	0.07167417295556128
64.2	0.07167417295557256
64.3	0.07167417295557574
64.4	0.07167417295557933
64.5	0.07167417295557886
64.6	0.07167417295557436
64.7	0.07167417295557056
64.8	0.0716741729555668
64.9	0.0716741729555636
65.0	0.07167417295556407
65.1	0.07167417295556602
65.2	0.071674172955569
65.3	0.0716741729555718
65.4	0.07167417295557599
65.5	0.07167417295557592
65.6	0.07167417295557033
65.7	0.07167417295556874
65.8	0.07167417295556584
65.9	0.07167417295556504
66.0	0.07167417295556745
66.1	0.07167417295556962
66.2	0.07167417295556856
66.3	0.07167417295557127
66.4	0.07167417295557188
66.5	0.07167417295557067
66.6	0.07167417295557055
66.7	0.07167417295557055
66.8	0.07167417295556906
66.9	0.07167417295556897
67.0	0.07167417295556858
67.1	0.07167417295556941
67.2	0.07167417295556805
67.3	0.07167417295557131
67.4	0.07167417295557434
67.5	0.07167417295557339
67.6	0.07167417295557149
67.7	0.07167417295556984
67.8	0.07167417295556783
67.9	0.0716741729555655
68.0	0.07167417295556498
68.1	0.07167417295556941
68.2	0.07167417295557257
68.3	0.07167417295556971
68.4	0.07167417295556718
68.5	0.07167417295556999
68.6	0.07167417295556758
68.7	0.07167417295557092
68.8	0.07167417295557052
68.9	0.07167417295556847
69.0	0.07167417295557221
69.1	0.07167417295556901
69.2	0.07167417295557131
69.3	0.0716741729555708
69.4	0.07167417295556924
69.5	0.07167417295557343
69.6	0.07167417295557138
69.7	0.07167417295557185
69.8	0.07167417295556704
69.9	0.07167417295557228
70.0	0.07167417295556969
70.1	0.07167417295557112
70.2	0.07167417295557145
70.3	0.07167417295557081
70.4	0.0716741729555695
70.5	0.07167417295556901
70.6	0.07167417295557095
70.7	0.07167417295557009
70.8	0.07167417295556999
70.9	0.07167417295556947
71.0	0.07167417295556776
71.1	0.07167417295556987
71.2	0.07167417295557146
71.3	0.07167417295557092
71.4	0.07167417295557177
71.5	0.07167417295556947
71.6	0.07167417295556981
71.7	0.07167417295556759
71.8	0.07167417295556967
71.9	0.0716741729555693
72.0	0.07167417295557046
72.1	0.07167417295557173
72.2	0.07167417295557146
72.3	0.07167417295557146
72.4	0.07167417295556786
72.5	0.07167417295556773
72.6	0.071674172955569
72.7	0.07167417295557148
72.8	0.07167417295556937
72.9	0.07167417295556991
73.0	0.07167417295556831
73.1	0.07167417295556647
73.2	0.07167417295556809
73.3	0.07167417295557173
73.4	0.07167417295556884
73.5	0.07167417295556745
73.6	0.07167417295556967
73.7	0.07167417295557181
73.8	0.07167417295556769
73.9	0.07167417295556976
74.0	0.0716741729555711
74.1	0.07167417295557076
74.2	0.07167417295556933
74.3	0.07167417295556937
74.4	0.07167417295557156
74.5	0.07167417295556998
74.6	0.07167417295556966
74.7	0.07167417295556996
74.8	0.07167417295556536
74.9	0.0716741729555706
75.0	0.07167417295557216
75.1	0.07167417295557305
75.2	0.07167417295556973
75.3	0.07167417295556577
75.4	0.07167417295557016
75.5	0.0716741729555719
75.6	0.07167417295556897
75.7	0.07167417295556923
75.8	0.07167417295556967
75.9	0.07167417295556974
76.0	0.07167417295556955
76.1	0.07167417295557175
76.2	0.0716741729555678
76.3	0.0716741729555703
76.4	0.0716741729555707
76.5	0.07167417295556974
76.6	0.07167417295557099
76.7	0.07167417295557099
76.8	0.07167417295557087
76.9	0.07167417295557159
77.0	0.07167417295557002
77.1	0.07167417295556824
77.2	0.07167417295556881
77.3	0.07167417295556862
77.4	0.07167417295557015
77.5	0.07167417295557346
77.6	0.07167417295557192
77.7	0.07167417295557328
77.8	0.07167417295557077
77.9	0.0716741729555702
78.0	0.07167417295557175
78.1	0.07167417295556994
78.2	0.07167417295557141
78.3	0.07167417295556809
78.4	0.07167417295556713
78.5	0.0716741729555712
78.6	0.0716741729555688
78.7	0.07167417295556983
78.8	0.07167417295557027
78.9	0.07167417295556895
79.0	0.07167417295557112
79.1	0.07167417295556719
79.2	0.07167417295556863
79.3	0.07167417295557127
79.4	0.07167417295556802
79.5	0.07167417295556994
79.6	0.07167417295557113
79.7	0.07167417295556897
79.8	0.07167417295557055
79.9	0.07167417295556876
80.0	0.0716741729555718
80.1	0.07167417295556931
80.2	0.07167417295557062
80.3	0.07167417295556956
80.4	0.07167417295557076
80.5	0.07167417295557062
80.6	0.07167417295557264
80.7	0.07167417295557253
80.8	0.07167417295557381
80.9	0.07167417295556977
81.0	0.0716741729555721
81.1	0.07167417295557024
81.2	0.07167417295557582
81.3	0.07167417295557088
81.4	0.07167417295556701
81.5	0.07167417295556712
81.6	0.07167417295557214
81.7	0.07167417295556884
81.8	0.07167417295556877
81.9	0.07167417295556905
82.0	0.07167417295556973
82.1	0.07167417295557281
82.2	0.07167417295557155
82.3	0.07167417295557078
82.4	0.07167417295556705
82.5	0.07167417295557384
82.6	0.07167417295557067
82.7	0.07167417295557102
82.8	0.07167417295557207
82.9	0.07167417295556867
83.0	0.07167417295557049
83.1	0.07167417295556824
83.2	0.07167417295556748
83.3	0.07167417295556842
83.4	0.07167417295556862
83.5	0.07167417295557153
83.6	0.07167417295556823
83.7	0.0716741729555701
83.8	0.07167417295557228
83.9	0.07167417295557084
84.0	0.07167417295556794
84.1	0.07167417295557343
84.2	0.07167417295556616
84.3	0.07167417295557281
84.4	0.07167417295556874
84.5	0.07167417295557099
84.6	0.07167417295557361
84.7	0.07167417295557116
84.8	0.07167417295557184
84.9	0.07167417295557088
85.0	0.07167417295556856
85.1	0.07167417295557343
85.2	0.07167417295557266
85.3	0.07167417295557033
85.4	0.07167417295557069
85.5	0.07167417295556786
85.6	0.0716741729555695
85.7	0.07167417295556786
85.8	0.07167417295557174
85.9	0.07167417295556906
86.0	0.07167417295556769
86.1	0.07167417295556913
86.2	0.07167417295557016
86.3	0.07167417295556866
86.4	0.07167417295557346
86.5	0.07167417295556802
86.6	0.07167417295557242
86.7	0.07167417295557327
86.8	0.07167417295556858
86.9	0.07167417295557121
87.0	0.0716741729555675
87.1	0.0716741729555686
87.2	0.07167417295557006
87.3	0.07167417295557209
87.4	0.07167417295557246
87.5	0.07167417295557066
87.6	0.07167417295557758
87.7	0.07167417295556956
87.8	0.07167417295557098
87.9	0.07167417295556844
88.0	0.07167417295557159
88.1	0.07167417295556937
88.2	0.07167417295556786
88.3	0.07167417295557157
88.4	0.07167417295556959
88.5	0.07167417295557123
88.6	0.07167417295556837
88.7	0.07167417295556999
88.8	0.07167417295556883
88.9	0.07167417295556884
89.0	0.07167417295557081
89.1	0.07167417295556773
89.2	0.07167417295557182
89.3	0.07167417295556928
89.4	0.07167417295556872
89.5	0.07167417295556609
89.6	0.07167417295556862
89.7	0.07167417295556895
89.8	0.0716741729555704
89.9	0.07167417295556851
90.0	0.07167417295557078
90.1	0.07167417295557067
90.2	0.0716741729555705
90.3	0.07167417295556927
90.4	0.07167417295557132
90.5	0.07167417295557008
90.6	0.07167417295556763
90.7	0.07167417295556948
90.8	0.07167417295556934
90.9	0.07167417295557221
91.0	0.07167417295557288
91.1	0.07167417295556923
91.2	0.07167417295557098
91.3	0.07167417295556901
91.4	0.07167417295557026
91.5	0.07167417295557124
91.6	0.07167417295556948
91.7	0.07167417295557126
91.8	0.07167417295557074
91.9	0.07167417295556996
92.0	0.07167417295556801
92.1	0.07167417295556935
92.2	0.07167417295556935
92.3	0.0716741729555692
92.4	0.07167417295557184
92.5	0.07167417295556726
92.6	0.07167417295557398
92.7	0.07167417295557295
92.8	0.07167417295556842
92.9	0.07167417295557031
93.0	0.07167417295556913
93.1	0.07167417295557121
93.2	0.07167417295557171
93.3	0.07167417295556852
93.4	0.07167417295557278
93.5	0.07167417295557062
93.6	0.07167417295556867
93.7	0.07167417295556801
93.8	0.07167417295557033
93.9	0.07167417295556854
94.0	0.07167417295557005
94.1	0.07167417295557307
94.2	0.07167417295556927
94.3	0.07167417295556976
94.4	0.0716741729555695
94.5	0.07167417295557343
94.6	0.07167417295557207
94.7	0.07167417295557453
94.8	0.07167417295556944
94.9	0.07167417295557081
95.0	0.07167417295556935
95.1	0.07167417295557121
95.2	0.07167417295556994
95.3	0.07167417295557217
95.4	0.07167417295557141
95.5	0.07167417295557257
95.6	0.0716741729555711
95.7	0.07167417295557099
95.8	0.07167417295557181
95.9	0.07167417295556812
96.0	0.07167417295556901
96.1	0.0716741729555686
96.2	0.07167417295557
96.3	0.07167417295557003
96.4	0.07167417295556888
96.5	0.07167417295556983
96.6	0.07167417295556991
96.7	0.0716741729555701
96.8	0.07167417295556987
96.9	0.07167417295556779
97.0	0.07167417295557064
97.1	0.07167417295556848
97.2	0.07167417295556675
97.3	0.07167417295556952
97.4	0.0716741729555716
97.5	0.07167417295556981
97.6	0.07167417295556897
97.7	0.0716741729555701
97.8	0.07167417295557073
97.9	0.0716741729555687
98.0	0.07167417295557167
98.1	0.07167417295556996
98.2	0.07167417295556847
98.3	0.07167417295557142
98.4	0.07167417295556958
98.5	0.07167417295557112
98.6	0.07167417295556953
98.7	0.0716741729555737
98.8	0.071674172955573
98.9	0.07167417295556991
99.0	0.0716741729555694
99.1	0.07167417295556916
99.2	0.07167417295557062
99.3	0.07167417295557182
99.4	0.07167417295557003
99.5	0.0716741729555681
99.6	0.07167417295556867
99.7	0.07167417295557305
99.8	0.07167417295556947
99.9	0.0716741729555724
100.0	0.07167417295556924
