0.0	0.0
0.1	0.0066011554791086426
0.2	0.01940531155283342
0.3	0.03342675557425647
0.4	0.04582263522728461
0.5	0.054916051354400426
0.6	0.059894993597497115
0.7	0.06063501853665796
0.8	0.057565799279598755
0.9	0.05154953166192815
1.0	0.04375143721164448
1.1	0.03549251445011186
1.2	0.028083305957983744
1.3	0.022637464225234164
1.4	0.019858257352636886
1.5	0.019837291828880926
1.6	0.022035508655645582
1.7	0.025548455139809547
1.8	0.029443819831307408
1.9	0.03296362367445777
2.0	0.03559594022372162
2.1	0.03708008791857412
2.2	0.03738139738837474
2.3	0.03664965300835922
2.4	0.03516698008997875
2.5	0.03328885413160272
2.6	0.031382310442393875
2.7	0.029767016138965666
2.8	0.028666999470051552
2.9	0.028182342955109758
3.0	0.028287680781441504
3.1	0.028857157214581132
3.2	0.029706511175375372
3.3	0.03063843345134351
3.4	0.03147994477709688
3.5	0.03210650343173675
3.6	0.03245248285534641
3.7	0.03251017719475802
3.8	0.03232029426985223
3.9	0.031956972883109905
4.0	0.031510266403960596
4.1	0.031068889187534584
4.2	0.03070574543838081
4.3	0.03046821413325551
4.4	0.03037426929452811
4.5	0.030414361771234088
4.6	0.030557859499631496
4.7	0.03076208440028658
4.8	0.030981797687328526
4.9	0.031177330964896412
5.0	0.031320216941952514
5.1	0.031395881144437025
5.2	0.031403543506018525
5.3	0.0313538847307362
5.4	0.031265260038564904
5.5	0.03115931736280706
5.6	0.031056823751923885
5.7	0.030974345895856525
5.8	0.030922196145317344
5.9	0.03090378292372608
6.0	0.030916242554275324
6.1	0.030952025820268975
6.2	0.03100099982574307
6.3	0.031052612818050142
6.4	0.03109774152695743
6.5	0.031129966496136148
6.6	0.03114616590376212
6.7	0.031146452754043156
6.8	0.0311335840668975
6.9	0.031112033870642396
7.0	0.031086942770082608
7.1	0.03106314011656195
7.2	0.03104438921907322
7.3	0.03103294331124713
7.4	0.031029432940725
7.5	0.03103304597983366
7.6	0.0310419185926703
7.7	0.03105363399127024
7.8	0.031065725793531875
7.9	0.031076100442222605
8.0	0.031083322152620975
8.1	0.0310867371204565
8.2	0.03108644480819808
8.3	0.031083148254448165
8.4	0.03107792982577853
8.5	0.031072003035374246
8.6	0.031066486130118365
8.7	0.031062231498853853
8.8	0.03105972966086816
8.9	0.03105909081982394
9.0	0.031060093435616318
9.1	0.031062279867007575
9.2	0.031065074741810268
9.3	0.031067902186837058
9.4	0.03107028245672005
9.5	0.031071895397435965
9.6	0.03107260596208998
9.7	0.031072454200173374
9.8	0.03107161766416223
9.9	0.031070357395454756
10.0	0.03106895943567871
10.1	0.03106768245632667
10.2	0.031066719210640883
10.3	0.03106617583804919
10.4	0.031066069346506825
10.5	0.031066340489487202
10.6	0.03106687716061049
10.7	0.03106754252355011
10.8	0.031068202321687312
10.9	0.031068746931537695
11.0	0.031069105390601114
11.1	0.031069250466253855
11.2	0.03106919549938028
11.3	0.03106898500536133
11.4	0.031068681710359404
11.5	0.031068352824728633
11.6	0.031068057988066555
11.7	0.031067840610479992
11.8	0.031067723461246935
11.9	0.03106770849448557
12.0	0.03106778019345906
12.1	0.03106791125259546
12.2	0.031068069232968544
12.3	0.031068222904410227
12.4	0.031068347266855815
12.5	0.03106842664227602
12.6	0.03106845565902406
12.7	0.031068438335103168
12.8	0.03106838574891798
12.9	0.031068312936877653
13.0	0.031068235674353295
13.1	0.0310681677002023
13.2	0.031068118772238886
13.3	0.031068093733253047
13.4	0.031068092566058282
13.5	0.031068111253919707
13.6	0.031068143159893816
13.7	0.031068180602188827
13.8	0.031068216326593862
13.9	0.031068244647350803
14.0	0.031068262123483053
14.1	0.031068267739381494
14.2	0.031068262646869602
14.3	0.03106824958944762
14.4	0.031068232161437104
14.5	0.031068214055345645
14.6	0.031068198425652338
14.7	0.031068187455102467
14.8	0.031068182160415556
14.9	0.03106818242763001
15.0	0.031068187230721227
15.1	0.03106819496445155
15.2	0.031068203815563276
15.3	0.031068212103331445
15.4	0.031068218537913896
15.5	0.03106822236756018
15.6	0.031068223409767132
15.7	0.031068221981470915
15.8	0.031068218757874314
15.9	0.031068214596068327
16.0	0.031068210359279244
16.1	0.031068206771047883
16.2	0.0310682043185509
16.3	0.031068203212602646
16.4	0.031068203401054373
16.5	0.031068204623920122
16.6	0.031068206493658483
16.7	0.031068208582635603
16.8	0.03106821050194946
16.9	0.031068211959759416
17.0	0.031068212793123086
17.1	0.031068212972538083
17.2	0.03106821258334708
17.3	0.031068211791137657
17.4	0.031068210799833327
17.5	0.031068209810744648
17.6	0.031068208989265027
17.7	0.031068208443505017
17.8	0.031068208216299444
17.9	0.031068208289514208
18.0	0.031068208597874715
18.1	0.031068209048205862
18.2	0.031068209539987828
18.3	0.03106820998347117
18.4	0.0310682103128442
18.5	0.031068210493026865
18.6	0.031068210520126302
18.7	0.031068210416604753
18.8	0.031068210222856503
18.9	0.03106820998727406
19.0	0.031068209756730567
19.1	0.031068209568984793
19.2	0.031068209447968658
19.3	0.03106820940219178
19.4	0.03106820942606462
19.5	0.031068209503290818
19.6	0.03106820961150975
19.7	0.031068209727110517
19.8	0.031068209829408916
19.9	0.031068209903605235
20.0	0.031068209942209796
20.1	0.031068209945038713
20.2	0.03106820991793275
20.3	0.031068209870718164
20.4	0.03106820981485696
20.5	0.031068209761237076
20.6	0.03106820971845451
20.7	0.03106820969176946
20.8	0.03106820968280655
20.9	0.03106820968995549
21.0	0.031068209709156004
21.1	0.031068209735075472
21.2	0.031068209762184985
21.3	0.03106820978572247
21.4	0.03106820980237911
21.5	0.031068209810576338
21.6	0.03106820981043043
21.7	0.0310682098034365
21.8	0.031068209791978055
21.9	0.031068209778761714
22.0	0.03106820976631593
22.1	0.031068209756588618
22.2	0.03106820975072371
22.3	0.031068209749039295
22.4	0.031068209751066132
22.5	0.03106820975581475
22.6	0.031068209762011304
22.7	0.031068209768360784
22.8	0.03106820977376927
22.9	0.031068209777495276
23.0	0.031068209779216285
23.1	0.031068209778987887
23.2	0.0310682097772039
23.3	0.03106820977442944
23.4	0.031068209771310445
23.5	0.031068209768424282
23.6	0.031068209766219046
23.7	0.031068209764944402
23.8	0.031068209764644243
23.9	0.03106820976520365
24.0	0.031068209766370754
24.1	0.031068209767843042
24.2	0.0310682097693277
24.3	0.031068209770568986
24.4	0.031068209771396547
24.5	0.03106820977175343
24.6	0.031068209771659853
24.7	0.031068209771208145
24.8	0.031068209770537328
24.9	0.031068209769803207
25.0	0.031068209769135872
25.1	0.031068209768637195
25.2	0.031068209768358102
25.3	0.031068209768313888
25.4	0.031068209768462623
25.5	0.031068209768745803
25.6	0.031068209769098028
25.7	0.031068209769443852
25.8	0.03106820976972669
25.9	0.03106820976991297
26.0	0.031068209769983143
26.1	0.031068209769952684
26.2	0.031068209769838796
26.3	0.03106820976967619
26.4	0.03106820976950451
26.5	0.03106820976935059
26.6	0.031068209769238044
26.7	0.031068209769178918
26.8	0.031068209769172888
26.9	0.03106820976920841
27.0	0.031068209769283282
27.1	0.031068209769364124
27.2	0.03106820976944625
27.3	0.031068209769512873
27.4	0.031068209769554187
27.5	0.03106820976956584
27.6	0.031068209769556373
27.7	0.031068209769525575
27.8	0.031068209769489204
27.9	0.031068209769449472
28.0	0.031068209769412575
28.1	0.031068209769387352
28.2	0.031068209769374317
28.3	0.031068209769373425
28.4	0.03106820976938228
28.5	0.031068209769403537
28.6	0.031068209769424246
28.7	0.031068209769440927
28.8	0.03106820976945892
28.9	0.031068209769466712
29.0	0.031068209769468606
29.1	0.03106820976946446
29.2	0.031068209769455107
29.3	0.03106820976944617
29.4	0.03106820976943711
29.5	0.03106820976942937
29.6	0.031068209769421973
29.7	0.03106820976942327
29.8	0.031068209769421876
29.9	0.03106820976942418
30.0	0.03106820976942862
30.1	0.031068209769431084
30.2	0.03106820976943528
30.3	0.03106820976944068
30.4	0.03106820976944447
30.5	0.031068209769445423
30.6	0.031068209769443245
30.7	0.031068209769437936
30.8	0.031068209769438093
30.9	0.031068209769436927
31.0	0.031068209769432194
31.1	0.031068209769430574
31.2	0.03106820976943094
31.3	0.031068209769432316
31.4	0.031068209769433065
31.5	0.031068209769435008
31.6	0.03106820976943466
31.7	0.031068209769434876
31.8	0.03106820976943828
31.9	0.03106820976943648
32.0	0.03106820976943849
32.1	0.03106820976943792
32.2	0.03106820976943498
32.3	0.031068209769438266
32.4	0.03106820976943498
32.5	0.03106820976943715
32.6	0.031068209769437957
32.7	0.031068209769434182
32.8	0.031068209769435286
32.9	0.031068209769435192
33.0	0.031068209769435102
33.1	0.031068209769436243
33.2	0.031068209769431802
33.3	0.0310682097694348
33.4	0.031068209769436507
33.5	0.031068209769435886
33.6	0.03106820976943921
33.7	0.031068209769436295
33.8	0.03106820976943308
33.9	0.03106820976943688
34.0	0.031068209769433277
34.1	0.03106820976943536
34.2	0.031068209769433364
34.3	0.0310682097694375
34.4	0.03106820976943523
34.5	0.031068209769435272
34.6	0.031068209769430834
34.7	0.031068209769434158
34.8	0.031068209769436177
34.9	0.031068209769433742
35.0	0.031068209769434783
35.1	0.03106820976943416
35.2	0.031068209769433305
35.3	0.031068209769437284
35.4	0.031068209769434453
35.5	0.03106820976943868
35.6	0.03106820976943698
35.7	0.031068209769432833
35.8	0.031068209769434352
35.9	0.031068209769435515
36.0	0.031068209769433842
36.1	0.031068209769434862
36.2	0.03106820976943857
36.3	0.03106820976943666
36.4	0.031068209769438096
36.5	0.031068209769436854
36.6	0.03106820976943662
36.7	0.031068209769434474
36.8	0.03106820976943813
36.9	0.031068209769434925
37.0	0.031068209769438693
37.1	0.03106820976944071
37.2	0.031068209769436632
37.3	0.031068209769437454
37.4	0.03106820976943784
37.5	0.031068209769437027
37.6	0.03106820976943518
37.7	0.031068209769436472
37.8	0.031068209769434522
37.9	0.031068209769435588
38.0	0.031068209769436472
38.1	0.031068209769435872
38.2	0.03106820976943193
38.3	0.03106820976943117
38.4	0.031068209769435896
38.5	0.031068209769437367
38.6	0.031068209769437347
38.7	0.031068209769437145
38.8	0.03106820976943578
38.9	0.03106820976943518
39.0	0.03106820976943558
39.1	0.031068209769437104
39.2	0.03106820976943784
39.3	0.031068209769438245
39.4	0.031068209769439054
39.5	0.031068209769435907
39.6	0.031068209769436098
39.7	0.031068209769436327
39.8	0.031068209769436972
39.9	0.031068209769436375
40.0	0.031068209769432364
40.1	0.031068209769436445
40.2	0.031068209769436094
40.3	0.031068209769438245
40.4	0.031068209769438238
40.5	0.031068209769437957
40.6	0.031068209769438387
40.7	0.031068209769438335
40.8	0.031068209769437676
40.9	0.03106820976943961
41.0	0.03106820976943568
41.1	0.03106820976943789
41.2	0.03106820976943648
41.3	0.03106820976943887
41.4	0.03106820976943475
41.5	0.03106820976943563
41.6	0.031068209769435813
41.7	0.031068209769436486
41.8	0.031068209769438117
41.9	0.031068209769438315
42.0	0.031068209769435664
42.1	0.03106820976943518
42.2	0.031068209769440264
42.3	0.031068209769433967
42.4	0.031068209769437253
42.5	0.031068209769435997
42.6	0.03106820976943568
42.7	0.031068209769433867
42.8	0.03106820976943596
42.9	0.031068209769434262
43.0	0.031068209769434973
43.1	0.031068209769434328
43.2	0.03106820976943583
43.3	0.031068209769434276
43.4	0.03106820976943556
43.5	0.031068209769437503
43.6	0.03106820976943512
43.7	0.0310682097694404
43.8	0.031068209769434467
43.9	0.03106820976943741
44.0	0.031068209769435928
44.1	0.031068209769436812
44.2	0.031068209769435737
44.3	0.031068209769436486
44.4	0.0310682097694363
44.5	0.03106820976943287
44.6	0.031068209769438287
44.7	0.031068209769435653
44.8	0.03106820976943242
44.9	0.031068209769434287
45.0	0.03106820976943391
45.1	0.031068209769435202
45.2	0.031068209769436698
45.3	0.031068209769435324
45.4	0.031068209769434453
45.5	0.031068209769433155
45.6	0.03106820976943618
45.7	0.03106820976943556
45.8	0.031068209769434904
45.9	0.03106820976943422
46.0	0.0310682097694351
46.1	0.031068209769434297
46.2	0.031068209769435015
46.3	0.0310682097694337
46.4	0.03106820976943648
46.5	0.031068209769435622
46.6	0.03106820976943669
46.7	0.03106820976943539
46.8	0.03106820976943369
46.9	0.031068209769435043
47.0	0.03106820976943573
47.1	0.031068209769438873
47.2	0.031068209769435147
47.3	0.03106820976943451
47.4	0.03106820976943684
47.5	0.03106820976943354
47.6	0.031068209769435043
47.7	0.03106820976943567
47.8	0.031068209769437506
47.9	0.031068209769434703
48.0	0.031068209769436035
48.1	0.031068209769436715
48.2	0.031068209769437985
48.3	0.03106820976943498
48.4	0.031068209769435456
48.5	0.03106820976943582
48.6	0.03106820976943728
48.7	0.03106820976943721
48.8	0.03106820976943572
48.9	0.03106820976943709
49.0	0.031068209769439234
49.1	0.03106820976943716
49.2	0.03106820976943931
49.3	0.031068209769435647
49.4	0.031068209769437548
49.5	0.031068209769433842
49.6	0.03106820976943543
49.7	0.03106820976943503
49.8	0.031068209769439338
49.9	0.03106820976943736
50.0	0.031068209769435813
50.1	0.031068209769440906
50.2	0.031068209769437062
50.3	0.031068209769438734
50.4	0.031068209769432493
50.5	0.03106820976943771
50.6	0.031068209769436604
50.7	0.031068209769436157
50.8	0.031068209769435987
50.9	0.03106820976943625
51.0	0.031068209769435372
51.1	0.0310682097694356
51.2	0.031068209769433003
51.3	0.031068209769438058
51.4	0.031068209769435515
51.5	0.031068209769437676
51.6	0.031068209769434824
51.7	0.03106820976943579
51.8	0.03106820976943941
51.9	0.031068209769436885
52.0	0.031068209769435196
52.1	0.03106820976943643
52.2	0.031068209769437253
52.3	0.031068209769437853
52.4	0.031068209769436528
52.5	0.031068209769436514
52.6	0.031068209769435935
52.7	0.031068209769437947
52.8	0.031068209769436663
52.9	0.031068209769436028
53.0	0.031068209769436705
53.1	0.031068209769438443
53.2	0.031068209769437534
53.3	0.031068209769437048
53.4	0.031068209769434252
53.5	0.031068209769437548
53.6	0.031068209769434696
53.7	0.031068209769436618
53.8	0.031068209769435924
53.9	0.031068209769436087
54.0	0.031068209769436562
54.1	0.031068209769437968
54.2	0.03106820976943723
54.3	0.031068209769438672
54.4	0.031068209769435105
54.5	0.03106820976943645
54.6	0.03106820976943625
54.7	0.031068209769434245
54.8	0.031068209769436264
54.9	0.031068209769439116
55.0	0.031068209769435775
55.1	0.03106820976943817
55.2	0.031068209769436177
55.3	0.03106820976943485
55.4	0.031068209769436125
55.5	0.03106820976943514
55.6	0.031068209769435595
55.7	0.031068209769433256
55.8	0.03106820976943498
55.9	0.031068209769436358
56.0	0.03106820976943355
56.1	0.031068209769438318
56.2	0.031068209769439165
56.3	0.031068209769435334
56.4	0.03106820976943876
56.5	0.031068209769435043
56.6	0.03106820976943655
56.7	0.031068209769437704
56.8	0.031068209769433967
56.9	0.03106820976943548
57.0	0.03106820976943659
57.1	0.031068209769436035
57.2	0.03106820976943519
57.3	0.031068209769436486
57.4	0.03106820976943584
57.5	0.031068209769436514
57.6	0.031068209769435
57.7	0.031068209769436493
57.8	0.03106820976943463
57.9	0.031068209769435307
58.0	0.031068209769432552
58.1	0.031068209769436264
58.2	0.031068209769435647
58.3	0.031068209769437805
58.4	0.031068209769436316
58.5	0.0310682097694356
58.6	0.031068209769437943
58.7	0.031068209769437468
58.8	0.03106820976943467
58.9	0.03106820976943723
59.0	0.031068209769434904
59.1	0.031068209769439713
59.2	0.031068209769436368
59.3	0.031068209769436358
59.4	0.03106820976943594
59.5	0.03106820976943858
59.6	0.03106820976943464
59.7	0.031068209769433263
59.8	0.03106820976943431
59.9	0.031068209769438516
60.0	0.031068209769433256
60.1	0.031068209769436923
60.2	0.03106820976943451
60.3	0.031068209769435008
60.4	0.031068209769436445
60.5	0.031068209769435237
60.6	0.031068209769435244
60.7	0.031068209769436316
60.8	0.031068209769438016
60.9	0.0310682097694372
61.0	0.031068209769437076
61.1	0.03106820976943467
61.2	0.031068209769435293
61.3	0.031068209769432423
61.4	0.031068209769435765
61.5	0.031068209769435112
61.6	0.03106820976943434
61.7	0.03106820976943828
61.8	0.031068209769435865
61.9	0.031068209769435855
62.0	0.031068209769435647
62.1	0.031068209769434654
62.2	0.031068209769437624
62.3	0.03106820976943563
62.4	0.0310682097694325
62.5	0.03106820976943793
62.6	0.03106820976943523
62.7	0.031068209769436125
62.8	0.03106820976943399
62.9	0.031068209769437728
63.0	0.031068209769435546
63.1	0.0310682097694362
63.2	0.031068209769437048
63.3	0.031068209769438096
63.4	0.031068209769434717
63.5	0.03106820976943543
63.6	0.03106820976943421
63.7	0.03106820976943657
63.8	0.031068209769435043
63.9	0.031068209769437624
64.0	0.0310682097694362
64.1	0.03106820976943888
64.2	0.031068209769431917
64.3	0.03106820976943494
64.4	0.031068209769433877
64.5	0.031068209769439782
64.6	0.03106820976943274
64.7	0.031068209769436937
64.8	0.03106820976943503
64.9	0.031068209769438485
65.0	0.031068209769435078
65.1	0.031068209769438065
65.2	0.031068209769436382
65.3	0.031068209769435265
65.4	0.031068209769433492
65.5	0.031068209769433947
65.6	0.03106820976943441
65.7	0.031068209769434828
65.8	0.03106820976943558
65.9	0.031068209769436732
66.0	0.031068209769432704
66.1	0.03106820976943381
66.2	0.031068209769432496
66.3	0.031068209769436316
66.4	0.031068209769435202
66.5	0.031068209769434783
66.6	0.03106820976943716
66.7	0.031068209769434495
66.8	0.03106820976944027
66.9	0.031068209769436125
67.0	0.031068209769437635
67.1	0.03106820976943655
67.2	0.031068209769433634
67.3	0.031068209769436063
67.4	0.0310682097694398
67.5	0.03106820976943525
67.6	0.031068209769435872
67.7	0.03106820976944088
67.8	0.031068209769435733
67.9	0.031068209769436347
68.0	0.031068209769434193
68.1	0.03106820976943441
68.2	0.03106820976943615
68.3	0.03106820976943498
68.4	0.031068209769436715
68.5	0.031068209769434158
68.6	0.03106820976943434
68.7	0.03106820976943666
68.8	0.03106820976943317
68.9	0.031068209769434064
69.0	0.03106820976943684
69.1	0.031068209769435296
69.2	0.031068209769436604
69.3	0.031068209769434262
69.4	0.031068209769435872
69.5	0.031068209769436094
69.6	0.031068209769435886
69.7	0.031068209769435588
69.8	0.031068209769435338
69.9	0.03106820976943714
70.0	0.031068209769438145
70.1	0.031068209769437305
70.2	0.031068209769436445
70.3	0.03106820976943477
70.4	0.03106820976943134
70.5	0.031068209769435865
70.6	0.031068209769433853
70.7	0.031068209769438367
70.8	0.031068209769435293
70.9	0.03106820976943682
71.0	0.03106820976943625
71.1	0.0310682097694384
71.2	0.03106820976943379
71.3	0.031068209769436368
71.4	0.031068209769438936
71.5	0.031068209769433412
71.6	0.031068209769436052
71.7	0.031068209769435636
71.8	0.03106820976943655
71.9	0.03106820976943821
72.0	0.031068209769438263
72.1	0.031068209769434717
72.2	0.03106820976943475
72.3	0.031068209769437125
72.4	0.031068209769431185
72.5	0.031068209769435667
72.6	0.031068209769436264
72.7	0.031068209769436844
72.8	0.031068209769434203
72.9	0.031068209769432593
73.0	0.031068209769433676
73.1	0.031068209769437232
73.2	0.031068209769435317
73.3	0.031068209769435105
73.4	0.031068209769436632
73.5	0.031068209769433232
73.6	0.031068209769437923
73.7	0.03106820976943489
73.8	0.03106820976943254
73.9	0.03106820976943494
74.0	0.031068209769435622
74.1	0.03106820976943352
74.2	0.031068209769438453
74.3	0.03106820976943625
74.4	0.03106820976943625
74.5	0.031068209769434467
74.6	0.03106820976943597
74.7	0.031068209769435955
74.8	0.031068209769437968
74.9	0.03106820976943498
75.0	0.031068209769435445
75.1	0.031068209769436233
75.2	0.03106820976943563
75.3	0.03106820976943391
75.4	0.031068209769436063
75.5	0.03106820976943366
75.6	0.031068209769435473
75.7	0.03106820976943457
75.8	0.03106820976943757
75.9	0.03106820976943619
76.0	0.031068209769434432
76.1	0.03106820976943613
76.2	0.03106820976943441
76.3	0.031068209769436854
76.4	0.031068209769434255
76.5	0.03106820976943659
76.6	0.031068209769437125
76.7	0.031068209769436264
76.8	0.031068209769436396
76.9	0.031068209769434973
77.0	0.031068209769437454
77.1	0.031068209769435536
77.2	0.031068209769437034
77.3	0.031068209769433412
77.4	0.031068209769436757
77.5	0.03106820976943457
77.6	0.031068209769436243
77.7	0.031068209769434738
77.8	0.031068209769434262
77.9	0.031068209769435775
78.0	0.031068209769435348
78.1	0.03106820976943669
78.2	0.031068209769432153
78.3	0.031068209769437354
78.4	0.031068209769437756
78.5	0.031068209769433665
78.6	0.031068209769437014
78.7	0.031068209769436805
78.8	0.031068209769436805
78.9	0.03106820976943596
79.0	0.0310682097694362
79.1	0.031068209769434727
79.2	0.03106820976943516
79.3	0.031068209769435168
79.4	0.031068209769433277
79.5	0.031068209769437104
79.6	0.03106820976943862
79.7	0.031068209769438443
79.8	0.031068209769434117
79.9	0.031068209769435154
80.0	0.031068209769434064
80.1	0.03106820976943779
80.2	0.031068209769435664
80.3	0.031068209769436705
80.4	0.03106820976943254
80.5	0.031068209769436368
80.6	0.03106820976943728
80.7	0.031068209769437378
80.8	0.03106820976943716
80.9	0.031068209769438238
81.0	0.0310682097694326
81.1	0.031068209769437354
81.2	0.031068209769436042
81.3	0.031068209769435487
81.4	0.031068209769436163
81.5	0.031068209769437215
81.6	0.031068209769434668
81.7	0.03106820976943372
81.8	0.031068209769435407
81.9	0.031068209769436726
82.0	0.031068209769437232
82.1	0.03106820976943507
82.2	0.03106820976943784
82.3	0.031068209769437468
82.4	0.03106820976943597
82.5	0.031068209769435813
82.6	0.031068209769435588
82.7	0.03106820976943432
82.8	0.03106820976943518
82.9	0.031068209769436927
83.0	0.031068209769434585
83.1	0.031068209769439137
83.2	0.031068209769435456
83.3	0.031068209769435407
83.4	0.03106820976943666
83.5	0.031068209769437027
83.6	0.03106820976943419
83.7	0.0310682097694348
83.8	0.031068209769435907
83.9	0.031068209769433947
84.0	0.031068209769438367
84.1	0.031068209769439564
84.2	0.03106820976943599
84.3	0.03106820976943471
84.4	0.031068209769435813
84.5	0.031068209769434973
84.6	0.03106820976943619
84.7	0.031068209769434595
84.8	0.03106820976943416
84.9	0.031068209769436143
85.0	0.031068209769435886
85.1	0.031068209769436334
85.2	0.031068209769439303
85.3	0.03106820976943702
85.4	0.03106820976943558
85.5	0.031068209769436445
85.6	0.031068209769434033
85.7	0.03106820976943213
85.8	0.03106820976943572
85.9	0.0310682097694374
86.0	0.031068209769436826
86.1	0.031068209769438367
86.2	0.031068209769439012
86.3	0.031068209769433426
86.4	0.03106820976943669
86.5	0.03106820976943625
86.6	0.03106820976943514
86.7	0.031068209769437336
86.8	0.031068209769434557
86.9	0.031068209769436684
87.0	0.031068209769433818
87.1	0.03106820976943682
87.2	0.031068209769436618
87.3	0.031068209769436844
87.4	0.03106820976943427
87.5	0.031068209769434696
87.6	0.031068209769434495
87.7	0.031068209769434973
87.8	0.031068209769433884
87.9	0.031068209769436705
88.0	0.031068209769437576
88.1	0.03106820976943521
88.2	0.031068209769437923
88.3	0.031068209769429964
88.4	0.031068209769433513
88.5	0.03106820976943466
88.6	0.03106820976943528
88.7	0.031068209769435518
88.8	0.031068209769434717
88.9	0.031068209769437145
89.0	0.031068209769437635
89.1	0.031068209769437666
89.2	0.031068209769436105
89.3	0.03106820976943451
89.4	0.031068209769435987
89.5	0.031068209769437014
89.6	0.031068209769434862
89.7	0.031068209769434883
89.8	0.03106820976943505
89.9	0.031068209769437916
90.0	0.031068209769433197
90.1	0.031068209769433832
90.2	0.031068209769436896
90.3	0.03106820976943496
90.4	0.031068209769434744
90.5	0.031068209769433495
90.6	0.031068209769433756
90.7	0.031068209769437003
90.8	0.031068209769435043
90.9	0.031068209769439137
91.0	0.031068209769439047
91.1	0.031068209769434047
91.2	0.03106820976943538
91.3	0.031068209769432552
91.4	0.03106820976943337
91.5	0.03106820976943745
91.6	0.031068209769434883
91.7	0.031068209769436163
91.8	0.031068209769437267
91.9	0.031068209769432757
92.0	0.03106820976943648
92.1	0.03106820976943494
92.2	0.03106820976944065
92.3	0.03106820976943634
92.4	0.03106820976943475
92.5	0.031068209769437347
92.6	0.03106820976943394
92.7	0.03106820976943482
92.8	0.031068209769436726
92.9	0.03106820976943665
93.0	0.031068209769434856
93.1	0.03106820976943423
93.2	0.031068209769435712
93.3	0.031068209769437576
93.4	0.031068209769435466
93.5	0.03106820976943463
93.6	0.0310682097694336
93.7	0.031068209769433613
93.8	0.031068209769435747
93.9	0.03106820976943655
94.0	0.031068209769437388
94.1	0.031068209769438238
94.2	0.03106820976943631
94.3	0.031068209769436726
94.4	0.031068209769436275
94.5	0.031068209769437968
94.6	0.031068209769434276
94.7	0.03106820976943643
94.8	0.031068209769434557
94.9	0.031068209769435407
95.0	0.03106820976943597
95.1	0.03106820976943691
95.2	0.031068209769436805
95.3	0.031068209769437305
95.4	0.031068209769435647
95.5	0.03106820976943532
95.6	0.031068209769438245
95.7	0.031068209769434287
95.8	0.031068209769434328
95.9	0.03106820976943413
96.0	0.031068209769437336
96.1	0.03106820976943601
96.2	0.03106820976943749
96.3	0.031068209769431643
96.4	0.031068209769436445
96.5	0.031068209769435126
96.6	0.03106820976943357
96.7	0.031068209769434033
96.8	0.031068209769438207
96.9	0.031068209769440643
97.0	0.031068209769435223
97.1	0.031068209769437822
97.2	0.03106820976943718
97.3	0.03106820976943781
97.4	0.031068209769436042
97.5	0.031068209769436864
97.6	0.031068209769433485
97.7	0.031068209769435758
97.8	0.031068209769435747
97.9	0.031068209769433558
98.0	0.03106820976943371
98.1	0.03106820976943613
98.2	0.031068209769436233
98.3	0.03106820976943839
98.4	0.031068209769434592
98.5	0.03106820976943822
98.6	0.03106820976943759
98.7	0.031068209769433894
98.8	0.031068209769435425
98.9	0.03106820976943887
99.0	0.031068209769437326
99.1	0.03106820976943714
99.2	0.031068209769436
99.3	0.0310682097694325
99.4	0.03106820976943553
99.5	0.03106820976943682
99.6	0.031068209769433235
99.7	0.031068209769433454
99.8	0.03106820976943749
99.9	0.03106820976943834
100.0	0.031068209769436663
