0.0	0.0
0.1	0.07844188016512431
0.2	0.19270161838066455
0.3	0.2802431042469236
0.4	0.33841326930400945
0.5	0.3767177561791451
0.6	0.4026004453157384
0.7	0.42036385715543184
0.8	0.43223220992009975
0.9	0.439187604879315
1.0	0.44145055392161814
1.1	0.438834848489359
1.2	0.431136747552501
1.3	0.4187551052029711
1.4	0.4034746142443513
1.5	0.38871872916618405
1.6	0.37833981477746625
1.7	0.37440659322791736
1.8	0.37605424361171863
1.9	0.3805747910271254
2.0	0.38526235525210184
2.1	0.38865628486858445
2.2	0.3916353371401718
2.3	0.4038776306871635
2.4	0.51795738653106
2.5	1.225893108601229
2.6	0.921978731453169
2.7	0.6983542937633259
2.8	0.6465575401940974
2.9	0.6159171287466033
3.0	0.5933674293629742
3.1	0.5763802891848244
3.2	0.5636800786763028
3.3	0.55441393840024
3.4	0.5479392971848855
3.5	0.5437291116522207
3.6	0.5413423435395893
3.7	0.5404062521436167
3.8	0.5406114071547072
3.9	0.5416690114837129
4.0	0.5433419474337872
4.1	0.5454360745654563
4.2	0.5477932414732668
4.3	0.5502864111824163
4.4	0.5528140442117614
4.5	0.5552969512358537
4.6	0.5576745410045625
4.7	0.5599007691904765
4.8	0.5619450480563314
4.9	0.5637882651337123
5.0	0.5654167289426597
5.1	0.5668278100587772
5.2	0.5680241596787451
5.3	0.5690112989423938
5.4	0.5697995012474227
5.5	0.5704020018544727
5.6	0.5708338797367946
5.7	0.5711114507547784
5.8	0.5712515282586272
5.9	0.5712713528950274
6.0	0.5711846636290872
6.1	0.5710152989547331
6.2	0.5707757279404773
6.3	0.5704798228497291
6.4	0.5701409371074412
6.5	0.5697687791698816
6.6	0.5693794310655186
6.7	0.5689827018489991
6.8	0.5685866850088572
6.9	0.5681991948741907
7.0	0.5678267304836195
7.1	0.5674745669952246
7.2	0.5671466819779588
7.3	0.5668458716611805
7.4	0.5665755145365259
7.5	0.5663359084390078
7.6	0.5661274957960232
7.7	0.5659500218349336
7.8	0.5658026364308707
7.9	0.5656839946768997
8.0	0.5655923542193615
8.1	0.565525667672174
8.2	0.5654816687251965
8.3	0.5654579508764533
8.4	0.5654520380309557
8.5	0.5654614465074084
8.6	0.5654837382680242
8.7	0.5655165654291744
8.8	0.565557706317085
8.9	0.5656050935014609
9.0	0.5656568343707788
9.1	0.5657112249078204
9.2	0.565766757385794
9.3	0.5658221227377058
9.4	0.5658762083587944
9.5	0.5659280920879615
9.6	0.5659770330837056
9.7	0.5660224602666998
9.8	0.5660639589488614
9.9	0.5661012562102125
10.0	0.5661342055233161
10.1	0.5661627710620908
10.2	0.5661870120698917
10.3	0.5662070676016661
10.4	0.5662231418981405
10.5	0.5662354905969703
10.6	0.5662444079370768
10.7	0.5662502150682995
10.8	0.5662532495390966
10.9	0.5662538560003417
11.0	0.5662523781332213
11.1	0.5662491517835753
11.2	0.5662444992636007
11.3	0.5662387247643927
11.4	0.5662321108089812
11.5	0.5662249156651684
11.6	0.566217371630077
11.7	0.5662096840938295
11.8	0.566202031287615
11.9	0.5661945646214843
12.0	0.5661874095191095
12.1	0.5661806666601418
12.2	0.5661744135455862
12.3	0.5661687063072998
12.4	0.5661635816891957
12.5	0.5661590591347756
12.6	0.5661551429228951
12.7	0.5661518243011255
12.8	0.5661490835735046
12.9	0.566146892106607
13.0	0.5661452142248692
13.1	0.5661440089725334
13.2	0.5661432317256697
13.3	0.5661428356431304
13.4	0.5661427729503478
13.5	0.5661429960541031
13.6	0.5661434584901733
13.7	0.566144115708946
13.8	0.5661449257066298
13.9	0.5661458495117613
14.0	0.5661468515382753
14.1	0.5661478998174276
14.2	0.5661489661216722
14.3	0.5661500259937288
14.4	0.5661510586942018
14.5	0.5661520470807601
14.6	0.566152977431403
14.7	0.5661538392236641
14.8	0.5661546248806616
14.9	0.5661553294941754
15.0	0.5661559505336817
15.1	0.5661564875494368
15.2	0.566156941876539
15.3	0.5661573163458508
15.4	0.5661576150067464
15.5	0.5661578428655741
15.6	0.5661580056429104
15.7	0.5661581095517876
15.8	0.5661581610983931
15.9	0.5661581669059711
16.0	0.5661581335621849
16.1	0.5661580674895685
16.2	0.5661579748383686
16.3	0.566157861400651
16.4	0.5661577325443533
16.5	0.5661575931656567
16.6	0.5661574476580328
16.7	0.566157299896058
16.8	0.5661571532322761
16.9	0.5661570105051401
17.0	0.5661568740563621
17.1	0.5661567457558421
17.2	0.5661566270326035
17.3	0.5661565189102232
17.4	0.5661564220453404
17.5	0.5661563367680525
17.6	0.5661562631230223
17.7	0.5661562009104583
17.8	0.5661561497260246
17.9	0.5661561089991206
18.0	0.5661560780289375
18.1	0.5661560560178985
18.2	0.5661560421021432
18.3	0.5661560353789504
18.4	0.5661560349308783
18.5	0.566156039846706
18.6	0.5661560492391529
18.7	0.5661560622595239
18.8	0.5661560781094106
18.9	0.566156096049637
19.0	0.5661561154066997
19.1	0.5661561355769132
19.2	0.5661561560285173
19.3	0.5661561763019968
19.4	0.5661561960088903
19.5	0.5661562148293108
19.6	0.566156232508432
19.7	0.5661562488521559
19.8	0.5661562637221667
19.9	0.5661562770305877
20.0	0.5661562887343754
20.1	0.5661562988296202
20.2	0.5661563073458813
20.3	0.566156314340686
20.4	0.5661563198942309
20.5	0.5661563241044315
20.6	0.5661563270823061
20.7	0.5661563289477948
20.8	0.5661563298259805
20.9	0.5661563298437985
21.0	0.5661563291271409
21.1	0.5661563277984571
21.2	0.5661563259747474
21.3	0.5661563237659598
21.4	0.5661563212737838
21.5	0.5661563185907891
21.6	0.5661563157998493
21.7	0.5661563129738987
21.8	0.5661563101758714
21.9	0.5661563074588927
22.0	0.5661563048666386
22.1	0.5661563024338193
22.2	0.5661563001867846
22.3	0.5661562981442259
22.4	0.5661562963178964
22.5	0.5661562947134074
22.6	0.5661562933310039
22.7	0.5661562921663594
22.8	0.5661562912113202
22.9	0.5661562904546451
23.0	0.5661562898826854
23.1	0.566156289480015
23.2	0.5661562892300146
23.3	0.5661562891153744
23.4	0.5661562891185631
23.5	0.5661562892222047
23.6	0.5661562894094341
23.7	0.566156289664142
23.8	0.566156289971202
23.9	0.5661562903166476
24.0	0.5661562906877688
24.1	0.5661562910732032
24.2	0.566156291462962
24.3	0.5661562918484364
24.4	0.5661562922223704
24.5	0.5661562925788083
24.6	0.5661562929130236
24.7	0.5661562932214441
24.8	0.5661562935015502
24.9	0.5661562937517665
25.0	0.5661562939713722
25.1	0.566156294160365
25.2	0.5661562943193785
25.3	0.5661562944495644
25.4	0.566156294552492
25.5	0.5661562946300603
25.6	0.5661562946844113
25.7	0.5661562947178422
25.8	0.5661562947327469
25.9	0.5661562947315447
26.0	0.5661562947166209
26.1	0.5661562946903037
26.2	0.5661562946548033
26.3	0.5661562946121949
26.4	0.5661562945644006
26.5	0.5661562945131609
26.6	0.566156294460027
26.7	0.5661562944063677
26.8	0.5661562943533588
26.9	0.5661562943019892
27.0	0.5661562942530706
27.1	0.5661562942072415
27.2	0.5661562941649854
27.3	0.5661562941266463
27.4	0.5661562940924287
27.5	0.5661562940624318
27.6	0.5661562940366448
27.7	0.566156294014982
27.8	0.5661562939972735
27.9	0.5661562939833052
28.0	0.5661562939728143
28.1	0.5661562939654996
28.2	0.566156293961048
28.3	0.566156293959127
28.4	0.5661562939594035
28.5	0.5661562939615484
28.6	0.5661562939652441
28.7	0.5661562939701879
28.8	0.5661562939760908
28.9	0.5661562939826942
29.0	0.5661562939897586
29.1	0.5661562939970719
29.2	0.5661562940044498
29.3	0.566156294011726
29.4	0.5661562940187713
29.5	0.5661562940254737
29.6	0.5661562940317467
29.7	0.5661562940375223
29.8	0.5661562940427599
29.9	0.5661562940474266
30.0	0.5661562940515178
30.1	0.5661562940550281
30.2	0.5661562940579731
30.3	0.5661562940603772
30.4	0.5661562940622681
30.5	0.5661562940636822
30.6	0.5661562940646637
30.7	0.5661562940652535
30.8	0.5661562940654975
30.9	0.566156294065441
31.0	0.5661562940651311
31.1	0.5661562940646107
31.2	0.5661562940639207
31.3	0.5661562940631026
31.4	0.5661562940621918
31.5	0.5661562940612209
31.6	0.5661562940602145
31.7	0.566156294059204
31.8	0.5661562940582061
31.9	0.5661562940572404
32.0	0.5661562940563242
32.1	0.5661562940554691
32.2	0.5661562940546812
32.3	0.5661562940539658
32.4	0.56615629405333
32.5	0.5661562940527745
32.6	0.5661562940522973
32.7	0.5661562940518993
32.8	0.5661562940515744
32.9	0.5661562940513186
33.0	0.5661562940511288
33.1	0.5661562940509953
33.2	0.5661562940509188
33.3	0.5661562940508873
33.4	0.5661562940508997
33.5	0.5661562940509443
33.6	0.5661562940510189
33.7	0.5661562940511145
33.8	0.5661562940512272
33.9	0.5661562940513513
34.0	0.5661562940514858
34.1	0.566156294051621
34.2	0.5661562940517577
34.3	0.5661562940518943
34.4	0.5661562940520295
34.5	0.5661562940521548
34.6	0.5661562940522724
34.7	0.5661562940523834
34.8	0.566156294052479
34.9	0.5661562940525636
35.0	0.5661562940526385
35.1	0.566156294052703
35.2	0.5661562940527575
35.3	0.5661562940528008
35.4	0.5661562940528344
35.5	0.5661562940528613
35.6	0.5661562940528786
35.7	0.5661562940528888
35.8	0.5661562940528931
35.9	0.5661562940528938
36.0	0.5661562940528834
36.1	0.5661562940528689
36.2	0.5661562940528564
36.3	0.5661562940528414
36.4	0.5661562940528263
36.5	0.5661562940528088
36.6	0.566156294052791
36.7	0.5661562940527749
36.8	0.5661562940527551
36.9	0.566156294052738
37.0	0.5661562940527185
37.1	0.5661562940527037
37.2	0.5661562940526896
37.3	0.5661562940526756
37.4	0.5661562940526643
37.5	0.5661562940526519
37.6	0.5661562940526413
37.7	0.5661562940526338
37.8	0.5661562940526252
37.9	0.5661562940526222
38.0	0.5661562940526171
38.1	0.5661562940526147
38.2	0.5661562940526126
38.3	0.5661562940526128
38.4	0.5661562940526143
38.5	0.5661562940526147
38.6	0.5661562940526169
38.7	0.5661562940526198
38.8	0.5661562940526221
38.9	0.5661562940526231
39.0	0.5661562940526261
39.1	0.5661562940526278
39.2	0.566156294052631
39.3	0.5661562940526325
39.4	0.5661562940526357
39.5	0.5661562940526401
39.6	0.5661562940526418
39.7	0.5661562940526473
39.8	0.5661562940526514
39.9	0.5661562940526498
40.0	0.5661562940526527
40.1	0.5661562940526547
40.2	0.5661562940526566
40.3	0.5661562940526568
40.4	0.566156294052655
40.5	0.5661562940526567
40.6	0.5661562940526578
40.7	0.56615629405266
40.8	0.5661562940526587
40.9	0.5661562940526597
41.0	0.56615629405266
41.1	0.5661562940526582
41.2	0.5661562940526561
41.3	0.5661562940526567
41.4	0.5661562940526558
41.5	0.5661562940526542
41.6	0.5661562940526522
41.7	0.566156294052652
41.8	0.5661562940526508
41.9	0.5661562940526503
42.0	0.5661562940526497
42.1	0.56615629405265
42.2	0.5661562940526528
42.3	0.5661562940526526
42.4	0.5661562940526537
42.5	0.5661562940526512
42.6	0.5661562940526504
42.7	0.5661562940526514
42.8	0.5661562940526494
42.9	0.5661562940526504
43.0	0.566156294052651
43.1	0.5661562940526513
43.2	0.5661562940526507
43.3	0.5661562940526519
43.4	0.5661562940526514
43.5	0.5661562940526522
43.6	0.5661562940526517
43.7	0.5661562940526537
43.8	0.566156294052652
43.9	0.5661562940526518
44.0	0.5661562940526506
44.1	0.5661562940526516
44.2	0.5661562940526537
44.3	0.5661562940526517
44.4	0.5661562940526517
44.5	0.5661562940526518
44.6	0.5661562940526517
44.7	0.5661562940526516
44.8	0.5661562940526492
44.9	0.566156294052651
45.0	0.5661562940526509
45.1	0.5661562940526493
45.2	0.5661562940526498
45.3	0.5661562940526504
45.4	0.5661562940526479
45.5	0.5661562940526489
45.6	0.5661562940526511
45.7	0.5661562940526512
45.8	0.56615629405265
45.9	0.5661562940526499
46.0	0.5661562940526516
46.1	0.5661562940526536
46.2	0.566156294052653
46.3	0.5661562940526567
46.4	0.5661562940526562
46.5	0.5661562940526548
46.6	0.5661562940526533
46.7	0.5661562940526536
46.8	0.566156294052653
46.9	0.5661562940526537
47.0	0.5661562940526534
47.1	0.5661562940526542
47.2	0.5661562940526534
47.3	0.5661562940526532
47.4	0.5661562940526533
47.5	0.5661562940526544
47.6	0.5661562940526528
47.7	0.5661562940526528
47.8	0.5661562940526524
47.9	0.5661562940526521
48.0	0.5661562940526508
48.1	0.5661562940526524
48.2	0.5661562940526506
48.3	0.5661562940526483
48.4	0.5661562940526498
48.5	0.5661562940526493
48.6	0.56615629405265
48.7	0.5661562940526482
48.8	0.5661562940526518
48.9	0.5661562940526523
49.0	0.5661562940526537
49.1	0.5661562940526531
49.2	0.5661562940526521
49.3	0.5661562940526504
49.4	0.5661562940526476
49.5	0.5661562940526494
49.6	0.5661562940526489
49.7	0.5661562940526498
49.8	0.5661562940526489
49.9	0.566156294052648
50.0	0.5661562940526504
50.1	0.566156294052648
50.2	0.5661562940526501
50.3	0.5661562940526516
50.4	0.5661562940526522
50.5	0.5661562940526537
50.6	0.5661562940526534
50.7	0.5661562940526522
50.8	0.5661562940526519
50.9	0.5661562940526532
51.0	0.5661562940526526
51.1	0.5661562940526519
51.2	0.5661562940526512
51.3	0.5661562940526504
51.4	0.56615629405265
51.5	0.5661562940526503
51.6	0.5661562940526522
51.7	0.5661562940526521
51.8	0.5661562940526498
51.9	0.5661562940526526
52.0	0.5661562940526512
52.1	0.5661562940526501
52.2	0.5661562940526512
52.3	0.5661562940526513
52.4	0.5661562940526521
52.5	0.5661562940526516
52.6	0.5661562940526526
52.7	0.5661562940526533
52.8	0.5661562940526523
52.9	0.5661562940526507
53.0	0.5661562940526518
53.1	0.5661562940526519
53.2	0.5661562940526493
53.3	0.5661562940526498
53.4	0.5661562940526504
53.5	0.5661562940526514
53.6	0.5661562940526504
53.7	0.5661562940526513
53.8	0.5661562940526509
53.9	0.5661562940526503
54.0	0.5661562940526502
54.1	0.5661562940526514
54.2	0.5661562940526503
54.3	0.5661562940526486
54.4	0.5661562940526491
54.5	0.5661562940526464
54.6	0.5661562940526487
54.7	0.5661562940526487
54.8	0.5661562940526489
54.9	0.5661562940526476
55.0	0.5661562940526488
55.1	0.5661562940526502
55.2	0.5661562940526487
55.3	0.5661562940526501
55.4	0.5661562940526504
55.5	0.5661562940526522
55.6	0.5661562940526512
55.7	0.5661562940526548
55.8	0.5661562940526554
55.9	0.5661562940526559
56.0	0.5661562940526556
56.1	0.5661562940526556
56.2	0.566156294052655
56.3	0.5661562940526526
56.4	0.5661562940526542
56.5	0.5661562940526534
56.6	0.5661562940526517
56.7	0.5661562940526456
56.8	0.5661562940526454
56.9	0.5661562940526488
57.0	0.566156294052649
57.1	0.5661562940526496
57.2	0.5661562940526497
57.3	0.5661562940526496
57.4	0.5661562940526471
57.5	0.5661562940526504
57.6	0.5661562940526478
57.7	0.5661562940526461
57.8	0.5661562940526461
57.9	0.5661562940526456
58.0	0.5661562940526492
58.1	0.5661562940526481
58.2	0.5661562940526482
58.3	0.566156294052649
58.4	0.566156294052651
58.5	0.5661562940526476
58.6	0.5661562940526486
58.7	0.5661562940526492
58.8	0.5661562940526507
58.9	0.5661562940526518
59.0	0.5661562940526519
59.1	0.5661562940526519
59.2	0.566156294052653
59.3	0.5661562940526542
59.4	0.5661562940526528
59.5	0.5661562940526519
59.6	0.5661562940526506
59.7	0.5661562940526502
59.8	0.5661562940526529
59.9	0.566156294052653
60.0	0.5661562940526504
60.1	0.5661562940526486
60.2	0.5661562940526466
60.3	0.5661562940526438
60.4	0.5661562940526453
60.5	0.5661562940526462
60.6	0.5661562940526472
60.7	0.5661562940526472
60.8	0.5661562940526483
60.9	0.5661562940526487
61.0	0.5661562940526476
61.1	0.566156294052649
61.2	0.5661562940526482
61.3	0.5661562940526506
61.4	0.566156294052651
61.5	0.566156294052653
61.6	0.5661562940526518
61.7	0.5661562940526522
61.8	0.5661562940526506
61.9	0.5661562940526506
62.0	0.5661562940526512
62.1	0.5661562940526514
62.2	0.5661562940526514
62.3	0.5661562940526521
62.4	0.5661562940526509
62.5	0.5661562940526518
62.6	0.5661562940526506
62.7	0.5661562940526519
62.8	0.5661562940526526
62.9	0.56615629405265
63.0	0.5661562940526482
63.1	0.566156294052649
63.2	0.5661562940526503
63.3	0.5661562940526514
63.4	0.5661562940526508
63.5	0.5661562940526504
63.6	0.5661562940526487
63.7	0.56615629405265
63.8	0.5661562940526482
63.9	0.5661562940526482
64.0	0.5661562940526471
64.1	0.5661562940526453
64.2	0.566156294052647
64.3	0.5661562940526494
64.4	0.5661562940526486
64.5	0.5661562940526467
64.6	0.566156294052649
64.7	0.5661562940526498
64.8	0.5661562940526467
64.9	0.5661562940526487
65.0	0.566156294052649
65.1	0.56615629405265
65.2	0.5661562940526504
65.3	0.5661562940526513
65.4	0.5661562940526523
65.5	0.5661562940526546
65.6	0.5661562940526537
65.7	0.5661562940526533
65.8	0.566156294052653
65.9	0.5661562940526518
66.0	0.5661562940526527
66.1	0.5661562940526507
66.2	0.5661562940526476
66.3	0.5661562940526489
66.4	0.5661562940526496
66.5	0.5661562940526488
66.6	0.5661562940526492
66.7	0.5661562940526472
66.8	0.5661562940526481
66.9	0.5661562940526528
67.0	0.5661562940526496
67.1	0.5661562940526489
67.2	0.5661562940526499
67.3	0.5661562940526499
67.4	0.5661562940526513
67.5	0.5661562940526497
67.6	0.5661562940526532
67.7	0.566156294052653
67.8	0.5661562940526532
67.9	0.5661562940526518
68.0	0.566156294052653
68.1	0.5661562940526517
68.2	0.5661562940526521
68.3	0.5661562940526508
68.4	0.5661562940526484
68.5	0.5661562940526511
68.6	0.5661562940526506
68.7	0.5661562940526492
68.8	0.5661562940526506
68.9	0.5661562940526503
69.0	0.5661562940526507
69.1	0.5661562940526514
69.2	0.5661562940526508
69.3	0.5661562940526526
69.4	0.56615629405265
69.5	0.5661562940526527
69.6	0.5661562940526504
69.7	0.5661562940526499
69.8	0.5661562940526523
69.9	0.566156294052652
70.0	0.5661562940526528
70.1	0.5661562940526502
70.2	0.5661562940526509
70.3	0.5661562940526511
70.4	0.56615629405265
70.5	0.5661562940526501
70.6	0.5661562940526521
70.7	0.5661562940526493
70.8	0.5661562940526509
70.9	0.5661562940526519
71.0	0.5661562940526484
71.1	0.5661562940526481
71.2	0.5661562940526494
71.3	0.5661562940526501
71.4	0.5661562940526482
71.5	0.566156294052647
71.6	0.5661562940526466
71.7	0.5661562940526477
71.8	0.5661562940526481
71.9	0.5661562940526463
72.0	0.5661562940526464
72.1	0.5661562940526462
72.2	0.5661562940526467
72.3	0.566156294052647
72.4	0.5661562940526444
72.5	0.5661562940526461
72.6	0.5661562940526451
72.7	0.5661562940526464
72.8	0.5661562940526464
72.9	0.5661562940526466
73.0	0.5661562940526471
73.1	0.5661562940526491
73.2	0.5661562940526501
73.3	0.5661562940526502
73.4	0.5661562940526473
73.5	0.5661562940526487
73.6	0.566156294052649
73.7	0.5661562940526508
73.8	0.5661562940526494
73.9	0.56615629405265
74.0	0.566156294052653
74.1	0.5661562940526542
74.2	0.5661562940526512
74.3	0.566156294052654
74.4	0.5661562940526541
74.5	0.5661562940526501
74.6	0.5661562940526501
74.7	0.5661562940526483
74.8	0.5661562940526469
74.9	0.5661562940526473
75.0	0.5661562940526489
75.1	0.5661562940526502
75.2	0.566156294052651
75.3	0.5661562940526529
75.4	0.566156294052655
75.5	0.5661562940526556
75.6	0.566156294052656
75.7	0.5661562940526575
75.8	0.5661562940526573
75.9	0.566156294052658
76.0	0.5661562940526553
76.1	0.5661562940526551
76.2	0.5661562940526533
76.3	0.5661562940526539
76.4	0.5661562940526502
76.5	0.5661562940526494
76.6	0.5661562940526517
76.7	0.5661562940526503
76.8	0.5661562940526508
76.9	0.5661562940526493
77.0	0.5661562940526479
77.1	0.5661562940526491
77.2	0.5661562940526513
77.3	0.566156294052652
77.4	0.56615629405265
77.5	0.5661562940526514
77.6	0.5661562940526508
77.7	0.5661562940526521
77.8	0.5661562940526524
77.9	0.5661562940526492
78.0	0.5661562940526484
78.1	0.5661562940526508
78.2	0.5661562940526494
78.3	0.5661562940526493
78.4	0.5661562940526499
78.5	0.5661562940526512
78.6	0.5661562940526509
78.7	0.566156294052652
78.8	0.5661562940526504
78.9	0.5661562940526509
79.0	0.566156294052649
79.1	0.566156294052648
79.2	0.5661562940526469
79.3	0.5661562940526456
79.4	0.5661562940526449
79.5	0.5661562940526466
79.6	0.5661562940526468
79.7	0.5661562940526466
79.8	0.5661562940526478
79.9	0.5661562940526499
80.0	0.5661562940526529
