0.0	0.0
0.1	0.14906087181372224
0.2	0.30214131903584457
0.3	0.39016368864997714
0.4	0.44337718106718754
0.5	0.47977447879030394
0.6	0.5067894674659705
0.7	0.5274049062391571
0.8	0.5426316898210812
0.9	0.5523999580208726
1.0	0.5559259563605238
1.1	0.5521318025102966
1.2	0.5406463769693234
1.3	0.5235930949743518
1.4	0.5065686586292826
1.5	0.4958676869663377
1.6	0.49389904021665626
1.7	0.4984311757882696
1.8	0.506280599593909
1.9	0.5210844609699691
2.0	0.6048564544508664
2.1	1.152093320987064
2.2	1.129372436761714
2.3	0.7837775658613415
2.4	0.7201756978803151
2.5	0.6944973714096419
2.6	0.6768439060713393
2.7	0.6636358664602551
2.8	0.6536003903226913
2.9	0.6459346049528508
3.0	0.6400777238069806
3.1	0.6356240743287976
3.2	0.6322681051513781
3.3	0.6297822144851127
3.4	0.6279852663768666
3.5	0.6267389040796902
3.6	0.625934886583893
3.7	0.6254841259880914
3.8	0.6253158645305594
3.9	0.6253684430072137
4.0	0.6255929170228859
4.1	0.6259453908748762
4.2	0.6263898315668339
4.3	0.6268964627910724
4.4	0.6274410328634128
4.5	0.6280017305069258
4.6	0.6285670965679568
4.7	0.6291208575616987
4.8	0.629656944413317
4.9	0.6301661821375532
5.0	0.630643846127569
5.1	0.6310867622464554
5.2	0.6314926425089727
5.3	0.631860844127287
5.4	0.6321916184581584
5.5	0.6324859165998495
5.6	0.6327452223929304
5.7	0.6329714105922372
5.8	0.6331666277588897
5.9	0.6333331933705914
6.0	0.633473518711693
6.1	0.6335900412421613
6.2	0.6336851723261326
6.3	0.633761256401948
6.4	0.6338205398819055
6.5	0.6338651482691907
6.6	0.6338970701668506
6.7	0.6339181470237398
6.8	0.633930067615611
6.9	0.6339343663947236
7.0	0.6339324249602862
7.1	0.6339254760062145
7.2	0.6339146091930309
7.3	0.6339007784705226
7.4	0.6338848104466464
7.5	0.6338674134593477
7.6	0.6338491870614417
7.7	0.6338306316764604
7.8	0.6338121582247368
7.9	0.633794097556861
8.0	0.6337767095639654
8.1	0.6337601918637009
8.2	0.6337446879861793
8.3	0.6337302950063498
8.4	0.6337170705885782
8.5	0.6337050394255542
8.6	0.6336941990679024
8.7	0.6336845251518076
8.8	0.63367597604199
8.9	0.6336684969142844
9.0	0.6336620233082264
9.1	0.6336564841837848
9.2	0.6336518045197727
9.3	0.6336479074929526
9.4	0.6336447162780514
9.5	0.6336421555093901
9.6	0.6336401524449574
9.7	0.633638637873365
9.8	0.6336375468016258
9.9	0.6336368189532169
10.0	0.6336363990832719
10.1	0.6336362370833659
10.2	0.6336362878395276
10.3	0.6336365108912487
10.4	0.6336368700664226
10.5	0.6336373332466212
10.6	0.6336378722418274
10.7	0.6336384626418096
10.8	0.6336390835613018
10.9	0.6336397173248621
11.0	0.6336403491892086
11.1	0.6336409671211709
11.2	0.6336415615815367
11.3	0.6336421252828711
11.4	0.6336426529249273
11.5	0.6336431409205002
11.6	0.6336435871228514
11.7	0.6336439905718043
11.8	0.6336443512793427
11.9	0.6336446700591415
12.0	0.6336449483855068
12.1	0.6336451882676238
12.2	0.6336453921350947
12.3	0.6336455627341835
12.4	0.6336457030302877
12.5	0.6336458161064062
12.6	0.6336459050498274
12.7	0.6336459728356045
12.8	0.6336460222333585
12.9	0.6336460557591603
13.0	0.6336460756698377
13.1	0.6336460839816267
13.2	0.6336460824965288
13.3	0.6336460728274202
13.4	0.6336460564182396
13.5	0.6336460345588336
13.6	0.6336460083955766
13.7	0.6336459789401147
13.8	0.633645947077551
13.9	0.6336459135751947
14.0	0.633645879091832
14.1	0.6336458441874946
14.2	0.633645809333336
14.3	0.6336457749212637
14.4	0.6336457412730161
14.5	0.6336457086486984
14.6	0.6336456772545307
14.7	0.6336456472497848
14.8	0.6336456187529965
14.9	0.6336455918475197
15.0	0.6336455665863325
15.1	0.6336455429964213
15.2	0.6336455210825349
15.3	0.6336455008306223
15.4	0.6336454822107899
15.5	0.6336454651799615
15.6	0.633645449684223
15.7	0.6336454356610134
15.8	0.6336454230409437
15.9	0.6336454117494574
16.0	0.6336454017083288
16.1	0.6336453928370299
16.2	0.6336453850538618
16.3	0.6336453782769945
16.4	0.6336453724253385
16.5	0.6336453674193385
16.6	0.6336453631816431
16.7	0.6336453596376741
16.8	0.633645356716047
16.9	0.6336453543489543
17.0	0.6336453524724187
17.1	0.6336453510265155
17.2	0.6336453499555128
17.3	0.6336453492078782
17.4	0.633645348736321
17.5	0.6336453484977516
17.6	0.633645348453162
17.7	0.6336453485674844
17.8	0.6336453488094531
17.9	0.6336453491514221
18.0	0.6336453495691241
18.1	0.6336453500414765
18.2	0.6336453505503388
18.3	0.6336453510802817
18.4	0.6336453516183267
18.5	0.6336453521537757
18.6	0.6336453526779241
18.7	0.6336453531838634
18.8	0.6336453536662742
18.9	0.6336453541212173
19.0	0.633645354545956
19.1	0.6336453549387706
19.2	0.6336453552988158
19.3	0.6336453556259622
19.4	0.6336453559206994
19.5	0.63364535618395
19.6	0.6336453564170661
19.7	0.6336453566216296
19.8	0.6336453567994546
19.9	0.6336453569524613
20.0	0.6336453570826421
20.1	0.6336453571920426
20.2	0.6336453572826954
20.3	0.6336453573565459
20.4	0.6336453574154954
20.5	0.633645357461358
20.6	0.6336453574958018
20.7	0.6336453575203951
20.8	0.6336453575365985
20.9	0.6336453575457469
21.0	0.6336453575490403
21.1	0.6336453575475578
21.2	0.6336453575422468
21.3	0.6336453575339539
21.4	0.6336453575234026
21.5	0.6336453575112313
21.6	0.6336453574979831
21.7	0.6336453574841202
21.8	0.6336453574700148
21.9	0.6336453574559703
22.0	0.6336453574422617
22.1	0.6336453574290403
22.2	0.6336453574164673
22.3	0.633645357404672
22.4	0.6336453573937354
22.5	0.6336453573836806
22.6	0.6336453573745109
22.7	0.6336453573662344
22.8	0.6336453573588421
22.9	0.6336453573523092
23.0	0.6336453573465818
23.1	0.6336453573415936
23.2	0.6336453573373045
23.3	0.6336453573336525
23.4	0.6336453573305935
23.5	0.6336453573280812
23.6	0.6336453573260352
23.7	0.6336453573244146
23.8	0.6336453573231607
23.9	0.6336453573222457
24.0	0.6336453573216004
24.1	0.6336453573211853
24.2	0.6336453573209636
24.3	0.6336453573209139
24.4	0.6336453573209939
24.5	0.6336453573211697
24.6	0.6336453573214383
24.7	0.6336453573217505
24.8	0.6336453573221094
24.9	0.6336453573224851
25.0	0.6336453573228951
25.1	0.633645357323313
25.2	0.6336453573237293
25.3	0.6336453573241164
25.4	0.633645357324484
25.5	0.6336453573248324
25.6	0.6336453573251678
25.7	0.6336453573254792
25.8	0.6336453573257632
25.9	0.6336453573260195
26.0	0.633645357326245
26.1	0.6336453573264624
26.2	0.6336453573266507
26.3	0.6336453573267975
26.4	0.6336453573269233
26.5	0.633645357327029
26.6	0.6336453573271245
26.7	0.633645357327207
26.8	0.633645357327286
26.9	0.6336453573273427
27.0	0.6336453573273729
27.1	0.6336453573274011
27.2	0.6336453573274087
27.3	0.6336453573274301
27.4	0.6336453573274402
27.5	0.6336453573274382
27.6	0.6336453573274405
27.7	0.6336453573274295
27.8	0.6336453573274348
27.9	0.6336453573274298
28.0	0.6336453573274006
28.1	0.6336453573273927
28.2	0.6336453573273848
28.3	0.6336453573273757
28.4	0.6336453573273777
28.5	0.6336453573273669
28.6	0.6336453573273644
28.7	0.6336453573273647
28.8	0.6336453573273548
28.9	0.6336453573273295
29.0	0.6336453573273045
29.1	0.6336453573272796
29.2	0.6336453573272716
29.3	0.6336453573272696
29.4	0.6336453573272655
29.5	0.6336453573272531
29.6	0.6336453573272488
29.7	0.6336453573272407
29.8	0.6336453573272404
29.9	0.6336453573272337
30.0	0.6336453573272313
30.1	0.6336453573272347
30.2	0.6336453573272459
30.3	0.6336453573272567
30.4	0.6336453573272544
30.5	0.6336453573272516
30.6	0.6336453573272532
30.7	0.6336453573272519
30.8	0.6336453573272471
30.9	0.6336453573272577
31.0	0.6336453573272532
31.1	0.6336453573272478
31.2	0.633645357327252
31.3	0.6336453573272467
31.4	0.633645357327233
31.5	0.6336453573272258
31.6	0.6336453573272268
31.7	0.6336453573272355
31.8	0.6336453573272336
31.9	0.6336453573272305
32.0	0.6336453573272239
32.1	0.6336453573272269
32.2	0.6336453573272266
32.3	0.6336453573272306
32.4	0.6336453573272335
32.5	0.6336453573272413
32.6	0.633645357327252
32.7	0.6336453573272605
32.8	0.6336453573272552
32.9	0.6336453573272606
33.0	0.6336453573272516
33.1	0.633645357327248
33.2	0.633645357327243
33.3	0.633645357327239
33.4	0.6336453573272367
33.5	0.6336453573272436
33.6	0.6336453573272472
33.7	0.6336453573272453
33.8	0.6336453573272451
33.9	0.6336453573272458
34.0	0.6336453573272459
34.1	0.6336453573272582
34.2	0.6336453573272725
34.3	0.633645357327283
34.4	0.6336453573272887
34.5	0.633645357327287
34.6	0.6336453573272818
34.7	0.6336453573272912
34.8	0.6336453573272904
34.9	0.6336453573272954
35.0	0.6336453573272846
35.1	0.6336453573272948
35.2	0.6336453573272919
35.3	0.633645357327275
35.4	0.6336453573272622
35.5	0.6336453573272595
35.6	0.6336453573272494
35.7	0.6336453573272451
35.8	0.6336453573272502
35.9	0.63364535732724
36.0	0.6336453573272542
36.1	0.6336453573272659
36.2	0.6336453573272541
36.3	0.6336453573272588
36.4	0.6336453573272601
36.5	0.6336453573272628
36.6	0.6336453573272522
36.7	0.6336453573272494
36.8	0.6336453573272456
36.9	0.6336453573272445
37.0	0.6336453573272521
37.1	0.6336453573272667
37.2	0.6336453573272722
37.3	0.633645357327271
37.4	0.6336453573272585
37.5	0.63364535732726
37.6	0.6336453573272661
37.7	0.6336453573272647
37.8	0.6336453573272656
37.9	0.6336453573272464
38.0	0.6336453573272463
38.1	0.6336453573272445
38.2	0.6336453573272492
38.3	0.6336453573272492
38.4	0.633645357327243
38.5	0.6336453573272554
38.6	0.6336453573272535
38.7	0.6336453573272505
38.8	0.6336453573272519
38.9	0.633645357327248
39.0	0.6336453573272357
39.1	0.6336453573272195
39.2	0.6336453573272148
39.3	0.6336453573272215
39.4	0.6336453573272254
39.5	0.6336453573272288
39.6	0.6336453573272375
39.7	0.6336453573272328
39.8	0.6336453573272396
39.9	0.6336453573272447
40.0	0.6336453573272455
40.1	0.6336453573272389
40.2	0.6336453573272166
40.3	0.6336453573272105
40.4	0.6336453573272127
40.5	0.6336453573272072
40.6	0.6336453573272031
40.7	0.6336453573272067
40.8	0.63364535732721
40.9	0.6336453573272143
41.0	0.6336453573272255
41.1	0.6336453573272247
41.2	0.6336453573272248
41.3	0.6336453573272247
41.4	0.6336453573272144
41.5	0.6336453573272152
41.6	0.6336453573272289
41.7	0.6336453573272368
41.8	0.6336453573272405
41.9	0.6336453573272456
42.0	0.6336453573272411
42.1	0.6336453573272319
42.2	0.6336453573272256
42.3	0.6336453573272307
42.4	0.6336453573272253
42.5	0.6336453573272213
42.6	0.6336453573272158
42.7	0.6336453573272046
42.8	0.6336453573272148
42.9	0.6336453573272239
43.0	0.6336453573272307
43.1	0.6336453573272407
43.2	0.6336453573272529
43.3	0.6336453573272557
43.4	0.6336453573272663
43.5	0.6336453573272737
43.6	0.6336453573272756
43.7	0.6336453573272788
43.8	0.6336453573272766
43.9	0.6336453573272749
44.0	0.6336453573272768
44.1	0.6336453573272838
44.2	0.6336453573272929
44.3	0.633645357327297
44.4	0.6336453573272938
44.5	0.633645357327284
44.6	0.633645357327282
44.7	0.6336453573272799
44.8	0.6336453573272797
44.9	0.6336453573272781
45.0	0.6336453573272717
45.1	0.6336453573272757
45.2	0.6336453573272673
45.3	0.6336453573272568
45.4	0.6336453573272668
45.5	0.6336453573272703
45.6	0.6336453573272675
45.7	0.633645357327267
45.8	0.633645357327268
45.9	0.6336453573272598
46.0	0.6336453573272647
46.1	0.6336453573272639
46.2	0.6336453573272584
46.3	0.6336453573272539
46.4	0.633645357327249
46.5	0.6336453573272574
46.6	0.6336453573272585
46.7	0.6336453573272572
46.8	0.6336453573272534
46.9	0.6336453573272469
47.0	0.6336453573272454
47.1	0.6336453573272407
47.2	0.6336453573272306
47.3	0.6336453573272232
47.4	0.6336453573272187
47.5	0.6336453573272256
47.6	0.6336453573272272
47.7	0.6336453573272323
47.8	0.6336453573272466
47.9	0.6336453573272443
48.0	0.6336453573272318
48.1	0.6336453573272335
48.2	0.6336453573272379
48.3	0.6336453573272456
48.4	0.6336453573272566
48.5	0.6336453573272578
48.6	0.6336453573272601
48.7	0.633645357327252
48.8	0.6336453573272495
48.9	0.6336453573272499
49.0	0.6336453573272431
49.1	0.6336453573272373
49.2	0.6336453573272408
49.3	0.6336453573272312
49.4	0.6336453573272346
49.5	0.633645357327231
49.6	0.6336453573272262
49.7	0.6336453573272377
49.8	0.6336453573272546
49.9	0.6336453573272623
50.0	0.6336453573272588
50.1	0.6336453573272564
50.2	0.6336453573272726
50.3	0.6336453573272778
50.4	0.6336453573272766
50.5	0.6336453573272763
50.6	0.6336453573272732
50.7	0.6336453573272772
50.8	0.6336453573272679
50.9	0.6336453573272626
51.0	0.633645357327254
51.1	0.6336453573272525
51.2	0.6336453573272484
51.3	0.6336453573272447
51.4	0.6336453573272506
51.5	0.6336453573272611
51.6	0.6336453573272647
51.7	0.6336453573272762
51.8	0.6336453573272848
51.9	0.6336453573272895
52.0	0.6336453573272883
52.1	0.633645357327283
52.2	0.6336453573272849
52.3	0.6336453573272808
52.4	0.6336453573272759
52.5	0.6336453573272604
52.6	0.6336453573272476
52.7	0.6336453573272526
52.8	0.6336453573272554
52.9	0.6336453573272631
53.0	0.6336453573272607
53.1	0.6336453573272552
53.2	0.6336453573272468
53.3	0.6336453573272505
53.4	0.6336453573272559
53.5	0.6336453573272568
53.6	0.6336453573272708
53.7	0.6336453573272779
53.8	0.6336453573272857
53.9	0.6336453573273007
54.0	0.6336453573272917
54.1	0.6336453573272833
54.2	0.6336453573272481
54.3	0.633645357327238
54.4	0.6336453573272357
54.5	0.6336453573272358
54.6	0.6336453573272453
54.7	0.6336453573272418
54.8	0.6336453573272413
54.9	0.6336453573272426
55.0	0.6336453573272246
55.1	0.6336453573272054
55.2	0.6336453573272015
55.3	0.6336453573272115
55.4	0.6336453573272172
55.5	0.6336453573272153
55.6	0.6336453573272288
55.7	0.6336453573272396
55.8	0.6336453573272443
55.9	0.633645357327251
56.0	0.6336453573272409
56.1	0.633645357327225
56.2	0.6336453573272259
56.3	0.6336453573272286
56.4	0.6336453573272567
56.5	0.6336453573272579
56.6	0.6336453573272451
56.7	0.6336453573272358
56.8	0.6336453573272238
56.9	0.6336453573272219
57.0	0.6336453573272205
57.1	0.6336453573272286
57.2	0.6336453573272296
57.3	0.6336453573272245
57.4	0.6336453573272032
57.5	0.6336453573272016
57.6	0.6336453573272202
57.7	0.6336453573272418
57.8	0.6336453573272395
57.9	0.6336453573272397
58.0	0.6336453573272414
58.1	0.6336453573272542
58.2	0.6336453573272587
58.3	0.6336453573272468
58.4	0.6336453573272447
58.5	0.6336453573272477
58.6	0.6336453573272436
58.7	0.6336453573272505
58.8	0.6336453573272549
58.9	0.6336453573272508
59.0	0.6336453573272515
59.1	0.6336453573272469
59.2	0.6336453573272486
59.3	0.6336453573272309
59.4	0.6336453573272248
59.5	0.6336453573272244
59.6	0.633645357327224
59.7	0.6336453573272265
59.8	0.633645357327226
59.9	0.6336453573272277
60.0	0.633645357327229
60.1	0.633645357327231
60.2	0.6336453573272426
60.3	0.6336453573272417
60.4	0.633645357327243
60.5	0.6336453573272441
60.6	0.6336453573272459
60.7	0.6336453573272468
60.8	0.63364535732725
60.9	0.6336453573272443
61.0	0.633645357327246
61.1	0.6336453573272447
61.2	0.6336453573272515
61.3	0.6336453573272617
61.4	0.6336453573272639
61.5	0.6336453573272686
61.6	0.6336453573272779
61.7	0.6336453573272797
61.8	0.6336453573272841
61.9	0.6336453573272879
62.0	0.6336453573272852
62.1	0.6336453573272735
62.2	0.6336453573272667
62.3	0.6336453573272476
62.4	0.6336453573272356
62.5	0.6336453573272453
62.6	0.633645357327266
62.7	0.6336453573272771
62.8	0.6336453573272821
62.9	0.6336453573272839
63.0	0.6336453573272752
63.1	0.6336453573272651
63.2	0.6336453573272477
63.3	0.633645357327236
63.4	0.6336453573272218
63.5	0.6336453573272073
63.6	0.633645357327206
63.7	0.6336453573272111
63.8	0.6336453573272102
63.9	0.6336453573272108
64.0	0.6336453573272197
64.1	0.6336453573272413
64.2	0.6336453573272508
64.3	0.6336453573272581
64.4	0.6336453573272652
64.5	0.6336453573272556
64.6	0.6336453573272431
64.7	0.6336453573272351
64.8	0.6336453573272255
64.9	0.6336453573272331
65.0	0.6336453573272367
65.1	0.6336453573272325
65.2	0.6336453573272283
65.3	0.6336453573272296
65.4	0.633645357327234
65.5	0.6336453573272391
65.6	0.6336453573272428
65.7	0.6336453573272538
65.8	0.6336453573272616
65.9	0.6336453573272607
66.0	0.6336453573272778
66.1	0.6336453573272867
66.2	0.633645357327294
66.3	0.6336453573272982
66.4	0.6336453573272934
66.5	0.6336453573272746
66.6	0.6336453573272598
66.7	0.6336453573272546
66.8	0.6336453573272576
66.9	0.6336453573272669
67.0	0.6336453573272638
67.1	0.6336453573272655
67.2	0.6336453573272637
67.3	0.6336453573272701
67.4	0.6336453573272613
67.5	0.6336453573272567
67.6	0.6336453573272619
67.7	0.6336453573272692
67.8	0.6336453573272911
67.9	0.6336453573272945
68.0	0.6336453573273029
68.1	0.6336453573273094
68.2	0.633645357327303
68.3	0.6336453573272945
68.4	0.6336453573272963
68.5	0.6336453573272952
68.6	0.6336453573272967
68.7	0.6336453573272816
68.8	0.6336453573272635
68.9	0.6336453573272633
69.0	0.6336453573272596
69.1	0.633645357327266
69.2	0.6336453573272626
69.3	0.6336453573272576
69.4	0.6336453573272682
69.5	0.6336453573272639
69.6	0.6336453573272471
69.7	0.6336453573272519
69.8	0.6336453573272488
69.9	0.6336453573272385
70.0	0.6336453573272428
70.1	0.6336453573272461
70.2	0.6336453573272572
70.3	0.6336453573272639
70.4	0.6336453573272728
70.5	0.633645357327268
70.6	0.6336453573272549
70.7	0.6336453573272491
70.8	0.6336453573272434
70.9	0.6336453573272431
71.0	0.6336453573272427
71.1	0.6336453573272478
71.2	0.6336453573272656
71.3	0.6336453573272622
71.4	0.6336453573272585
71.5	0.6336453573272539
71.6	0.6336453573272588
71.7	0.6336453573272544
71.8	0.6336453573272609
71.9	0.6336453573272529
72.0	0.633645357327244
72.1	0.6336453573272336
72.2	0.6336453573272339
72.3	0.6336453573272331
72.4	0.6336453573272272
72.5	0.6336453573272233
72.6	0.6336453573272304
72.7	0.6336453573272505
72.8	0.6336453573272522
72.9	0.6336453573272472
73.0	0.6336453573272387
73.1	0.6336453573272366
73.2	0.6336453573272389
73.3	0.6336453573272395
73.4	0.6336453573272449
73.5	0.6336453573272517
73.6	0.6336453573272485
73.7	0.6336453573272507
73.8	0.6336453573272437
73.9	0.633645357327242
74.0	0.6336453573272404
74.1	0.6336453573272226
74.2	0.6336453573272158
74.3	0.6336453573271962
74.4	0.6336453573271881
74.5	0.633645357327185
74.6	0.6336453573271859
74.7	0.6336453573271873
74.8	0.6336453573271928
74.9	0.6336453573272205
75.0	0.6336453573272295
75.1	0.6336453573272387
75.2	0.6336453573272255
75.3	0.6336453573272158
75.4	0.63364535732721
75.5	0.6336453573272138
75.6	0.6336453573272155
75.7	0.633645357327218
75.8	0.6336453573272204
75.9	0.6336453573272254
76.0	0.6336453573272253
76.1	0.6336453573272168
76.2	0.633645357327223
76.3	0.6336453573272305
76.4	0.6336453573272204
76.5	0.6336453573271983
76.6	0.63364535732718
76.7	0.6336453573271622
76.8	0.6336453573271468
76.9	0.6336453573271338
77.0	0.6336453573271315
77.1	0.633645357327132
77.2	0.6336453573271311
77.3	0.633645357327129
77.4	0.6336453573271351
77.5	0.6336453573271329
77.6	0.63364535732711
77.7	0.6336453573270971
77.8	0.6336453573270908
77.9	0.6336453573270717
78.0	0.6336453573270506
78.1	0.6336453573270362
78.2	0.6336453573270234
78.3	0.6336453573270237
78.4	0.633645357327013
78.5	0.6336453573269849
78.6	0.6336453573269578
78.7	0.6336453573269386
78.8	0.633645357326914
78.9	0.6336453573268953
79.0	0.6336453573268623
79.1	0.6336453573268411
79.2	0.6336453573268221
79.3	0.6336453573267934
79.4	0.6336453573267592
79.5	0.6336453573267177
79.6	0.633645357326662
79.7	0.633645357326617
79.8	0.6336453573265789
79.9	0.6336453573265461
80.0	0.6336453573265008
