0.0	0.0
0.1	0.013486206082500373
0.2	0.03288202689099916
0.3	0.047738650341237115
0.4	0.05582346656528184
0.5	0.05781587797556118
0.6	0.05556168453096164
0.7	0.05119200938639409
0.8	0.04656344138872165
0.9	0.04291709261278787
1.0	0.04077095124754097
1.1	0.04003885044026009
1.2	0.0402910627243104
1.3	0.04102132020675221
1.4	0.04182206719159825
1.5	0.04245036337390812
1.6	0.04281718743772381
1.7	0.04294115451963504
1.8	0.042895848680263686
1.9	0.04276673290813002
2.0	0.0426239012739375
2.1	0.04251055807275424
2.2	0.04244341966174354
2.3	0.042419850619628226
2.4	0.04242697837103217
2.5	0.04244952846906446
2.6	0.04247486958077353
2.7	0.04249516005365623
2.8	0.042507303057819
2.9	0.04251168240786884
3.0	0.04251054256998254
3.1	0.04250659047854897
3.2	0.04250208666544374
3.3	0.04249844933022769
3.4	0.04249625114381304
3.5	0.042495438474826695
3.6	0.04249561877066241
3.7	0.0424963111956057
3.8	0.04249711096586446
3.9	0.042497762033025424
4.0	0.04249815910269541
4.1	0.04249830931966722
4.2	0.04249828126848728
4.3	0.04249816018242337
4.4	0.0424980183727241
4.5	0.042497901965013636
4.6	0.04249783028431985
4.7	0.04249780251848514
4.8	0.0424978067334734
4.9	0.04249782785411358
5.0	0.04249785297621341
5.1	0.0424978737888623
5.2	0.04249788673792876
5.3	0.0424978918757421
5.4	0.042497891271805255
5.5	0.04249788759128264
5.6	0.04249788313897338
5.7	0.04249787941488284
5.8	0.04249787707394727
5.9	0.04249787612390439
6.0	0.0424978762057782
6.1	0.04249787684769843
6.2	0.04249787763741062
6.3	0.042497878303991855
6.4	0.04249787872695622
6.5	0.04249787890209061
6.6	0.04249787889182422
6.7	0.04249787877980017
6.8	0.042497878639750346
6.9	0.04249787852053505
7.0	0.042497878444229475
7.1	0.042497878412044894
7.2	0.04249787841311732
7.3	0.04249787843264238
7.4	0.04249787845744452
7.5	0.04249787847874019
7.6	0.0424978784924899
7.7	0.04249787849840249
7.8	0.04249787849834769
7.9	0.04249787849495788
8.0	0.04249787849056998
8.1	0.042497878486766665
8.2	0.042497878484288355
8.3	0.04249787848320471
8.4	0.04249787848318377
8.5	0.042497878483771775
8.6	0.042497878484549306
8.7	0.04249787848523062
8.8	0.042497878485674406
8.9	0.04249787848587697
9.0	0.042497878485885154
9.1	0.04249787848578368
9.2	0.04249787848564705
9.3	0.04249787848552523
9.4	0.04249787848543929
9.5	0.04249787848540574
9.6	0.04249787848540567
9.7	0.04249787848542255
9.8	0.0424978784854467
9.9	0.04249787848546991
10.0	0.04249787848548272
10.1	0.04249787848548946
10.2	0.042497878485488666
10.3	0.0424978784854866
10.4	0.04249787848548157
10.5	0.042497878485480305
10.6	0.04249787848547482
10.7	0.042497878485474434
10.8	0.042497878485476794
10.9	0.04249787848547305
11.0	0.04249787848547506
11.1	0.04249787848547618
11.2	0.04249787848547387
11.3	0.04249787848547961
11.4	0.04249787848547728
11.5	0.04249787848547855
11.6	0.0424978784854773
11.7	0.04249787848547655
11.8	0.042497878485477855
11.9	0.04249787848547417
12.0	0.042497878485475954
12.1	0.042497878485476814
12.2	0.042497878485477474
12.3	0.0424978784854757
12.4	0.04249787848547487
12.5	0.042497878485474413
12.6	0.042497878485478084
12.7	0.0424978784854745
12.8	0.04249787848547709
12.9	0.04249787848547575
13.0	0.04249787848547898
13.1	0.04249787848547686
13.2	0.0424978784854771
13.3	0.042497878485475184
13.4	0.04249787848547816
13.5	0.04249787848547545
13.6	0.042497878485479326
13.7	0.04249787848547654
13.8	0.04249787848547791
13.9	0.042497878485477876
14.0	0.0424978784854768
14.1	0.04249787848547677
14.2	0.042497878485475094
14.3	0.04249787848547793
14.4	0.04249787848547571
14.5	0.04249787848547853
14.6	0.04249787848547984
14.7	0.042497878485476086
14.8	0.0424978784854764
14.9	0.042497878485477245
15.0	0.0424978784854747
15.1	0.04249787848547752
15.2	0.04249787848547647
15.3	0.0424978784854745
15.4	0.04249787848547523
15.5	0.042497878485474
15.6	0.04249787848547697
15.7	0.042497878485474504
15.8	0.04249787848547714
15.9	0.04249787848547767
16.0	0.04249787848547561
16.1	0.04249787848547702
16.2	0.04249787848547661
16.3	0.04249787848547661
16.4	0.04249787848547536
16.5	0.042497878485475316
16.6	0.042497878485474025
16.7	0.042497878485474
16.8	0.04249787848547745
16.9	0.0424978784854748
17.0	0.04249787848547596
17.1	0.042497878485477716
17.2	0.04249787848547774
17.3	0.04249787848547832
17.4	0.04249787848547639
17.5	0.042497878485474934
17.6	0.04249787848547618
17.7	0.042497878485474254
17.8	0.04249787848547172
17.9	0.0424978784854769
18.0	0.04249787848547609
18.1	0.042497878485477945
18.2	0.042497878485477876
18.3	0.04249787848547448
18.4	0.04249787848547363
18.5	0.042497878485477494
18.6	0.042497878485477536
18.7	0.04249787848547836
18.8	0.04249787848547623
18.9	0.042497878485480214
19.0	0.04249787848547548
19.1	0.04249787848547687
19.2	0.04249787848547739
19.3	0.04249787848547473
19.4	0.04249787848547585
19.5	0.042497878485474525
19.6	0.04249787848547539
19.7	0.042497878485478625
19.8	0.04249787848547705
19.9	0.04249787848547899
20.0	0.04249787848547867
20.1	0.042497878485478695
20.2	0.04249787848547852
20.3	0.042497878485475794
20.4	0.04249787848547653
20.5	0.04249787848547683
20.6	0.04249787848547488
20.7	0.04249787848547684
20.8	0.042497878485479104
20.9	0.042497878485475434
21.0	0.042497878485475496
21.1	0.042497878485477696
21.2	0.04249787848547538
21.3	0.0424978784854743
21.4	0.04249787848547904
21.5	0.04249787848547845
21.6	0.042497878485478084
21.7	0.04249787848547705
21.8	0.042497878485475364
21.9	0.04249787848547718
22.0	0.04249787848547523
22.1	0.0424978784854725
22.2	0.04249787848547752
22.3	0.0424978784854756
22.4	0.04249787848547661
22.5	0.04249787848547786
22.6	0.0424978784854759
22.7	0.04249787848548034
22.8	0.04249787848547649
22.9	0.04249787848547362
23.0	0.042497878485476315
23.1	0.042497878485474816
23.2	0.04249787848547748
23.3	0.042497878485476065
23.4	0.04249787848547391
23.5	0.04249787848547659
23.6	0.042497878485474636
23.7	0.0424978784854782
23.8	0.04249787848547429
23.9	0.04249787848547588
24.0	0.04249787848547588
24.1	0.04249787848547794
24.2	0.0424978784854778
24.3	0.04249787848547501
24.4	0.042497878485474164
24.5	0.04249787848547511
24.6	0.0424978784854794
24.7	0.042497878485475
24.8	0.042497878485478105
24.9	0.04249787848547424
25.0	0.04249787848547588
25.1	0.04249787848547589
25.2	0.04249787848547708
25.3	0.042497878485476114
25.4	0.04249787848547656
25.5	0.042497878485475794
25.6	0.04249787848547764
25.7	0.04249787848547331
25.8	0.042497878485477
25.9	0.04249787848547843
26.0	0.04249787848547374
26.1	0.04249787848547491
26.2	0.042497878485479805
26.3	0.042497878485475406
26.4	0.04249787848547598
26.5	0.04249787848547647
26.6	0.042497878485474885
26.7	0.04249787848547508
26.8	0.042497878485477085
26.9	0.042497878485475586
27.0	0.042497878485475364
27.1	0.042497878485476454
27.2	0.042497878485477245
27.3	0.04249787848547653
27.4	0.0424978784854742
27.5	0.042497878485475545
27.6	0.04249787848547808
27.7	0.04249787848547832
27.8	0.042497878485476405
27.9	0.042497878485477036
28.0	0.04249787848547766
28.1	0.042497878485476176
28.2	0.04249787848547709
28.3	0.042497878485477564
28.4	0.04249787848547754
28.5	0.04249787848547651
28.6	0.042497878485473865
28.7	0.04249787848547488
28.8	0.042497878485474906
28.9	0.042497878485477855
29.0	0.042497878485474656
29.1	0.042497878485476655
29.2	0.04249787848547656
29.3	0.04249787848547919
29.4	0.04249787848547686
29.5	0.04249787848547517
29.6	0.0424978784854794
29.7	0.04249787848547497
29.8	0.04249787848547796
29.9	0.04249787848547615
30.0	0.042497878485477286
30.1	0.04249787848547426
30.2	0.04249787848547463
30.3	0.04249787848547706
30.4	0.04249787848547313
30.5	0.04249787848547542
30.6	0.04249787848547622
30.7	0.04249787848547808
30.8	0.04249787848547492
30.9	0.04249787848547607
31.0	0.04249787848547639
31.1	0.04249787848547724
31.2	0.04249787848547835
31.3	0.042497878485474705
31.4	0.04249787848547718
31.5	0.04249787848547701
31.6	0.04249787848547422
31.7	0.04249787848547668
31.8	0.04249787848547714
31.9	0.04249787848547411
32.0	0.04249787848547582
32.1	0.04249787848547476
32.2	0.04249787848547736
32.3	0.042497878485477335
32.4	0.04249787848547596
32.5	0.04249787848547728
32.6	0.04249787848547227
32.7	0.04249787848547745
32.8	0.04249787848547899
32.9	0.04249787848547984
33.0	0.04249787848547987
33.1	0.042497878485477494
33.2	0.042497878485476814
33.3	0.04249787848547514
33.4	0.04249787848547571
33.5	0.04249787848547574
33.6	0.042497878485478195
33.7	0.04249787848547867
33.8	0.04249787848547441
33.9	0.04249787848547458
34.0	0.04249787848547622
34.1	0.042497878485475586
34.2	0.0424978784854743
34.3	0.04249787848547539
34.4	0.04249787848547571
34.5	0.04249787848547731
34.6	0.042497878485479104
34.7	0.04249787848547706
34.8	0.04249787848547939
34.9	0.0424978784854781
35.0	0.042497878485478764
35.1	0.04249787848547557
35.2	0.04249787848547757
35.3	0.042497878485478
35.4	0.04249787848547654
35.5	0.04249787848547388
35.6	0.04249787848547814
35.7	0.04249787848547772
35.8	0.04249787848547585
35.9	0.042497878485479666
36.0	0.042497878485476155
36.1	0.04249787848547784
36.2	0.04249787848547808
36.3	0.04249787848547407
36.4	0.04249787848547618
36.5	0.04249787848547649
36.6	0.042497878485476016
36.7	0.04249787848547751
36.8	0.04249787848547663
36.9	0.04249787848547846
37.0	0.042497878485478785
37.1	0.04249787848547384
37.2	0.04249787848547793
37.3	0.04249787848547767
37.4	0.04249787848547706
37.5	0.04249787848547712
37.6	0.042497878485479736
37.7	0.042497878485479264
37.8	0.04249787848547661
37.9	0.04249787848547769
38.0	0.042497878485477064
38.1	0.04249787848547513
38.2	0.04249787848547905
38.3	0.0424978784854756
38.4	0.042497878485474504
38.5	0.04249787848547876
38.6	0.042497878485478195
38.7	0.04249787848547258
38.8	0.04249787848547429
38.9	0.042497878485473796
39.0	0.042497878485473435
39.1	0.042497878485477945
39.2	0.04249787848547838
39.3	0.0424978784854725
39.4	0.042497878485477
39.5	0.04249787848547592
39.6	0.042497878485474
39.7	0.04249787848547751
39.8	0.042497878485477744
39.9	0.04249787848547747
40.0	0.04249787848547384
40.1	0.042497878485476155
40.2	0.042497878485477536
40.3	0.04249787848547778
40.4	0.042497878485479514
40.5	0.04249787848547274
40.6	0.042497878485476086
40.7	0.042497878485477064
40.8	0.04249787848547411
40.9	0.04249787848547431
41.0	0.04249787848547664
41.1	0.04249787848547423
41.2	0.04249787848547291
41.3	0.04249787848547818
41.4	0.04249787848547613
41.5	0.042497878485474705
41.6	0.04249787848547467
41.7	0.042497878485476405
41.8	0.04249787848547766
41.9	0.04249787848547789
42.0	0.04249787848547333
42.1	0.042497878485474254
42.2	0.04249787848547535
42.3	0.04249787848547614
42.4	0.0424978784854759
42.5	0.042497878485478584
42.6	0.04249787848547708
42.7	0.042497878485478306
42.8	0.04249787848547776
42.9	0.04249787848547395
43.0	0.04249787848547654
43.1	0.04249787848547516
43.2	0.04249787848547838
43.3	0.042497878485474656
43.4	0.04249787848547729
43.5	0.04249787848547367
43.6	0.042497878485478244
43.7	0.04249787848547663
43.8	0.042497878485475045
43.9	0.04249787848547675
44.0	0.04249787848547868
44.1	0.04249787848547607
44.2	0.04249787848547654
44.3	0.04249787848547822
44.4	0.04249787848547607
44.5	0.042497878485475725
44.6	0.042497878485476155
44.7	0.042497878485475836
44.8	0.04249787848547686
44.9	0.042497878485476044
45.0	0.04249787848547466
45.1	0.04249787848547504
45.2	0.04249787848547738
45.3	0.04249787848547889
45.4	0.04249787848547541
45.5	0.04249787848547546
45.6	0.04249787848547687
45.7	0.0424978784854756
45.8	0.042497878485477085
45.9	0.04249787848547759
46.0	0.04249787848547468
46.1	0.042497878485475954
46.2	0.04249787848547536
46.3	0.042497878485476946
46.4	0.04249787848547771
46.5	0.042497878485474525
46.6	0.042497878485475524
46.7	0.04249787848547426
46.8	0.042497878485474566
46.9	0.042497878485472894
47.0	0.04249787848547463
47.1	0.04249787848547759
47.2	0.04249787848547513
47.3	0.04249787848547557
47.4	0.042497878485472804
47.5	0.042497878485476405
47.6	0.0424978784854743
47.7	0.04249787848547541
47.8	0.04249787848547667
47.9	0.04249787848547846
48.0	0.042497878485474025
48.1	0.042497878485476266
48.2	0.04249787848547714
48.3	0.04249787848547646
48.4	0.042497878485476946
48.5	0.04249787848547454
48.6	0.042497878485474726
48.7	0.04249787848547883
48.8	0.042497878485474774
48.9	0.042497878485477564
49.0	0.042497878485474566
49.1	0.04249787848547596
49.2	0.042497878485477474
49.3	0.04249787848547638
49.4	0.04249787848547642
49.5	0.042497878485475954
49.6	0.04249787848547378
49.7	0.042497878485480686
49.8	0.04249787848547728
49.9	0.04249787848547794
50.0	0.042497878485479486
50.1	0.042497878485475434
50.2	0.042497878485477085
50.3	0.042497878485477
50.4	0.04249787848547692
50.5	0.04249787848547493
50.6	0.04249787848547413
50.7	0.042497878485475725
50.8	0.042497878485479076
50.9	0.04249787848547778
51.0	0.04249787848547415
51.1	0.042497878485474316
51.2	0.04249787848547453
51.3	0.042497878485473047
51.4	0.042497878485476655
51.5	0.04249787848547422
51.6	0.04249787848547782
51.7	0.04249787848547441
51.8	0.04249787848547609
51.9	0.04249787848547769
52.0	0.04249787848547902
52.1	0.04249787848547842
52.2	0.04249787848547709
52.3	0.04249787848547668
52.4	0.04249787848547516
52.5	0.042497878485478785
52.6	0.04249787848547635
52.7	0.042497878485477245
52.8	0.042497878485472824
52.9	0.04249787848547412
53.0	0.042497878485474906
53.1	0.042497878485474753
53.2	0.04249787848547609
53.3	0.042497878485476585
53.4	0.04249787848547695
53.5	0.04249787848547629
53.6	0.04249787848547516
53.7	0.04249787848547839
53.8	0.04249787848547702
53.9	0.04249787848547978
54.0	0.042497878485474656
54.1	0.04249787848547422
54.2	0.04249787848547362
54.3	0.042497878485477966
54.4	0.04249787848547428
54.5	0.04249787848547577
54.6	0.04249787848547615
54.7	0.042497878485472526
54.8	0.04249787848547333
54.9	0.04249787848547571
55.0	0.04249787848547469
55.1	0.042497878485471936
55.2	0.04249787848547593
55.3	0.04249787848547585
55.4	0.042497878485474094
55.5	0.042497878485472734
55.6	0.0424978784854748
55.7	0.04249787848547445
55.8	0.042497878485475926
55.9	0.042497878485479076
56.0	0.04249787848547549
56.1	0.0424978784854778
56.2	0.042497878485473393
56.3	0.042497878485476766
56.4	0.04249787848547249
56.5	0.0424978784854775
56.6	0.042497878485477
56.7	0.04249787848547598
56.8	0.04249787848547571
56.9	0.042497878485477036
57.0	0.042497878485476995
57.1	0.04249787848547571
57.2	0.04249787848547468
57.3	0.042497878485476405
57.4	0.04249787848547567
57.5	0.042497878485479326
57.6	0.04249787848547635
57.7	0.042497878485475864
57.8	0.04249787848547532
57.9	0.042497878485478556
58.0	0.04249787848547599
58.1	0.042497878485476655
58.2	0.042497878485474025
58.3	0.042497878485478584
58.4	0.0424978784854732
58.5	0.042497878485474386
58.6	0.04249787848547549
58.7	0.0424978784854734
58.8	0.04249787848547655
58.9	0.04249787848547568
59.0	0.04249787848547449
59.1	0.04249787848547545
59.2	0.042497878485481415
59.3	0.042497878485476835
59.4	0.04249787848547868
59.5	0.042497878485475836
59.6	0.04249787848547441
59.7	0.0424978784854768
59.8	0.0424978784854765
59.9	0.04249787848547604
60.0	0.04249787848547611
60.1	0.04249787848547564
60.2	0.04249787848547552
60.3	0.042497878485478514
60.4	0.04249787848547898
60.5	0.042497878485474434
60.6	0.04249787848547624
60.7	0.042497878485478105
60.8	0.04249787848547448
60.9	0.04249787848547532
61.0	0.04249787848547618
61.1	0.04249787848547743
61.2	0.04249787848547547
61.3	0.04249787848547568
61.4	0.042497878485476336
61.5	0.042497878485474115
61.6	0.04249787848547683
61.7	0.04249787848547613
61.8	0.04249787848547549
61.9	0.04249787848547854
62.0	0.04249787848547705
62.1	0.042497878485476946
62.2	0.042497878485476905
62.3	0.042497878485475794
62.4	0.042497878485475475
62.5	0.04249787848547629
62.6	0.04249787848547734
62.7	0.04249787848547483
62.8	0.04249787848547781
62.9	0.042497878485477314
63.0	0.04249787848547748
63.1	0.042497878485478584
63.2	0.042497878485475316
63.3	0.04249787848547728
63.4	0.04249787848547615
63.5	0.042497878485475114
63.6	0.04249787848547571
63.7	0.042497878485478105
63.8	0.042497878485478514
63.9	0.04249787848547639
64.0	0.04249787848547549
64.1	0.04249787848547642
64.2	0.042497878485476044
64.3	0.04249787848547967
64.4	0.04249787848547624
64.5	0.04249787848547754
64.6	0.04249787848547663
64.7	0.04249787848548088
64.8	0.04249787848547438
64.9	0.0424978784854778
65.0	0.042497878485475295
65.1	0.042497878485482
65.2	0.042497878485477814
65.3	0.042497878485476044
65.4	0.04249787848547578
65.5	0.04249787848547808
65.6	0.04249787848547445
65.7	0.042497878485475385
65.8	0.042497878485476454
65.9	0.04249787848547727
66.0	0.04249787848547788
66.1	0.04249787848547577
66.2	0.04249787848547593
66.3	0.042497878485474275
66.4	0.04249787848547807
66.5	0.04249787848547532
66.6	0.04249787848547686
66.7	0.04249787848547541
66.8	0.04249787848547479
66.9	0.04249787848547615
67.0	0.04249787848547703
67.1	0.04249787848547747
67.2	0.04249787848547735
67.3	0.04249787848547917
67.4	0.04249787848547414
67.5	0.04249787848547406
67.6	0.04249787848547412
67.7	0.04249787848547621
67.8	0.042497878485475725
67.9	0.042497878485472526
68.0	0.042497878485476655
68.1	0.042497878485478376
68.2	0.04249787848547721
68.3	0.042497878485477585
68.4	0.04249787848547836
68.5	0.04249787848547408
68.6	0.04249787848547546
68.7	0.04249787848547613
68.8	0.04249787848547829
68.9	0.042497878485477945
69.0	0.04249787848547521
69.1	0.042497878485477675
69.2	0.042497878485475905
69.3	0.04249787848547993
69.4	0.04249787848547686
69.5	0.04249787848547425
69.6	0.042497878485475094
69.7	0.04249787848547711
69.8	0.04249787848547711
69.9	0.04249787848547946
70.0	0.04249787848547661
70.1	0.04249787848547555
70.2	0.04249787848547276
70.3	0.04249787848547791
70.4	0.042497878485476016
70.5	0.04249787848547558
70.6	0.04249787848547582
70.7	0.04249787848547626
70.8	0.042497878485476946
70.9	0.0424978784854776
71.0	0.04249787848547762
71.1	0.04249787848547751
71.2	0.04249787848547593
71.3	0.042497878485478674
71.4	0.04249787848547719
71.5	0.042497878485477286
71.6	0.042497878485477335
71.7	0.04249787848547692
71.8	0.04249787848547647
71.9	0.042497878485477474
72.0	0.0424978784854764
72.1	0.04249787848548029
72.2	0.042497878485477945
72.3	0.04249787848547582
72.4	0.04249787848547519
72.5	0.04249787848547801
72.6	0.04249787848548032
72.7	0.0424978784854762
72.8	0.04249787848547747
72.9	0.04249787848547547
73.0	0.04249787848547784
73.1	0.042497878485479694
73.2	0.04249787848547395
73.3	0.04249787848547472
73.4	0.04249787848547511
73.5	0.04249787848547754
73.6	0.042497878485478556
73.7	0.042497878485476405
73.8	0.042497878485475524
73.9	0.042497878485474386
74.0	0.04249787848547657
74.1	0.0424978784854759
74.2	0.042497878485475545
74.3	0.042497878485478195
74.4	0.04249787848547626
74.5	0.04249787848547454
74.6	0.0424978784854784
74.7	0.04249787848547689
74.8	0.04249787848547483
74.9	0.04249787848547384
75.0	0.04249787848547513
75.1	0.04249787848547857
75.2	0.04249787848547814
75.3	0.0424978784854776
75.4	0.04249787848547439
75.5	0.0424978784854764
75.6	0.042497878485476176
75.7	0.042497878485475545
75.8	0.04249787848547556
75.9	0.0424978784854772
76.0	0.04249787848548024
76.1	0.04249787848547574
76.2	0.042497878485478084
76.3	0.042497878485475794
76.4	0.04249787848547392
76.5	0.0424978784854748
76.6	0.04249787848547618
76.7	0.04249787848547573
76.8	0.042497878485476516
76.9	0.04249787848547609
77.0	0.04249787848547437
77.1	0.0424978784854771
77.2	0.04249787848547623
77.3	0.042497878485477446
77.4	0.042497878485474885
77.5	0.04249787848547447
77.6	0.042497878485476905
77.7	0.04249787848547754
77.8	0.04249787848547841
77.9	0.04249787848547605
78.0	0.04249787848547671
78.1	0.0424978784854764
78.2	0.04249787848547811
78.3	0.04249787848547423
78.4	0.04249787848547892
78.5	0.042497878485476155
78.6	0.04249787848547769
78.7	0.04249787848547488
78.8	0.04249787848547638
78.9	0.0424978784854784
79.0	0.042497878485474094
79.1	0.04249787848547516
79.2	0.04249787848547808
79.3	0.04249787848547401
79.4	0.042497878485476204
79.5	0.04249787848547844
79.6	0.04249787848547664
79.7	0.04249787848547786
79.8	0.04249787848547726
79.9	0.04249787848547599
80.0	0.04249787848547473
80.1	0.04249787848547588
80.2	0.04249787848547567
80.3	0.042497878485473865
80.4	0.04249787848547574
80.5	0.04249787848547599
80.6	0.04249787848547768
80.7	0.04249787848547833
80.8	0.04249787848547657
80.9	0.042497878485478126
81.0	0.04249787848547663
81.1	0.04249787848547481
81.2	0.04249787848547713
81.3	0.042497878485477404
81.4	0.04249787848547535
81.5	0.042497878485472394
81.6	0.04249787848547833
81.7	0.04249787848547883
81.8	0.04249787848547609
81.9	0.04249787848547938
82.0	0.04249787848547805
82.1	0.042497878485476016
82.2	0.04249787848547793
82.3	0.04249787848547532
82.4	0.042497878485475656
82.5	0.04249787848547637
82.6	0.042497878485477314
82.7	0.042497878485475225
82.8	0.04249787848547693
82.9	0.042497878485478625
83.0	0.04249787848547712
83.1	0.042497878485476655
83.2	0.04249787848547754
83.3	0.042497878485473865
83.4	0.04249787848547468
83.5	0.0424978784854766
83.6	0.04249787848547377
83.7	0.04249787848547232
83.8	0.04249787848547811
83.9	0.04249787848547902
84.0	0.04249787848547529
84.1	0.042497878485475135
84.2	0.042497878485478084
84.3	0.042497878485476856
84.4	0.04249787848547702
84.5	0.042497878485477744
84.6	0.04249787848547752
84.7	0.042497878485475225
84.8	0.04249787848547714
84.9	0.04249787848547667
85.0	0.04249787848547456
85.1	0.04249787848547811
85.2	0.04249787848547568
85.3	0.04249787848547635
85.4	0.042497878485476814
85.5	0.04249787848547466
85.6	0.04249787848547601
85.7	0.042497878485475996
85.8	0.0424978784854764
85.9	0.04249787848547745
86.0	0.04249787848547686
86.1	0.042497878485474316
86.2	0.04249787848547561
86.3	0.04249787848547992
86.4	0.04249787848547844
86.5	0.04249787848547848
86.6	0.0424978784854785
86.7	0.04249787848547521
86.8	0.04249787848547532
86.9	0.04249787848547664
87.0	0.04249787848547722
87.1	0.04249787848547555
87.2	0.04249787848547684
87.3	0.042497878485477
87.4	0.042497878485475614
87.5	0.042497878485475565
87.6	0.04249787848547533
87.7	0.042497878485478056
87.8	0.04249787848547354
87.9	0.04249787848547451
88.0	0.04249787848547753
88.1	0.04249787848547599
88.2	0.04249787848547653
88.3	0.04249787848547795
88.4	0.04249787848547487
88.5	0.04249787848547549
88.6	0.04249787848547612
88.7	0.04249787848547741
88.8	0.042497878485478376
88.9	0.04249787848547684
89.0	0.04249787848547947
89.1	0.04249787848547495
89.2	0.04249787848547857
89.3	0.042497878485476495
89.4	0.04249787848547595
89.5	0.042497878485478084
89.6	0.04249787848547504
89.7	0.042497878485476114
89.8	0.042497878485478736
89.9	0.042497878485474504
90.0	0.04249787848547754
90.1	0.042497878485478306
90.2	0.04249787848547598
90.3	0.042497878485478556
90.4	0.042497878485478306
90.5	0.042497878485476585
90.6	0.04249787848547747
90.7	0.04249787848547819
90.8	0.0424978784854756
90.9	0.04249787848547661
91.0	0.04249787848547547
91.1	0.0424978784854759
91.2	0.04249787848547454
91.3	0.04249787848547695
91.4	0.04249787848547699
91.5	0.04249787848547818
91.6	0.04249787848547282
91.7	0.04249787848547668
91.8	0.04249787848547829
91.9	0.04249787848547527
92.0	0.04249787848547298
92.1	0.042497878485475114
92.2	0.042497878485477085
92.3	0.04249787848547646
92.4	0.042497878485478084
92.5	0.04249787848547489
92.6	0.04249787848547692
92.7	0.04249787848547865
92.8	0.04249787848547524
92.9	0.04249787848547582
93.0	0.04249787848547492
93.1	0.04249787848547679
93.2	0.042497878485477404
93.3	0.04249787848547849
93.4	0.04249787848547788
93.5	0.0424978784854756
93.6	0.042497878485478
93.7	0.0424978784854775
93.8	0.04249787848547637
93.9	0.042497878485473754
94.0	0.04249787848547772
94.1	0.042497878485475725
94.2	0.042497878485477
94.3	0.0424978784854776
94.4	0.042497878485473005
94.5	0.04249787848547612
94.6	0.04249787848547554
94.7	0.04249787848547661
94.8	0.042497878485474413
94.9	0.042497878485474656
95.0	0.0424978784854795
95.1	0.04249787848547635
95.2	0.042497878485476696
95.3	0.04249787848547499
95.4	0.042497878485477904
95.5	0.04249787848547621
95.6	0.04249787848547211
95.7	0.04249787848547627
95.8	0.042497878485475656
95.9	0.04249787848547494
96.0	0.042497878485478126
96.1	0.0424978784854771
96.2	0.04249787848547774
96.3	0.0424978784854775
96.4	0.04249787848547578
96.5	0.04249787848547479
96.6	0.042497878485474344
96.7	0.04249787848547555
96.8	0.042497878485476426
96.9	0.042497878485476696
97.0	0.04249787848547621
97.1	0.04249787848547494
97.2	0.04249787848547502
97.3	0.04249787848547419
97.4	0.04249787848547712
97.5	0.04249787848547901
97.6	0.04249787848547643
97.7	0.04249787848547475
97.8	0.04249787848547588
97.9	0.042497878485475364
98.0	0.042497878485476516
98.1	0.04249787848547708
98.2	0.042497878485475996
98.3	0.04249787848547317
98.4	0.04249787848547533
98.5	0.04249787848547582
98.6	0.042497878485477904
98.7	0.04249787848547741
98.8	0.04249787848547548
98.9	0.04249787848547677
99.0	0.04249787848547736
99.1	0.04249787848547549
99.2	0.042497878485475926
99.3	0.0424978784854775
99.4	0.042497878485477196
99.5	0.0424978784854786
99.6	0.04249787848547689
99.7	0.04249787848547429
99.8	0.04249787848547584
99.9	0.04249787848547918
100.0	0.042497878485475024
