0.0	0.0
0.1	0.005539994904432318
0.2	0.014037523591967303
0.3	0.021203318784958465
0.4	0.025934245365176422
0.5	0.028288064846261517
0.6	0.028786782609853845
0.7	0.028084042869506207
0.8	0.02678870692325283
0.9	0.025374576299729577
1.0	0.02414775685081126
1.1	0.023255203407817737
1.2	0.02271970484001729
1.3	0.02248607420530213
1.4	0.022464909043534556
1.5	0.022565153540940835
1.6	0.022712834375188735
1.7	0.022857947818009247
1.8	0.022973432680778214
1.9	0.023050095841030675
2.0	0.023090366858218095
2.1	0.023102628705550847
2.2	0.023096947080999575
2.3	0.023082382051300945
2.4	0.02306568779654714
2.5	0.02305103262785763
2.6	0.02304034132948411
2.7	0.023033918704127323
2.8	0.02303110958658812
2.9	0.023030851604173636
3.0	0.023032061308076335
3.1	0.023033852914748715
3.2	0.023035621678577353
3.3	0.023037035911518775
3.4	0.023037979781231743
3.5	0.0230384798102484
3.6	0.02303863651765382
3.7	0.023038572125200812
3.8	0.023038397296099203
3.9	0.023038194880565462
4.0	0.023038016256520535
4.1	0.023037885378974384
4.2	0.023037806331756363
4.3	0.02303777136597619
4.4	0.023037767654954088
4.5	0.0230377820297086
4.6	0.02303780367662507
4.7	0.023037825181158884
4.8	0.02303784245066378
4.9	0.023037854029379242
5.0	0.02303786020811919
5.1	0.02303786219202096
5.2	0.023037861461373592
5.3	0.02303785936333651
5.4	0.02303785691076446
5.5	0.023037854735048102
5.6	0.023037853133596926
5.7	0.02303785216073438
5.8	0.023037851725207174
5.9	0.02303785167249226
6.0	0.023037851842716596
6.1	0.023037852103971468
6.2	0.02303785236533199
6.3	0.02303785257624918
6.4	0.023037852718369507
6.5	0.023037852794786824
6.6	0.023037852819922842
6.7	0.02303785281169124
6.8	0.023037852786514504
6.9	0.02303785275677935
7.0	0.0230378527302601
7.1	0.023037852710654554
7.2	0.023037852698677943
7.3	0.023037852693257314
7.4	0.02303785269252961
7.5	0.023037852694546408
7.6	0.02303785269770469
7.7	0.02303785270088023
7.8	0.02303785270345353
7.9	0.02303785270520014
8.0	0.02303785270614298
8.1	0.023037852706460648
8.2	0.02303785270636426
8.3	0.023037852706066547
8.4	0.02303785270570437
8.5	0.023037852705381282
8.6	0.02303785270514295
8.7	0.023037852704995986
8.8	0.023037852704926278
8.9	0.023037852704919277
9.0	0.023037852704942526
9.1	0.0230378527049802
9.2	0.02303785270501534
9.3	0.023037852705051997
9.4	0.023037852705071474
9.5	0.02303785270508264
9.6	0.023037852705087895
9.7	0.0230378527050853
9.8	0.023037852705082025
9.9	0.02303785270507666
10.0	0.02303785270507167
10.1	0.02303785270507373
10.2	0.023037852705069427
10.3	0.0230378527050685
10.4	0.023037852705069205
10.5	0.02303785270507011
10.6	0.02303785270507092
10.7	0.023037852705065493
10.8	0.023037852705070496
10.9	0.023037852705072484
11.0	0.0230378527050695
11.1	0.02303785270506975
11.2	0.02303785270506727
11.3	0.023037852705071495
11.4	0.023037852705074323
11.5	0.023037852705070194
11.6	0.023037852705067384
11.7	0.023037852705069188
11.8	0.023037852705071346
11.9	0.02303785270507092
12.0	0.023037852705071332
12.1	0.023037852705068765
12.2	0.02303785270506985
12.3	0.023037852705068036
12.4	0.02303785270506965
12.5	0.023037852705066725
12.6	0.023037852705065844
12.7	0.023037852705071016
12.8	0.023037852705072526
12.9	0.023037852705073587
13.0	0.023037852705071166
13.1	0.023037852705073324
13.2	0.023037852705072057
13.3	0.023037852705068654
13.4	0.023037852705071606
13.5	0.02303785270507092
13.6	0.02303785270507332
13.7	0.023037852705069202
13.8	0.023037852705071624
13.9	0.023037852705068647
14.0	0.02303785270506938
14.1	0.02303785270506896
14.2	0.02303785270506799
14.3	0.023037852705070107
14.4	0.02303785270506965
14.5	0.023037852705072498
14.6	0.023037852705069674
14.7	0.02303785270507231
14.8	0.023037852705073164
14.9	0.023037852705070735
15.0	0.023037852705069223
15.1	0.023037852705069806
15.2	0.02303785270506669
15.3	0.023037852705068012
15.4	0.023037852705070562
15.5	0.023037852705069025
15.6	0.02303785270507227
15.7	0.02303785270506739
15.8	0.023037852705070132
15.9	0.023037852705068692
16.0	0.023037852705070517
16.1	0.023037852705070087
16.2	0.023037852705066964
16.3	0.023037852705067783
16.4	0.023037852705069663
16.5	0.02303785270506919
16.6	0.02303785270506972
16.7	0.023037852705070097
16.8	0.023037852705068987
16.9	0.02303785270507179
17.0	0.023037852705069906
17.1	0.02303785270507344
17.2	0.0230378527050695
17.3	0.02303785270506931
17.4	0.02303785270507297
17.5	0.02303785270507078
17.6	0.023037852705068477
17.7	0.02303785270507224
17.8	0.023037852705071814
17.9	0.023037852705068005
18.0	0.023037852705071173
18.1	0.023037852705070982
18.2	0.023037852705067405
18.3	0.02303785270507251
18.4	0.023037852705070746
18.5	0.0230378527050705
18.6	0.023037852705067776
18.7	0.023037852705071117
18.8	0.023037852705070236
18.9	0.023037852705070683
19.0	0.023037852705070243
19.1	0.023037852705072817
19.2	0.02303785270506957
19.3	0.023037852705070683
19.4	0.023037852705072925
19.5	0.023037852705067842
19.6	0.02303785270506871
19.7	0.023037852705070992
19.8	0.02303785270507096
19.9	0.02303785270507204
20.0	0.023037852705069473
20.1	0.023037852705071013
20.2	0.023037852705071537
20.3	0.023037852705066728
20.4	0.023037852705070083
20.5	0.023037852705067342
20.6	0.023037852705070257
20.7	0.023037852705070676
20.8	0.023037852705073025
20.9	0.02303785270507004
21.0	0.02303785270506985
21.1	0.023037852705072453
21.2	0.023037852705068185
21.3	0.023037852705066687
21.4	0.023037852705065892
21.5	0.02303785270506924
21.6	0.023037852705070347
21.7	0.02303785270506941
21.8	0.023037852705071228
21.9	0.023037852705069514
22.0	0.023037852705071464
22.1	0.02303785270507142
22.2	0.023037852705068026
22.3	0.02303785270506827
22.4	0.023037852705068994
22.5	0.023037852705069622
22.6	0.023037852705070305
22.7	0.02303785270507266
22.8	0.023037852705069604
22.9	0.023037852705069126
23.0	0.0230378527050694
23.1	0.023037852705066728
23.2	0.023037852705071245
23.3	0.02303785270506921
23.4	0.023037852705070107
23.5	0.02303785270506711
23.6	0.02303785270506862
23.7	0.02303785270506913
23.8	0.023037852705073504
23.9	0.023037852705069174
24.0	0.023037852705067793
24.1	0.02303785270507163
24.2	0.023037852705069632
24.3	0.02303785270507227
24.4	0.023037852705068706
24.5	0.023037852705070756
24.6	0.023037852705067998
24.7	0.023037852705072227
24.8	0.02303785270506754
24.9	0.02303785270507027
25.0	0.02303785270506945
25.1	0.023037852705068026
25.2	0.023037852705075117
25.3	0.023037852705071016
25.4	0.023037852705069
25.5	0.023037852705071634
25.6	0.023037852705068723
25.7	0.02303785270507039
25.8	0.023037852705069937
25.9	0.023037852705068577
26.0	0.023037852705072994
26.1	0.023037852705071863
26.2	0.023037852705068668
26.3	0.02303785270507069
26.4	0.023037852705068747
26.5	0.02303785270506756
26.6	0.023037852705068668
26.7	0.02303785270507358
26.8	0.0230378527050672
26.9	0.023037852705069254
27.0	0.02303785270506829
27.1	0.0230378527050712
27.2	0.02303785270507049
27.3	0.023037852705068213
27.4	0.023037852705067384
27.5	0.023037852705070094
27.6	0.02303785270506948
27.7	0.023037852705068265
27.8	0.023037852705066694
27.9	0.023037852705070076
28.0	0.02303785270506899
28.1	0.023037852705070788
28.2	0.023037852705072078
28.3	0.02303785270507167
28.4	0.023037852705071034
28.5	0.02303785270507077
28.6	0.02303785270506715
28.7	0.02303785270506799
28.8	0.02303785270507027
28.9	0.023037852705070094
29.0	0.023037852705069656
29.1	0.02303785270506897
29.2	0.023037852705072255
29.3	0.023037852705069455
29.4	0.023037852705067405
29.5	0.023037852705070146
29.6	0.023037852705070538
29.7	0.023037852705071606
29.8	0.0230378527050716
29.9	0.023037852705071624
30.0	0.02303785270506866
30.1	0.023037852705070125
30.2	0.02303785270506847
30.3	0.02303785270507224
30.4	0.023037852705071003
30.5	0.023037852705067606
30.6	0.023037852705069452
30.7	0.023037852705067825
30.8	0.023037852705068213
30.9	0.02303785270507176
31.0	0.02303785270507285
31.1	0.02303785270507141
31.2	0.023037852705070055
31.3	0.023037852705069018
31.4	0.023037852705072106
31.5	0.02303785270506997
31.6	0.023037852705070416
31.7	0.02303785270507085
31.8	0.023037852705069653
31.9	0.02303785270506964
32.0	0.023037852705069792
32.1	0.023037852705069806
32.2	0.023037852705069608
32.3	0.023037852705073313
32.4	0.023037852705073626
32.5	0.023037852705070597
32.6	0.02303785270507256
32.7	0.023037852705070836
32.8	0.02303785270507104
32.9	0.023037852705068293
33.0	0.023037852705068685
33.1	0.023037852705069806
33.2	0.023037852705070003
33.3	0.023037852705071818
33.4	0.023037852705068432
33.5	0.023037852705069015
33.6	0.023037852705070826
33.7	0.023037852705069084
33.8	0.023037852705069722
33.9	0.023037852705068834
34.0	0.02303785270506986
34.1	0.023037852705072037
34.2	0.02303785270507025
34.3	0.02303785270506936
34.4	0.02303785270507179
34.5	0.02303785270507095
34.6	0.02303785270507069
34.7	0.023037852705067193
34.8	0.023037852705068293
34.9	0.023037852705070593
35.0	0.02303785270506681
35.1	0.02303785270507061
35.2	0.023037852705068727
35.3	0.02303785270507162
35.4	0.023037852705070548
35.5	0.023037852705070107
35.6	0.023037852705069903
35.7	0.023037852705072706
35.8	0.023037852705068446
35.9	0.0230378527050687
36.0	0.0230378527050661
36.1	0.023037852705068796
36.2	0.023037852705071454
36.3	0.02303785270506764
36.4	0.023037852705069726
36.5	0.023037852705067238
36.6	0.02303785270507276
36.7	0.023037852705073164
36.8	0.023037852705072255
36.9	0.023037852705071166
37.0	0.023037852705072234
37.1	0.023037852705071134
37.2	0.023037852705071128
37.3	0.023037852705069643
37.4	0.023037852705070125
37.5	0.023037852705069677
37.6	0.023037852705069115
37.7	0.023037852705072564
37.8	0.023037852705069875
37.9	0.02303785270507227
38.0	0.023037852705069663
38.1	0.023037852705070326
38.2	0.023037852705069604
38.3	0.02303785270507251
38.4	0.023037852705072255
38.5	0.023037852705069427
38.6	0.023037852705071433
38.7	0.02303785270506713
38.8	0.023037852705066492
38.9	0.0230378527050701
39.0	0.023037852705071846
39.1	0.02303785270507032
39.2	0.02303785270506737
39.3	0.0230378527050703
39.4	0.023037852705071214
39.5	0.023037852705070097
39.6	0.023037852705071863
39.7	0.023037852705066558
39.8	0.02303785270506968
39.9	0.023037852705068466
40.0	0.02303785270507027
40.1	0.023037852705072255
40.2	0.023037852705071582
40.3	0.02303785270507074
40.4	0.02303785270507036
40.5	0.023037852705071863
40.6	0.023037852705072682
40.7	0.023037852705069212
40.8	0.023037852705069268
40.9	0.02303785270507014
41.0	0.02303785270506824
41.1	0.02303785270506965
41.2	0.023037852705067207
41.3	0.023037852705069434
41.4	0.0230378527050714
41.5	0.02303785270506825
41.6	0.02303785270506787
41.7	0.023037852705070156
41.8	0.02303785270506924
41.9	0.023037852705070534
42.0	0.023037852705068786
42.1	0.023037852705069455
42.2	0.023037852705073605
42.3	0.023037852705067856
42.4	0.02303785270507118
42.5	0.02303785270506774
42.6	0.02303785270507066
42.7	0.02303785270507049
42.8	0.023037852705070513
42.9	0.02303785270507029
43.0	0.02303785270506985
43.1	0.023037852705070506
43.2	0.02303785270507027
43.3	0.023037852705070912
43.4	0.023037852705072453
43.5	0.023037852705069896
43.6	0.023037852705069896
43.7	0.02303785270506806
43.8	0.02303785270506822
43.9	0.02303785270506987
44.0	0.02303785270506941
44.1	0.023037852705068272
44.2	0.02303785270507074
44.3	0.023037852705067398
44.4	0.023037852705070597
44.5	0.023037852705068827
44.6	0.023037852705068036
44.7	0.023037852705070097
44.8	0.02303785270507049
44.9	0.023037852705066857
45.0	0.02303785270507348
45.1	0.023037852705073487
45.2	0.023037852705070635
45.3	0.023037852705070715
45.4	0.02303785270506799
45.5	0.02303785270506784
45.6	0.02303785270506882
45.7	0.02303785270507014
45.8	0.023037852705069427
45.9	0.02303785270506919
46.0	0.023037852705069008
46.1	0.02303785270506917
46.2	0.02303785270506956
46.3	0.023037852705070846
46.4	0.02303785270506934
46.5	0.023037852705072925
46.6	0.02303785270507291
46.7	0.02303785270507664
46.8	0.02303785270506949
46.9	0.02303785270506929
47.0	0.023037852705069736
47.1	0.02303785270507062
47.2	0.023037852705067665
47.3	0.02303785270507142
47.4	0.0230378527050705
47.5	0.023037852705070107
47.6	0.023037852705070493
47.7	0.023037852705068626
47.8	0.023037852705069126
47.9	0.023037852705070215
48.0	0.023037852705066954
48.1	0.023037852705072498
48.2	0.02303785270507041
48.3	0.023037852705071034
48.4	0.02303785270506784
48.5	0.023037852705071596
48.6	0.02303785270507013
48.7	0.023037852705069375
48.8	0.02303785270507179
48.9	0.023037852705068446
49.0	0.023037852705068616
49.1	0.023037852705069382
49.2	0.02303785270507027
49.3	0.02303785270506644
49.4	0.023037852705068976
49.5	0.02303785270506945
49.6	0.02303785270507038
49.7	0.023037852705069473
49.8	0.023037852705072925
49.9	0.023037852705070905
50.0	0.023037852705069622
50.1	0.02303785270507089
50.2	0.023037852705068383
50.3	0.023037852705070045
50.4	0.023037852705072037
50.5	0.023037852705068092
50.6	0.023037852705067644
50.7	0.02303785270507094
50.8	0.023037852705067734
50.9	0.023037852705071346
51.0	0.023037852705070243
51.1	0.02303785270506824
51.2	0.023037852705067186
51.3	0.023037852705068734
51.4	0.023037852705070326
51.5	0.023037852705070094
51.6	0.02303785270506944
51.7	0.02303785270507137
51.8	0.023037852705072
51.9	0.02303785270506961
52.0	0.023037852705069854
52.1	0.02303785270506963
52.2	0.023037852705068716
52.3	0.023037852705070777
52.4	0.023037852705070958
52.5	0.023037852705070708
52.6	0.023037852705070982
52.7	0.02303785270506878
52.8	0.02303785270506987
52.9	0.023037852705071613
53.0	0.023037852705072942
53.1	0.023037852705070326
53.2	0.023037852705067398
53.3	0.02303785270507058
53.4	0.02303785270507079
53.5	0.02303785270507078
53.6	0.023037852705070548
53.7	0.023037852705071183
53.8	0.02303785270506967
53.9	0.023037852705068397
54.0	0.023037852705071117
54.1	0.023037852705070905
54.2	0.023037852705071606
54.3	0.023037852705071613
54.4	0.023037852705068196
54.5	0.023037852705066496
54.6	0.023037852705071346
54.7	0.02303785270506629
54.8	0.023037852705068758
54.9	0.02303785270507183
55.0	0.023037852705069466
55.1	0.02303785270507127
55.2	0.0230378527050687
55.3	0.023037852705068466
55.4	0.02303785270506899
55.5	0.02303785270507098
55.6	0.023037852705067183
55.7	0.023037852705070555
55.8	0.02303785270506963
55.9	0.02303785270507287
56.0	0.023037852705068213
56.1	0.023037852705069417
56.2	0.02303785270506921
56.3	0.023037852705069903
56.4	0.02303785270506829
56.5	0.02303785270506871
56.6	0.023037852705069244
56.7	0.023037852705070305
56.8	0.02303785270506872
56.9	0.023037852705070156
57.0	0.023037852705068723
57.1	0.023037852705069237
57.2	0.023037852705070066
57.3	0.023037852705069462
57.4	0.023037852705068643
57.5	0.02303785270506691
57.6	0.023037852705070784
57.7	0.023037852705068498
57.8	0.023037852705069937
57.9	0.023037852705069254
58.0	0.023037852705067603
58.1	0.023037852705068636
58.2	0.023037852705068373
58.3	0.023037852705071065
58.4	0.023037852705069754
58.5	0.02303785270507027
58.6	0.0230378527050687
58.7	0.023037852705069233
58.8	0.023037852705071034
58.9	0.02303785270507296
59.0	0.023037852705069303
59.1	0.023037852705071256
59.2	0.02303785270507123
59.3	0.023037852705072498
59.4	0.023037852705071214
59.5	0.02303785270506924
59.6	0.023037852705070153
59.7	0.023037852705072748
59.8	0.023037852705068786
59.9	0.023037852705072057
60.0	0.02303785270506632
60.1	0.02303785270506872
60.2	0.02303785270507257
60.3	0.02303785270506904
60.4	0.02303785270506826
60.5	0.023037852705068765
60.6	0.02303785270506987
60.7	0.023037852705070347
60.8	0.023037852705067193
60.9	0.02303785270506987
61.0	0.02303785270507012
61.1	0.02303785270506987
61.2	0.023037852705067342
61.3	0.023037852705070506
61.4	0.02303785270507056
61.5	0.023037852705071447
61.6	0.023037852705071214
61.7	0.023037852705070958
61.8	0.023037852705068227
61.9	0.023037852705073726
62.0	0.02303785270507116
62.1	0.02303785270506963
62.2	0.023037852705070496
62.3	0.023037852705071422
62.4	0.023037852705068092
62.5	0.023037852705071055
62.6	0.02303785270506787
62.7	0.023037852705070968
62.8	0.023037852705069643
62.9	0.023037852705070933
63.0	0.023037852705073077
63.1	0.023037852705070243
63.2	0.02303785270506919
63.3	0.0230378527050701
63.4	0.023037852705068692
63.5	0.023037852705071624
63.6	0.023037852705071603
63.7	0.02303785270507029
63.8	0.023037852705068432
63.9	0.023037852705068626
64.0	0.02303785270507025
64.1	0.023037852705067783
64.2	0.02303785270506919
64.3	0.023037852705069934
64.4	0.023037852705068525
64.5	0.02303785270506744
64.6	0.02303785270506883
64.7	0.02303785270507074
64.8	0.02303785270507071
64.9	0.023037852705072057
65.0	0.023037852705069
65.1	0.023037852705069223
65.2	0.02303785270507018
65.3	0.023037852705068494
65.4	0.02303785270507057
65.5	0.02303785270507034
65.6	0.023037852705069046
65.7	0.023037852705072078
65.8	0.02303785270507073
65.9	0.023037852705071898
66.0	0.023037852705069434
66.1	0.023037852705069917
66.2	0.023037852705070763
66.3	0.02303785270506834
66.4	0.02303785270507274
66.5	0.023037852705073587
66.6	0.023037852705069188
66.7	0.023037852705070708
66.8	0.023037852705072706
66.9	0.023037852705069632
67.0	0.023037852705070055
67.1	0.023037852705069
67.2	0.023037852705071884
67.3	0.023037852705073573
67.4	0.0230378527050716
67.5	0.023037852705069386
67.6	0.023037852705070933
67.7	0.023037852705074705
67.8	0.023037852705070534
67.9	0.023037852705066492
68.0	0.02303785270507136
68.1	0.023037852705071128
68.2	0.023037852705069622
68.3	0.02303785270506878
68.4	0.02303785270506828
68.5	0.023037852705069684
68.6	0.02303785270506944
68.7	0.02303785270506964
68.8	0.023037852705068248
68.9	0.02303785270506944
69.0	0.023037852705070527
69.1	0.02303785270506964
69.2	0.023037852705068192
69.3	0.02303785270506712
69.4	0.02303785270507405
69.5	0.023037852705071887
69.6	0.02303785270506832
69.7	0.02303785270506993
69.8	0.023037852705068463
69.9	0.023037852705069643
70.0	0.023037852705071672
70.1	0.0230378527050701
70.2	0.023037852705069247
70.3	0.023037852705071353
70.4	0.0230378527050696
70.5	0.023037852705066256
70.6	0.02303785270507179
70.7	0.023037852705072904
70.8	0.02303785270507249
70.9	0.023037852705072276
71.0	0.023037852705072057
71.1	0.023037852705068976
71.2	0.023037852705069223
71.3	0.023037852705072952
71.4	0.023037852705069247
71.5	0.023037852705071856
71.6	0.023037852705069025
71.7	0.02303785270506942
71.8	0.023037852705069656
71.9	0.023037852705068685
72.0	0.023037852705071225
72.1	0.023037852705073126
72.2	0.023037852705071183
72.3	0.02303785270506964
72.4	0.023037852705069212
72.5	0.023037852705071606
72.6	0.023037852705070076
72.7	0.023037852705069632
72.8	0.023037852705070888
72.9	0.02303785270507132
73.0	0.023037852705069223
73.1	0.023037852705067998
73.2	0.02303785270507071
73.3	0.023037852705070506
73.4	0.023037852705068227
73.5	0.023037852705067537
73.6	0.02303785270507047
73.7	0.023037852705068654
73.8	0.023037852705066322
73.9	0.02303785270506834
74.0	0.023037852705069528
74.1	0.023037852705069688
74.2	0.023037852705069
74.3	0.023037852705073542
74.4	0.02303785270507273
74.5	0.0230378527050714
74.6	0.023037852705072682
74.7	0.023037852705070937
74.8	0.023037852705070534
74.9	0.02303785270507077
75.0	0.02303785270506676
75.1	0.023037852705069303
75.2	0.023037852705071086
75.3	0.02303785270506846
75.4	0.023037852705068754
75.5	0.02303785270507139
75.6	0.023037852705068716
75.7	0.023037852705070066
75.8	0.023037852705070958
75.9	0.023037852705070094
76.0	0.023037852705069854
76.1	0.02303785270507163
76.2	0.0230378527050663
76.3	0.023037852705069452
76.4	0.02303785270507271
76.5	0.023037852705070284
76.6	0.02303785270507047
76.7	0.023037852705069854
76.8	0.023037852705070534
76.9	0.023037852705065885
77.0	0.02303785270507098
77.1	0.023037852705066565
77.2	0.023037852705067426
77.3	0.023037852705070985
77.4	0.023037852705070066
77.5	0.0230378527050727
77.6	0.02303785270507036
77.7	0.023037852705073424
77.8	0.023037852705070992
77.9	0.023037852705066506
78.0	0.023037852705069008
78.1	0.02303785270507317
78.2	0.02303785270506988
78.3	0.02303785270506938
78.4	0.02303785270506777
78.5	0.02303785270507098
78.6	0.023037852705070534
78.7	0.023037852705070756
78.8	0.02303785270507122
78.9	0.02303785270506919
79.0	0.023037852705068196
79.1	0.02303785270507178
79.2	0.023037852705071336
79.3	0.023037852705071374
79.4	0.02303785270507172
79.5	0.023037852705070905
79.6	0.02303785270507183
79.7	0.023037852705070756
79.8	0.02303785270507291
79.9	0.023037852705070718
80.0	0.02303785270506946
80.1	0.02303785270507164
80.2	0.023037852705073653
80.3	0.023037852705068064
80.4	0.023037852705066492
80.5	0.023037852705071814
80.6	0.02303785270507076
80.7	0.02303785270506777
80.8	0.023037852705068692
80.9	0.023037852705067807
81.0	0.023037852705070125
81.1	0.023037852705072304
81.2	0.023037852705069254
81.3	0.02303785270506871
81.4	0.023037852705069032
81.5	0.023037852705070114
81.6	0.023037852705068754
81.7	0.023037852705072304
81.8	0.023037852705069712
81.9	0.023037852705070347
82.0	0.02303785270507038
82.1	0.023037852705071676
82.2	0.023037852705069046
82.3	0.023037852705069188
82.4	0.023037852705072234
82.5	0.02303785270507137
82.6	0.023037852705069844
82.7	0.02303785270506898
82.8	0.023037852705069355
82.9	0.023037852705071773
83.0	0.023037852705069008
83.1	0.02303785270507074
83.2	0.02303785270506854
83.3	0.023037852705069736
83.4	0.023037852705072172
83.5	0.023037852705070614
83.6	0.02303785270506657
83.7	0.02303785270506923
83.8	0.02303785270506846
83.9	0.023037852705071003
84.0	0.023037852705071853
84.1	0.023037852705067426
84.2	0.023037852705069032
84.3	0.023037852705071183
84.4	0.02303785270507097
84.5	0.02303785270506881
84.6	0.02303785270506905
84.7	0.023037852705070163
84.8	0.02303785270507229
84.9	0.023037852705069452
85.0	0.023037852705068057
85.1	0.023037852705072793
85.2	0.023037852705069722
85.3	0.023037852705069434
85.4	0.02303785270506648
85.5	0.02303785270507271
85.6	0.023037852705071835
85.7	0.0230378527050694
85.8	0.023037852705069407
85.9	0.023037852705070094
86.0	0.023037852705070114
86.1	0.023037852705068734
86.2	0.023037852705066714
86.3	0.023037852705068453
86.4	0.023037852705069844
86.5	0.023037852705069455
86.6	0.023037852705069473
86.7	0.023037852705069018
86.8	0.0230378527050712
86.9	0.023037852705069473
87.0	0.02303785270506716
87.1	0.02303785270507179
87.2	0.023037852705071155
87.3	0.02303785270506897
87.4	0.023037852705072248
87.5	0.023037852705071766
87.6	0.02303785270507179
87.7	0.023037852705069837
87.8	0.023037852705070087
87.9	0.023037852705068015
88.0	0.023037852705068824
88.1	0.023037852705073036
88.2	0.023037852705069143
88.3	0.023037852705072585
88.4	0.023037852705071214
88.5	0.023037852705070326
88.6	0.02303785270507118
88.7	0.02303785270507292
88.8	0.023037852705067606
88.9	0.023037852705067998
89.0	0.02303785270507071
89.1	0.02303785270506693
89.2	0.023037852705072925
89.3	0.0230378527050694
89.4	0.023037852705072057
89.5	0.023037852705071624
89.6	0.023037852705070284
89.7	0.02303785270507333
89.8	0.02303785270507141
89.9	0.023037852705073185
90.0	0.02303785270506739
90.1	0.023037852705069025
90.2	0.023037852705068636
90.3	0.02303785270506825
90.4	0.023037852705072515
90.5	0.023037852705070784
90.6	0.023037852705071183
90.7	0.02303785270507181
90.8	0.023037852705068786
90.9	0.02303785270507004
91.0	0.02303785270506987
91.1	0.02303785270507034
91.2	0.0230378527050717
91.3	0.02303785270506826
91.4	0.023037852705068942
91.5	0.023037852705068754
91.6	0.023037852705070236
91.7	0.02303785270507272
91.8	0.02303785270507249
91.9	0.023037852705068435
92.0	0.02303785270506878
92.1	0.023037852705069906
92.2	0.023037852705069688
92.3	0.023037852705069722
92.4	0.023037852705068872
92.5	0.023037852705070794
92.6	0.02303785270507103
92.7	0.02303785270507314
92.8	0.023037852705069247
92.9	0.023037852705070506
93.0	0.023037852705069386
93.1	0.023037852705071582
93.2	0.02303785270507136
93.3	0.023037852705068737
93.4	0.02303785270506539
93.5	0.023037852705070076
93.6	0.023037852705070534
93.7	0.023037852705071426
93.8	0.02303785270507098
93.9	0.02303785270507119
94.0	0.023037852705072474
94.1	0.023037852705067384
94.2	0.0230378527050714
94.3	0.023037852705072297
94.4	0.023037852705067027
94.5	0.023037852705069483
94.6	0.023037852705072158
94.7	0.02303785270507344
94.8	0.023037852705072092
94.9	0.02303785270507054
95.0	0.023037852705068508
95.1	0.023037852705071863
95.2	0.023037852705071422
95.3	0.02303785270507138
95.4	0.023037852705068675
95.5	0.02303785270506937
95.6	0.023037852705071134
95.7	0.02303785270506878
95.8	0.02303785270507012
95.9	0.02303785270506944
96.0	0.0230378527050708
96.1	0.02303785270507229
96.2	0.02303785270507202
96.3	0.02303785270507139
96.4	0.023037852705071235
96.5	0.0230378527050714
96.6	0.023037852705068685
96.7	0.023037852705068477
96.8	0.02303785270506824
96.9	0.023037852705069837
97.0	0.023037852705068237
97.1	0.023037852705071648
97.2	0.023037852705069917
97.3	0.02303785270507164
97.4	0.023037852705072064
97.5	0.023037852705069417
97.6	0.023037852705071804
97.7	0.02303785270507049
97.8	0.02303785270507074
97.9	0.0230378527050716
98.0	0.023037852705068994
98.1	0.023037852705070548
98.2	0.023037852705069087
98.3	0.023037852705069514
98.4	0.02303785270506606
98.5	0.023037852705069632
98.6	0.023037852705070312
98.7	0.02303785270507361
98.8	0.023037852705070534
98.9	0.0230378527050714
99.0	0.023037852705070094
99.1	0.02303785270506918
99.2	0.02303785270506956
99.3	0.02303785270507218
99.4	0.02303785270507202
99.5	0.023037852705069233
99.6	0.023037852705070333
99.7	0.023037852705071263
99.8	0.023037852705072043
99.9	0.02303785270506924
100.0	0.02303785270507251
