0.0	0.0
0.1	0.009163819713978727
0.2	0.02275996030652215
0.3	0.03368584791672929
0.4	0.040272795290024005
0.5	0.04280353133038716
0.6	0.04233741293463348
0.7	0.04013701625170855
0.8	0.037339913898456666
0.9	0.0347757435188008
1.0	0.03290157105763453
1.1	0.031837466045596126
1.2	0.031469372725963125
1.3	0.03157238999867863
1.4	0.03191222752032679
1.5	0.032304845899826296
1.6	0.03263672155677174
1.7	0.03285903546436279
1.8	0.03296962884171602
1.9	0.03299263348469193
2.0	0.032961368652784276
2.1	0.032906777406910524
2.2	0.03285148513809536
2.3	0.03280833263407504
2.4	0.032781761662063695
2.5	0.03277049746916923
2.6	0.03277035260674521
2.7	0.032776460247750945
2.8	0.03278467866818233
2.9	0.032792212051798844
3.0	0.032797651983681904
3.1	0.032800685749759625
3.2	0.03280168457623736
3.3	0.03280131810838833
3.4	0.03280027098159641
3.5	0.0327990808019166
3.6	0.032798080841711985
3.7	0.03279741436055849
3.8	0.032797085769753306
3.9	0.032797020798907096
4.0	0.03279711803232749
4.1	0.032797283906747327
4.2	0.032797450503782
4.3	0.03279757967488513
4.4	0.03279765858498991
4.5	0.03279769146973982
4.6	0.03279769114860455
4.7	0.03279767232978995
4.8	0.032797647437899875
4.9	0.03279762479976374
5.0	0.03279760856047088
5.1	0.03279759958585567
5.2	0.03279759671140939
5.3	0.03279759790144708
5.4	0.03279760109498476
5.5	0.03279760468454285
5.6	0.0327976076810334
5.7	0.03279760966571596
5.8	0.03279761063391438
5.9	0.032797610813679996
6.0	0.032797610511531614
6.1	0.03279761000833547
6.2	0.0327976095068786
6.3	0.032797609120228444
6.4	0.03279760888558689
6.5	0.03279760878926518
6.6	0.032797608792191645
6.7	0.032797608849978864
6.8	0.03279760892533483
6.9	0.032797608993406155
7.0	0.03279760904194679
7.1	0.032797609068536335
7.2	0.03279760907681421
7.3	0.03279760907296708
7.4	0.03279760906321347
7.5	0.03279760905237402
7.6	0.03279760904337858
7.7	0.03279760903746746
7.8	0.03279760903461737
7.9	0.03279760903413163
8.0	0.0327976090350711
8.1	0.032797609036600645
8.2	0.03279760903811048
8.3	0.03279760903926788
8.4	0.0327976090399627
8.5	0.032797609040243675
8.6	0.03279760904022704
8.7	0.03279760904005306
8.8	0.032797609039825745
8.9	0.03279760903961518
9.0	0.032797609039475074
9.1	0.03279760903939433
9.2	0.03279760903936711
9.3	0.03279760903938553
9.4	0.03279760903941124
9.5	0.03279760903944695
9.6	0.03279760903947472
9.7	0.03279760903949139
9.8	0.03279760903949935
9.9	0.03279760903950015
10.0	0.032797609039499555
10.1	0.03279760903949452
10.2	0.03279760903948756
10.3	0.032797609039486274
10.4	0.03279760903948283
10.5	0.03279760903948143
10.6	0.032797609039485434
10.7	0.03279760903948258
10.8	0.0327976090394881
10.9	0.032797609039485365
11.0	0.03279760903948529
11.1	0.03279760903948572
11.2	0.032797609039487946
11.3	0.03279760903948735
11.4	0.03279760903948732
11.5	0.032797609039484366
11.6	0.03279760903948559
11.7	0.03279760903948683
11.8	0.032797609039487634
11.9	0.032797609039484456
12.0	0.03279760903948532
12.1	0.03279760903948503
12.2	0.03279760903948508
12.3	0.03279760903948597
12.4	0.03279760903948441
12.5	0.03279760903948595
12.6	0.032797609039486
12.7	0.03279760903948556
12.8	0.032797609039488786
12.9	0.032797609039481784
13.0	0.03279760903948636
13.1	0.032797609039484595
13.2	0.03279760903948267
13.3	0.03279760903948356
13.4	0.03279760903948518
13.5	0.03279760903948863
13.6	0.03279760903948615
13.7	0.032797609039486406
13.8	0.032797609039484206
13.9	0.03279760903948464
14.0	0.0327976090394859
14.1	0.03279760903948808
14.2	0.03279760903948555
14.3	0.03279760903948782
14.4	0.03279760903948666
14.5	0.03279760903948617
14.6	0.0327976090394875
14.7	0.03279760903948733
14.8	0.03279760903948363
14.9	0.032797609039484
15.0	0.0327976090394873
15.1	0.03279760903948661
15.2	0.03279760903948468
15.3	0.0327976090394836
15.4	0.032797609039489015
15.5	0.03279760903948295
15.6	0.032797609039483984
15.7	0.03279760903948883
15.8	0.03279760903948799
15.9	0.03279760903948598
16.0	0.03279760903948361
16.1	0.03279760903948451
16.2	0.03279760903948602
16.3	0.03279760903948316
16.4	0.032797609039481805
16.5	0.03279760903948727
16.6	0.032797609039485046
16.7	0.032797609039485295
16.8	0.032797609039484844
16.9	0.03279760903948597
17.0	0.032797609039487204
17.1	0.03279760903948733
17.2	0.0327976090394854
17.3	0.03279760903948518
17.4	0.0327976090394873
17.5	0.032797609039484456
17.6	0.03279760903948891
17.7	0.032797609039487446
17.8	0.032797609039484886
17.9	0.03279760903948553
18.0	0.03279760903948403
18.1	0.03279760903948683
18.2	0.032797609039487495
18.3	0.03279760903948225
18.4	0.03279760903948315
18.5	0.03279760903948625
18.6	0.03279760903948675
18.7	0.032797609039483415
18.8	0.0327976090394845
18.9	0.032797609039487204
19.0	0.03279760903948641
19.1	0.032797609039486225
19.2	0.03279760903948368
19.3	0.03279760903948349
19.4	0.032797609039486884
19.5	0.032797609039485996
19.6	0.03279760903948661
19.7	0.03279760903948897
19.8	0.032797609039486225
19.9	0.03279760903948128
20.0	0.032797609039482964
20.1	0.03279760903948353
20.2	0.03279760903948681
20.3	0.032797609039487925
20.4	0.032797609039486884
20.5	0.03279760903948645
20.6	0.032797609039486884
20.7	0.03279760903948727
20.8	0.03279760903948363
20.9	0.032797609039486225
21.0	0.032797609039485365
21.1	0.03279760903948618
21.2	0.03279760903948741
21.3	0.03279760903948451
21.4	0.03279760903948605
21.5	0.03279760903948685
21.6	0.03279760903948606
21.7	0.0327976090394838
21.8	0.03279760903948204
21.9	0.03279760903948614
22.0	0.032797609039486184
22.1	0.03279760903948754
22.2	0.03279760903948465
22.3	0.032797609039488564
22.4	0.032797609039487925
22.5	0.03279760903948423
22.6	0.03279760903948661
22.7	0.03279760903948666
22.8	0.03279760903948621
22.9	0.032797609039486836
23.0	0.03279760903948511
23.1	0.032797609039483776
23.2	0.03279760903948749
23.3	0.0327976090394858
23.4	0.03279760903948127
23.5	0.03279760903948468
23.6	0.032797609039485136
23.7	0.03279760903948319
23.8	0.03279760903948591
23.9	0.032797609039481826
24.0	0.032797609039484886
24.1	0.032797609039484456
24.2	0.032797609039485295
24.3	0.03279760903948317
24.4	0.032797609039486426
24.5	0.03279760903948531
24.6	0.03279760903948624
24.7	0.03279760903948533
24.8	0.032797609039483144
24.9	0.0327976090394868
25.0	0.03279760903948524
25.1	0.03279760903948833
25.2	0.03279760903948669
25.3	0.032797609039485365
25.4	0.032797609039485136
25.5	0.03279760903948451
25.6	0.03279760903948295
25.7	0.0327976090394845
25.8	0.03279760903948727
25.9	0.03279760903948183
26.0	0.032797609039484185
26.1	0.03279760903948575
26.2	0.03279760903948402
26.3	0.03279760903948385
26.4	0.032797609039488855
26.5	0.032797609039486676
26.6	0.03279760903948685
26.7	0.032797609039486406
26.8	0.032797609039484914
26.9	0.03279760903948467
27.0	0.03279760903948536
27.1	0.0327976090394855
27.2	0.03279760903948654
27.3	0.03279760903948397
27.4	0.03279760903948569
27.5	0.03279760903948568
27.6	0.03279760903948442
27.7	0.03279760903948728
27.8	0.03279760903948794
27.9	0.032797609039488175
28.0	0.03279760903948468
28.1	0.03279760903948965
28.2	0.03279760903948618
28.3	0.032797609039484914
28.4	0.032797609039488106
28.5	0.03279760903948595
28.6	0.03279760903948916
28.7	0.03279760903948662
28.8	0.03279760903948746
28.9	0.0327976090394851
29.0	0.032797609039482714
29.1	0.03279760903948678
29.2	0.03279760903948462
29.3	0.03279760903948492
29.4	0.03279760903948752
29.5	0.03279760903948992
29.6	0.032797609039486406
29.7	0.03279760903948595
29.8	0.03279760903948612
29.9	0.03279760903948506
30.0	0.03279760903948504
30.1	0.03279760903948474
30.2	0.03279760903948584
30.3	0.03279760903948518
30.4	0.03279760903948752
30.5	0.03279760903948734
30.6	0.03279760903948802
30.7	0.03279760903948436
30.8	0.032797609039483026
30.9	0.032797609039486024
31.0	0.03279760903948661
31.1	0.032797609039488945
31.2	0.03279760903948661
31.3	0.032797609039481014
31.4	0.032797609039486246
31.5	0.032797609039486
31.6	0.0327976090394817
31.7	0.032797609039484234
31.8	0.03279760903948887
31.9	0.03279760903948477
32.0	0.03279760903948794
32.1	0.03279760903948669
32.2	0.03279760903948536
32.3	0.03279760903948421
32.4	0.032797609039486794
32.5	0.032797609039486135
32.6	0.03279760903948727
32.7	0.032797609039482305
32.8	0.032797609039485504
32.9	0.03279760903948445
33.0	0.032797609039486364
33.1	0.032797609039483956
33.2	0.03279760903948694
33.3	0.03279760903948326
33.4	0.03279760903948265
33.5	0.03279760903948252
33.6	0.03279760903948643
33.7	0.0327976090394882
33.8	0.03279760903948337
33.9	0.03279760903948464
34.0	0.03279760903948708
34.1	0.03279760903948928
34.2	0.03279760903948639
34.3	0.03279760903948572
34.4	0.03279760903948862
34.5	0.03279760903948498
34.6	0.032797609039488064
34.7	0.03279760903948686
34.8	0.03279760903948526
34.9	0.032797609039487446
35.0	0.03279760903948448
35.1	0.032797609039482575
35.2	0.032797609039484976
35.3	0.032797609039486884
35.4	0.032797609039484005
35.5	0.03279760903948605
35.6	0.03279760903948608
35.7	0.03279760903948371
35.8	0.0327976090394865
35.9	0.03279760903948379
36.0	0.03279760903948855
36.1	0.03279760903948464
36.2	0.03279760903948462
36.3	0.0327976090394838
36.4	0.032797609039483575
36.5	0.032797609039484255
36.6	0.03279760903948296
36.7	0.03279760903948658
36.8	0.03279760903948514
36.9	0.032797609039485746
37.0	0.03279760903948584
37.1	0.03279760903948532
37.2	0.03279760903948407
37.3	0.032797609039486024
37.4	0.032797609039489375
37.5	0.03279760903948465
37.6	0.03279760903948267
37.7	0.032797609039483935
37.8	0.03279760903948593
37.9	0.03279760903949036
38.0	0.032797609039486184
38.1	0.032797609039481826
38.2	0.03279760903948249
38.3	0.03279760903948749
38.4	0.03279760903948682
38.5	0.03279760903948576
38.6	0.03279760903948602
38.7	0.03279760903948297
38.8	0.03279760903948562
38.9	0.03279760903948648
39.0	0.03279760903948669
39.1	0.032797609039483935
39.2	0.03279760903948477
39.3	0.03279760903948295
39.4	0.032797609039487814
39.5	0.03279760903948435
39.6	0.03279760903948528
39.7	0.032797609039485774
39.8	0.03279760903948512
39.9	0.032797609039484706
40.0	0.03279760903948476
40.1	0.032797609039486926
40.2	0.03279760903948431
40.3	0.0327976090394828
40.4	0.03279760903948518
40.5	0.0327976090394854
40.6	0.03279760903948362
40.7	0.03279760903948586
40.8	0.032797609039486905
40.9	0.032797609039484976
41.0	0.03279760903948363
41.1	0.03279760903948652
41.2	0.03279760903948797
41.3	0.03279760903948452
41.4	0.03279760903948658
41.5	0.03279760903948567
41.6	0.03279760903948545
41.7	0.03279760903948467
41.8	0.03279760903948727
41.9	0.03279760903948573
42.0	0.03279760903948555
42.1	0.032797609039486364
42.2	0.03279760903948467
42.3	0.032797609039482235
42.4	0.03279760903948848
42.5	0.03279760903949028
42.6	0.0327976090394838
42.7	0.03279760903948522
42.8	0.03279760903948458
42.9	0.032797609039486295
43.0	0.032797609039480875
43.1	0.03279760903948368
43.2	0.03279760903948564
43.3	0.03279760903948536
43.4	0.03279760903948486
43.5	0.03279760903948639
43.6	0.03279760903948404
43.7	0.03279760903948319
43.8	0.03279760903948798
43.9	0.032797609039484775
44.0	0.03279760903948771
44.1	0.03279760903948923
44.2	0.03279760903948493
44.3	0.03279760903948643
44.4	0.032797609039487315
44.5	0.03279760903948337
44.6	0.03279760903948943
44.7	0.03279760903948534
44.8	0.03279760903948459
44.9	0.03279760903948501
45.0	0.03279760903948507
45.1	0.03279760903948474
45.2	0.03279760903948581
45.3	0.03279760903948429
45.4	0.032797609039488654
45.5	0.0327976090394856
45.6	0.03279760903948815
45.7	0.032797609039485046
45.8	0.032797609039486336
45.9	0.032797609039483984
46.0	0.03279760903948658
46.1	0.03279760903948578
46.2	0.03279760903948254
46.3	0.0327976090394851
46.4	0.03279760903948466
46.5	0.032797609039484754
46.6	0.03279760903948606
46.7	0.032797609039484324
46.8	0.03279760903948428
46.9	0.032797609039486225
47.0	0.032797609039487245
47.1	0.032797609039487245
47.2	0.032797609039481826
47.3	0.03279760903948783
47.4	0.03279760903948665
47.5	0.03279760903948731
47.6	0.03279760903948418
47.7	0.03279760903948639
47.8	0.032797609039486884
47.9	0.032797609039486204
48.0	0.032797609039484775
48.1	0.03279760903948563
48.2	0.03279760903948438
48.3	0.032797609039486836
48.4	0.032797609039490576
48.5	0.032797609039486475
48.6	0.032797609039485046
48.7	0.03279760903948486
48.8	0.03279760903948379
48.9	0.03279760903948367
49.0	0.03279760903948735
49.1	0.03279760903948452
49.2	0.03279760903948417
49.3	0.03279760903948224
49.4	0.03279760903948537
49.5	0.032797609039481423
49.6	0.0327976090394819
49.7	0.032797609039484275
49.8	0.0327976090394856
49.9	0.03279760903948597
50.0	0.03279760903948597
50.1	0.032797609039484865
50.2	0.03279760903948488
50.3	0.0327976090394869
50.4	0.03279760903948716
50.5	0.03279760903948672
50.6	0.03279760903948429
50.7	0.032797609039484484
50.8	0.032797609039485774
50.9	0.03279760903948812
51.0	0.032797609039483845
51.1	0.03279760903948295
51.2	0.03279760903948509
51.3	0.032797609039485205
51.4	0.032797609039484456
51.5	0.03279760903948926
51.6	0.03279760903948296
51.7	0.032797609039484726
51.8	0.03279760903948315
51.9	0.03279760903948539
52.0	0.0327976090394856
52.1	0.03279760903948751
52.2	0.03279760903948905
52.3	0.032797609039485365
52.4	0.03279760903948626
52.5	0.03279760903948602
52.6	0.03279760903948595
52.7	0.03279760903948531
52.8	0.032797609039482714
52.9	0.032797609039488355
53.0	0.03279760903948474
53.1	0.03279760903948747
53.2	0.03279760903948616
53.3	0.03279760903948794
53.4	0.0327976090394817
53.5	0.032797609039483866
53.6	0.03279760903948461
53.7	0.032797609039485025
53.8	0.03279760903948928
53.9	0.032797609039487086
54.0	0.03279760903948583
54.1	0.03279760903948837
54.2	0.0327976090394845
54.3	0.03279760903948467
54.4	0.03279760903948553
54.5	0.03279760903948506
54.6	0.03279760903948534
54.7	0.03279760903948357
54.8	0.03279760903948816
54.9	0.03279760903948707
55.0	0.032797609039484046
55.1	0.03279760903948755
55.2	0.03279760903948492
55.3	0.032797609039487315
55.4	0.032797609039483644
55.5	0.03279760903948459
55.6	0.032797609039487086
55.7	0.032797609039485455
55.8	0.03279760903948129
55.9	0.032797609039486204
56.0	0.03279760903948426
56.1	0.03279760903948647
56.2	0.03279760903948655
56.3	0.03279760903948283
56.4	0.03279760903948395
56.5	0.03279760903948324
56.6	0.03279760903948562
56.7	0.03279760903948686
56.8	0.03279760903948405
56.9	0.03279760903948523
57.0	0.032797609039485046
57.1	0.032797609039485046
57.2	0.03279760903948556
57.3	0.03279760903948666
57.4	0.03279760903948105
57.5	0.03279760903948681
57.6	0.03279760903948685
57.7	0.03279760903948663
57.8	0.03279760903948746
57.9	0.032797609039483144
58.0	0.03279760903948663
58.1	0.03279760903948772
58.2	0.03279760903948557
58.3	0.03279760903948597
58.4	0.03279760903948341
58.5	0.03279760903948472
58.6	0.03279760903948514
58.7	0.03279760903948594
58.8	0.03279760903948831
58.9	0.03279760903948634
59.0	0.03279760903948681
59.1	0.03279760903948551
59.2	0.032797609039484456
59.3	0.03279760903948765
59.4	0.03279760903948803
59.5	0.03279760903948695
59.6	0.0327976090394853
59.7	0.03279760903948531
59.8	0.03279760903948527
59.9	0.03279760903948507
60.0	0.03279760903948662
60.1	0.03279760903949049
60.2	0.032797609039482103
60.3	0.03279760903948188
60.4	0.03279760903948469
60.5	0.03279760903948253
60.6	0.03279760903948678
60.7	0.03279760903948514
60.8	0.0327976090394852
60.9	0.032797609039486426
61.0	0.032797609039485504
61.1	0.03279760903948773
61.2	0.0327976090394884
61.3	0.03279760903948557
61.4	0.03279760903948512
61.5	0.03279760903948647
61.6	0.03279760903948252
61.7	0.03279760903948303
61.8	0.032797609039484955
61.9	0.032797609039484234
62.0	0.03279760903948445
62.1	0.032797609039485726
62.2	0.032797609039483096
62.3	0.03279760903949006
62.4	0.03279760903948276
62.5	0.03279760903948588
62.6	0.03279760903948448
62.7	0.03279760903948639
62.8	0.03279760903948683
62.9	0.03279760903948518
63.0	0.03279760903948425
63.1	0.03279760903948442
63.2	0.03279760903948276
63.3	0.03279760903948685
63.4	0.03279760903948063
63.5	0.03279760903948299
63.6	0.03279760903948095
63.7	0.032797609039484435
63.8	0.032797609039484005
63.9	0.03279760903948529
64.0	0.03279760903948533
64.1	0.03279760903948621
64.2	0.03279760903948315
64.3	0.03279760903948959
64.4	0.032797609039487245
64.5	0.03279760903948747
64.6	0.03279760903948468
64.7	0.032797609039488605
64.8	0.03279760903948428
64.9	0.03279760903948324
65.0	0.03279760903948393
65.1	0.0327976090394854
65.2	0.0327976090394828
65.3	0.03279760903948375
65.4	0.03279760903948592
65.5	0.0327976090394858
65.6	0.03279760903948323
65.7	0.03279760903948774
65.8	0.03279760903948532
65.9	0.03279760903948734
66.0	0.032797609039489216
66.1	0.032797609039484275
66.2	0.032797609039486655
66.3	0.03279760903948554
66.4	0.03279760903948531
66.5	0.03279760903948798
66.6	0.03279760903948774
66.7	0.032797609039485996
66.8	0.032797609039482874
66.9	0.0327976090394844
67.0	0.032797609039486565
67.1	0.03279760903948912
67.2	0.03279760903948383
67.3	0.03279760903948578
67.4	0.032797609039484116
67.5	0.0327976090394839
67.6	0.032797609039484046
67.7	0.03279760903948271
67.8	0.03279760903948489
67.9	0.0327976090394861
68.0	0.03279760903948615
68.1	0.032797609039486135
68.2	0.03279760903948634
68.3	0.03279760903948482
68.4	0.03279760903948473
68.5	0.032797609039486246
68.6	0.03279760903948484
68.7	0.03279760903948448
68.8	0.03279760903948484
68.9	0.03279760903948774
69.0	0.03279760903949098
69.1	0.032797609039486864
69.2	0.032797609039487884
69.3	0.03279760903948203
69.4	0.03279760903948593
69.5	0.03279760903948591
69.6	0.03279760903948469
69.7	0.03279760903948556
69.8	0.032797609039484706
69.9	0.03279760903948712
70.0	0.032797609039484255
70.1	0.03279760903948058
70.2	0.03279760903948837
70.3	0.032797609039484234
70.4	0.03279760903948593
70.5	0.03279760903948694
70.6	0.032797609039483776
70.7	0.032797609039482076
70.8	0.03279760903948469
70.9	0.032797609039484296
71.0	0.032797609039487086
71.1	0.03279760903948593
71.2	0.03279760903948317
71.3	0.03279760903948441
71.4	0.03279760903948442
71.5	0.03279760903948378
71.6	0.03279760903948593
71.7	0.032797609039483394
71.8	0.03279760903948737
71.9	0.03279760903948503
72.0	0.03279760903948464
72.1	0.032797609039484435
72.2	0.03279760903948575
72.3	0.03279760903948385
72.4	0.032797609039487724
72.5	0.032797609039485365
72.6	0.032797609039484615
72.7	0.0327976090394875
72.8	0.03279760903948794
72.9	0.032797609039485746
73.0	0.03279760903948363
73.1	0.03279760903948612
73.2	0.03279760903948568
73.3	0.03279760903948517
73.4	0.03279760903948621
73.5	0.03279760903948556
73.6	0.032797609039481
73.7	0.03279760903948845
73.8	0.0327976090394854
73.9	0.032797609039484324
74.0	0.03279760903948426
74.1	0.032797609039487495
74.2	0.032797609039485726
74.3	0.03279760903948597
74.4	0.032797609039486995
74.5	0.03279760903948703
74.6	0.03279760903948646
74.7	0.03279760903948451
74.8	0.03279760903948317
74.9	0.03279760903948728
75.0	0.032797609039484914
75.1	0.03279760903948752
75.2	0.03279760903948537
75.3	0.03279760903948518
75.4	0.032797609039484116
75.5	0.03279760903948215
75.6	0.032797609039485746
75.7	0.03279760903948361
75.8	0.03279760903948616
75.9	0.03279760903948357
76.0	0.03279760903949025
76.1	0.03279760903948319
76.2	0.03279760903948257
76.3	0.03279760903948604
76.4	0.032797609039483845
76.5	0.03279760903948625
76.6	0.032797609039486884
76.7	0.032797609039482235
76.8	0.03279760903948463
76.9	0.03279760903948731
77.0	0.03279760903948795
77.1	0.032797609039484935
77.2	0.0327976090394849
77.3	0.032797609039484484
77.4	0.032797609039484456
77.5	0.03279760903948921
77.6	0.03279760903948322
77.7	0.0327976090394853
77.8	0.032797609039483394
77.9	0.03279760903948486
78.0	0.03279760903948593
78.1	0.03279760903948616
78.2	0.032797609039485955
78.3	0.03279760903948556
78.4	0.03279760903948538
78.5	0.032797609039487446
78.6	0.03279760903948741
78.7	0.03279760903948569
78.8	0.03279760903948673
78.9	0.032797609039486746
79.0	0.03279760903948266
79.1	0.03279760903948597
79.2	0.032797609039488106
79.3	0.03279760903948517
79.4	0.03279760903948376
79.5	0.03279760903948522
79.6	0.032797609039482624
79.7	0.03279760903948362
79.8	0.032797609039484435
79.9	0.03279760903948897
80.0	0.03279760903948508
80.1	0.03279760903948576
80.2	0.032797609039486184
80.3	0.032797609039485344
80.4	0.03279760903948516
80.5	0.03279760903948663
80.6	0.032797609039482936
80.7	0.0327976090394819
80.8	0.03279760903948453
80.9	0.032797609039486884
81.0	0.03279760903948515
81.1	0.032797609039484886
81.2	0.03279760903948104
81.3	0.03279760903948578
81.4	0.032797609039485844
81.5	0.03279760903948297
81.6	0.03279760903948412
81.7	0.03279760903948775
81.8	0.032797609039483686
81.9	0.03279760903948493
82.0	0.032797609039486
82.1	0.03279760903948489
82.2	0.032797609039482846
82.3	0.03279760903948744
82.4	0.03279760903948445
82.5	0.03279760903948556
82.6	0.03279760903948578
82.7	0.032797609039485746
82.8	0.03279760903948707
82.9	0.0327976090394845
83.0	0.03279760903948516
83.1	0.03279760903948877
83.2	0.03279760903948659
83.3	0.03279760903948595
83.4	0.032797609039485115
83.5	0.03279760903948469
83.6	0.03279760903948186
83.7	0.03279760903948774
83.8	0.03279760903948604
83.9	0.0327976090394852
84.0	0.032797609039487106
84.1	0.03279760903948467
84.2	0.032797609039484844
84.3	0.032797609039486975
84.4	0.03279760903948463
84.5	0.03279760903948572
84.6	0.03279760903948453
84.7	0.03279760903948645
84.8	0.032797609039486676
84.9	0.03279760903948296
85.0	0.03279760903948768
85.1	0.03279760903948681
85.2	0.032797609039484255
85.3	0.03279760903948448
85.4	0.032797609039488765
85.5	0.03279760903948751
85.6	0.03279760903948273
85.7	0.03279760903948617
85.8	0.03279760903948466
85.9	0.03279760903948517
86.0	0.032797609039486364
86.1	0.03279760903948425
86.2	0.032797609039482326
86.3	0.03279760903948214
86.4	0.032797609039485524
86.5	0.03279760903948582
86.6	0.03279760903948776
86.7	0.032797609039482575
86.8	0.032797609039483144
86.9	0.032797609039485295
87.0	0.032797609039483096
87.1	0.032797609039483394
87.2	0.03279760903948567
87.3	0.03279760903948413
87.4	0.032797609039485726
87.5	0.03279760903948448
87.6	0.03279760903948403
87.7	0.03279760903948639
87.8	0.0327976090394853
87.9	0.03279760903948705
88.0	0.03279760903948615
88.1	0.03279760903948455
88.2	0.03279760903948753
88.3	0.032797609039482964
88.4	0.03279760903948557
88.5	0.03279760903948645
88.6	0.03279760903948881
88.7	0.03279760903948509
88.8	0.03279760903948662
88.9	0.03279760903948403
89.0	0.03279760903948426
89.1	0.032797609039486024
89.2	0.03279760903948595
89.3	0.03279760903948553
89.4	0.03279760903948437
89.5	0.032797609039487016
89.6	0.03279760903948164
89.7	0.03279760903948813
89.8	0.03279760903948493
89.9	0.03279760903948403
90.0	0.03279760903948396
90.1	0.03279760903948851
90.2	0.03279760903948488
90.3	0.03279760903948473
90.4	0.03279760903948755
90.5	0.032797609039488425
90.6	0.03279760903948463
90.7	0.032797609039484824
90.8	0.032797609039484456
90.9	0.032797609039486884
91.0	0.032797609039486204
91.1	0.03279760903948773
91.2	0.032797609039486385
91.3	0.03279760903948863
91.4	0.03279760903948431
91.5	0.03279760903948104
91.6	0.03279760903948724
91.7	0.03279760903948335
91.8	0.032797609039484865
91.9	0.03279760903948435
92.0	0.032797609039484574
92.1	0.03279760903948438
92.2	0.032797609039486794
92.3	0.03279760903948448
92.4	0.03279760903948799
92.5	0.03279760903948636
92.6	0.032797609039483866
92.7	0.03279760903948497
92.8	0.03279760903948531
92.9	0.03279760903948376
93.0	0.03279760903948415
93.1	0.03279760903948442
93.2	0.03279760903948372
93.3	0.032797609039483915
93.4	0.03279760903948308
93.5	0.032797609039484844
93.6	0.032797609039482
93.7	0.03279760903948632
93.8	0.0327976090394854
93.9	0.03279760903948302
94.0	0.032797609039488834
94.1	0.03279760903948548
94.2	0.032797609039484615
94.3	0.032797609039485504
94.4	0.032797609039484886
94.5	0.0327976090394847
94.6	0.03279760903948678
94.7	0.032797609039489445
94.8	0.03279760903948816
94.9	0.03279760903948452
95.0	0.03279760903948905
95.1	0.03279760903948608
95.2	0.03279760903948602
95.3	0.03279760903948385
95.4	0.03279760903948644
95.5	0.03279760903948641
95.6	0.03279760903948439
95.7	0.03279760903948662
95.8	0.03279760903948254
95.9	0.03279760903948451
96.0	0.03279760903948194
96.1	0.032797609039484206
96.2	0.0327976090394849
96.3	0.03279760903948276
96.4	0.03279760903948515
96.5	0.03279760903948383
96.6	0.03279760903948548
96.7	0.0327976090394857
96.8	0.03279760903948993
96.9	0.03279760903948541
97.0	0.032797609039486905
97.1	0.03279760903948393
97.2	0.032797609039484726
97.3	0.03279760903948834
97.4	0.03279760903948812
97.5	0.03279760903948467
97.6	0.03279760903948531
97.7	0.03279760903948744
97.8	0.03279760903948455
97.9	0.03279760903948785
98.0	0.032797609039486114
98.1	0.032797609039483935
98.2	0.0327976090394851
98.3	0.032797609039485996
98.4	0.03279760903948548
98.5	0.03279760903948185
98.6	0.03279760903948637
98.7	0.03279760903948802
98.8	0.03279760903948398
98.9	0.03279760903948482
99.0	0.032797609039485205
99.1	0.03279760903948429
99.2	0.03279760903948626
99.3	0.032797609039482305
99.4	0.03279760903948214
99.5	0.03279760903948497
99.6	0.03279760903948582
99.7	0.0327976090394836
99.8	0.03279760903948593
99.9	0.032797609039485046
100.0	0.03279760903948659
