0.0	0.0
0.1	0.035407110712141504
0.2	0.09333710560319028
0.3	0.1424463493694191
0.4	0.16904096740665717
0.5	0.16870903128626144
0.6	0.14378888891117475
0.7	0.10306315209022805
0.8	0.06124517458698272
0.9	0.0360247046262791
1.0	0.03906383041125253
1.1	0.06254238415589096
1.2	0.08991493372966192
1.3	0.10977596727607729
1.4	0.11681147645239465
1.5	0.11067703519125173
1.6	0.0950694733412331
1.7	0.07659033796985373
1.8	0.06274787569329929
1.9	0.05879666501447157
2.0	0.06476749474250591
2.1	0.0760222383387404
2.2	0.08688199938435394
2.3	0.09330641272087113
2.4	0.09372356723249943
2.5	0.0889086966750961
2.6	0.08137794168470348
2.7	0.07438869309946938
2.8	0.0706489703075971
2.9	0.0711643319159397
3.0	0.07497744883316604
3.1	0.07994744315934048
3.2	0.0839144544944324
3.3	0.08553252718046225
3.4	0.08457536392311196
3.5	0.0818130702401976
3.6	0.0785907464903532
3.7	0.07624796614690367
3.8	0.07557942636058836
3.9	0.07657362331170706
4.0	0.07854587012839544
4.1	0.08054494727394265
4.2	0.08178405768501307
4.3	0.08191139187134373
4.4	0.08106314687112995
4.5	0.07973001313423717
4.6	0.0785135901390801
4.7	0.07787348315190172
4.8	0.07796524943515944
4.9	0.07862701818860635
5.0	0.07949960846064559
5.1	0.08020506426568527
5.2	0.08049751155247165
5.3	0.0803336777362454
5.4	0.0798539976114547
5.5	0.07929790502974685
5.6	0.07889503284517477
5.7	0.07877706164630242
5.8	0.07894202269672532
5.9	0.07927757657137792
6.0	0.07962398162688847
6.1	0.07984447563095474
6.2	0.07987427510480442
6.3	0.07973343069077082
6.4	0.0795050312218176
6.5	0.07929269843662874
6.6	0.07917685276827921
6.7	0.0791869402815385
6.8	0.07929814997073087
6.9	0.07945008982434042
7.0	0.07957641367137738
7.1	0.07963183762689299
7.2	0.07960638655568153
7.3	0.07952346731388844
7.4	0.07942518954980395
7.5	0.07935273058203905
7.6	0.07933026097671654
7.7	0.07935822900500349
7.8	0.07941715326206873
7.9	0.0794786652795335
8.0	0.07951818545038668
8.1	0.07952393849309848
8.2	0.0794993927117753
8.3	0.07945930207955856
8.4	0.07942200101567554
8.5	0.07940161128388214
8.6	0.07940323162713324
8.7	0.07942248653630506
8.8	0.07944885975512894
8.9	0.07947085096687015
9.0	0.07948062574136504
9.1	0.07947643879307514
9.2	0.07946227696232781
9.3	0.0794453383038779
9.4	0.07943269169289222
9.5	0.07942854908055315
9.6	0.07943310492915556
9.7	0.07944313107085978
9.8	0.0794538034777786
9.9	0.07946084678074279
10.0	0.07946211062841889
10.1	0.0794580583808525
10.2	0.07945115591262894
10.3	0.07944457801838073
10.4	0.0794408486393395
10.5	0.07944095814010263
10.6	0.07944422675822983
10.7	0.07944884676231914
10.8	0.07945277932021608
10.9	0.07945459464400723
11.0	0.07945393343422658
11.1	0.07945147002368932
11.2	0.079448474294629
11.3	0.07944621207332375
11.4	0.0794454477482434
11.5	0.07944622827094962
11.6	0.07944798619614575
11.7	0.07944986691081894
11.8	0.0794511128995824
11.9	0.07945134415583026
12.0	0.07945064251694041
12.1	0.07944944068994345
12.2	0.07944829313721638
12.3	0.07944763876607319
12.4	0.07944764943049461
12.5	0.07944820846672479
12.6	0.0794490052234365
12.7	0.07944968892842312
12.8	0.07945001199559375
12.9	0.07944990896631193
13.0	0.07944949137480602
13.1	0.07944897469801308
13.2	0.0794485771082438
13.3	0.07944843402586783
13.4	0.07944855904730001
13.5	0.07944885879338053
13.6	0.07944918703929223
13.7	0.07944941058847901
13.8	0.07944945924801056
13.9	0.07944934294996017
14.0	0.07944913466232492
14.1	0.0794489313662395
14.2	0.07944881200717628
14.3	0.07944880945519599
14.4	0.07944890522015366
14.5	0.07944904526195966
14.6	0.079449167176374
14.7	0.07944922614349621
14.8	0.07944920960671817
14.9	0.07944913677974687
15.0	0.07944904573083927
15.1	0.07944897523658181
15.2	0.07944894943984557
15.3	0.07944897086888156
15.4	0.07944902312878753
15.5	0.07944908054833871
15.6	0.07944911980517186
15.7	0.07944912863972553
15.8	0.07944910875508676
15.9	0.07944907277303218
16.0	0.07944903745509192
16.1	0.07944901646822781
16.2	0.0794490155858318
16.3	0.07944903177308414
16.4	0.07944905585209061
16.5	0.07944907710683143
16.6	0.07944908771402026
16.7	0.07944908530840149
16.8	0.07944907299665442
16.9	0.0794490572375008
17.0	0.07944904476538081
17.1	0.07944903991377844
17.2	0.0794490433170155
17.3	0.07944905227220389
17.4	0.07944906234848713
17.5	0.0794490694093147
17.6	0.07944907118686742
17.7	0.07944906786341854
17.8	0.0794490615937735
17.9	0.07944905533081113
18.0	0.07944905153177413
18.1	0.07944905127481199
18.2	0.07944905406593769
18.3	0.07944905829718704
18.4	0.0794490620661355
18.5	0.07944906397296227
18.6	0.07944906358500105
18.7	0.0794490614424845
18.8	0.07944905868137998
18.9	0.07944905648700631
19.0	0.07944905562162148
19.1	0.07944905619839325
19.2	0.07944905774775339
19.3	0.0794490594999997
19.4	0.07944906073670757
19.5	0.0794490610621935
19.6	0.0794490605030089
19.7	0.07944905942622588
19.8	0.07944905833893935
19.9	0.07944905766719698
20.0	0.07944905760363367
20.1	0.07944905807144403
20.2	0.0794490587992759
20.3	0.07944905945945387
20.4	0.07944905980518031
20.5	0.07944905975355003
20.6	0.07944905939078527
20.7	0.07944905891058492
20.8	0.07944905852054786
20.9	0.07944905835850721
21.0	0.07944905845007079
21.1	0.07944905871711949
21.2	0.07944905902564178
21.3	0.07944905924768224
21.4	0.07944905931055968
21.5	0.07944905921624638
21.6	0.07944905902812077
21.7	0.07944905883574035
21.8	0.07944905871528378
21.9	0.07944905870187485
22.0	0.0794490587826987
22.1	0.0794490589101767
22.2	0.07944905902648165
22.3	0.07944905908798158
22.4	0.07944905907988012
22.5	0.07944905901713398
22.6	0.07944905893351498
22.7	0.07944905886522996
22.8	0.0794490588363647
22.9	0.07944905885153185
23.0	0.07944905889737876
23.1	0.07944905895085384
23.2	0.07944905898979458
23.3	0.07944905900144529
23.4	0.07944905898582938
23.5	0.07944905895361098
23.6	0.07944905892014194
23.7	0.07944905889870925
23.8	0.07944905889567834
23.9	0.07944905890917649
24.0	0.07944905893116483
24.1	0.07944905895163118
24.2	0.07944905896282037
24.3	0.07944905896188659
24.4	0.07944905895121478
24.5	0.07944905893661394
24.6	0.0794490589244526
24.7	0.07944905891910638
24.8	0.07944905892152639
24.9	0.07944905892946441
25.0	0.07944905893888576
25.1	0.07944905894584012
25.2	0.07944905894801825
25.3	0.07944905894537105
25.4	0.07944905893974208
25.5	0.07944905893385261
25.6	0.07944905893004174
25.7	0.07944905892945148
25.8	0.07944905893178196
25.9	0.07944905893560868
26.0	0.0794490589391947
26.1	0.07944905894117543
26.2	0.07944905894104866
26.3	0.07944905893921435
26.4	0.07944905893668716
26.5	0.07944905893456057
26.6	0.07944905893360245
26.7	0.07944905893399364
26.8	0.07944905893534916
26.9	0.07944905893698585
27.0	0.07944905893820417
27.1	0.07944905893860908
27.2	0.07944905893817832
27.3	0.07944905893721448
27.4	0.07944905893618358
27.5	0.07944905893550305
27.6	0.07944905893537939
27.7	0.07944905893577156
27.8	0.07944905893643286
27.9	0.07944905893706598
28.0	0.0794490589374247
28.1	0.07944905893741565
28.2	0.07944905893710154
28.3	0.07944905893665719
28.4	0.0794490589362799
28.5	0.07944905893610464
28.6	0.07944905893617006
28.7	0.0794490589364025
28.8	0.07944905893668835
28.9	0.07944905893690633
29.0	0.0794490589369875
29.1	0.07944905893690948
29.2	0.07944905893673987
29.3	0.07944905893656168
29.4	0.07944905893644155
29.5	0.07944905893641328
29.6	0.07944905893648374
29.7	0.07944905893659927
29.8	0.07944905893670744
29.9	0.07944905893676957
30.0	0.07944905893677325
30.1	0.07944905893671746
30.2	0.07944905893664216
30.3	0.07944905893657811
30.4	0.07944905893654422
30.5	0.07944905893655696
30.6	0.07944905893659612
30.7	0.07944905893664377
30.8	0.07944905893668468
30.9	0.07944905893669764
31.0	0.07944905893668756
31.1	0.07944905893665478
31.2	0.07944905893662298
31.3	0.07944905893660092
31.4	0.07944905893659698
31.5	0.079449058936607
31.6	0.07944905893662921
31.7	0.07944905893664975
31.8	0.07944905893665882
31.9	0.07944905893665913
32.0	0.0794490589366484
32.1	0.07944905893663864
32.2	0.0794490589366255
32.3	0.07944905893662225
32.4	0.07944905893662407
32.5	0.07944905893663302
32.6	0.07944905893663819
32.7	0.07944905893664422
32.8	0.07944905893664504
32.9	0.07944905893664206
33.0	0.0794490589366422
33.1	0.07944905893663606
33.2	0.07944905893663097
33.3	0.07944905893662785
33.4	0.07944905893663418
33.5	0.07944905893663626
33.6	0.0794490589366397
33.7	0.07944905893664236
33.8	0.07944905893663812
33.9	0.07944905893664168
34.0	0.07944905893663329
34.1	0.0794490589366332
34.2	0.07944905893663588
34.3	0.07944905893663301
34.4	0.07944905893663638
34.5	0.07944905893663547
34.6	0.07944905893663808
34.7	0.07944905893663702
34.8	0.0794490589366338
34.9	0.07944905893663975
35.0	0.0794490589366347
35.1	0.07944905893663275
35.2	0.07944905893663541
35.3	0.07944905893663372
35.4	0.07944905893663858
35.5	0.07944905893663651
35.6	0.07944905893663674
35.7	0.07944905893663735
35.8	0.07944905893663409
35.9	0.07944905893663684
36.0	0.07944905893663802
36.1	0.07944905893663655
36.2	0.07944905893663563
36.3	0.07944905893663687
36.4	0.07944905893663336
36.5	0.07944905893663672
36.6	0.07944905893663928
36.7	0.07944905893663734
36.8	0.07944905893663647
36.9	0.07944905893663685
37.0	0.07944905893663533
37.1	0.07944905893663412
37.2	0.07944905893663719
37.3	0.07944905893663741
37.4	0.07944905893663651
37.5	0.07944905893663833
37.6	0.07944905893663586
37.7	0.0794490589366348
37.8	0.07944905893663749
37.9	0.07944905893663655
38.0	0.0794490589366375
38.1	0.07944905893663784
38.2	0.079449058936638
38.3	0.0794490589366354
38.4	0.07944905893663669
38.5	0.07944905893663724
38.6	0.07944905893663104
38.7	0.07944905893663802
38.8	0.07944905893663634
38.9	0.07944905893663619
39.0	0.07944905893663783
39.1	0.07944905893663815
39.2	0.07944905893663387
39.3	0.07944905893663769
39.4	0.07944905893663515
39.5	0.07944905893663792
39.6	0.0794490589366354
39.7	0.07944905893663759
39.8	0.07944905893663778
39.9	0.07944905893663538
40.0	0.07944905893663874
40.1	0.07944905893663541
40.2	0.07944905893663563
40.3	0.07944905893663645
40.4	0.07944905893663727
40.5	0.07944905893663345
40.6	0.07944905893663529
40.7	0.0794490589366363
40.8	0.07944905893663713
40.9	0.07944905893663773
41.0	0.07944905893663722
41.1	0.07944905893663765
41.2	0.07944905893663644
41.3	0.07944905893663494
41.4	0.07944905893663855
41.5	0.07944905893663491
41.6	0.0794490589366375
41.7	0.07944905893663791
41.8	0.07944905893663892
41.9	0.07944905893663652
42.0	0.07944905893663419
42.1	0.07944905893663479
42.2	0.07944905893663909
42.3	0.07944905893663472
42.4	0.07944905893663527
42.5	0.0794490589366359
42.6	0.07944905893663763
42.7	0.07944905893663422
42.8	0.07944905893663426
42.9	0.07944905893663624
43.0	0.07944905893663429
43.1	0.07944905893663572
43.2	0.07944905893663687
43.3	0.07944905893663894
43.4	0.07944905893663863
43.5	0.0794490589366359
43.6	0.07944905893663946
43.7	0.07944905893663372
43.8	0.0794490589366365
43.9	0.07944905893663415
44.0	0.07944905893663748
44.1	0.0794490589366385
44.2	0.07944905893663638
44.3	0.07944905893663494
44.4	0.07944905893663531
44.5	0.07944905893663541
44.6	0.07944905893663695
44.7	0.07944905893663544
44.8	0.0794490589366368
44.9	0.0794490589366374
45.0	0.0794490589366374
45.1	0.07944905893663391
45.2	0.07944905893663913
45.3	0.07944905893663805
45.4	0.07944905893663712
45.5	0.07944905893663733
45.6	0.07944905893663488
45.7	0.07944905893663651
45.8	0.07944905893663644
45.9	0.07944905893663291
46.0	0.07944905893663509
46.1	0.07944905893663763
46.2	0.0794490589366371
46.3	0.0794490589366329
46.4	0.07944905893663683
46.5	0.07944905893663201
46.6	0.07944905893663651
46.7	0.07944905893663433
46.8	0.07944905893663728
46.9	0.07944905893663912
47.0	0.07944905893663594
47.1	0.07944905893663291
47.2	0.07944905893663526
47.3	0.07944905893663588
47.4	0.07944905893663877
47.5	0.07944905893663556
47.6	0.07944905893663724
47.7	0.07944905893663856
47.8	0.07944905893663483
47.9	0.07944905893663468
48.0	0.0794490589366363
48.1	0.07944905893663563
48.2	0.07944905893663963
48.3	0.07944905893663554
48.4	0.07944905893663816
48.5	0.07944905893663329
48.6	0.07944905893663495
48.7	0.079449058936637
48.8	0.07944905893663733
48.9	0.07944905893663846
49.0	0.07944905893663894
49.1	0.07944905893663473
49.2	0.07944905893663591
49.3	0.0794490589366364
49.4	0.07944905893663787
49.5	0.07944905893663419
49.6	0.07944905893663809
49.7	0.07944905893663806
49.8	0.07944905893663316
49.9	0.07944905893663771
50.0	0.07944905893663323
50.1	0.07944905893663529
50.2	0.07944905893663583
50.3	0.07944905893663684
50.4	0.07944905893663398
50.5	0.07944905893663708
50.6	0.07944905893663678
50.7	0.07944905893663513
50.8	0.07944905893663844
50.9	0.07944905893663402
51.0	0.07944905893663773
51.1	0.07944905893663594
51.2	0.07944905893663669
51.3	0.07944905893663555
51.4	0.07944905893663788
51.5	0.07944905893663518
51.6	0.07944905893663401
51.7	0.07944905893663741
51.8	0.07944905893663634
51.9	0.07944905893663508
52.0	0.07944905893663873
52.1	0.07944905893663562
52.2	0.07944905893663531
52.3	0.0794490589366338
52.4	0.07944905893663892
52.5	0.07944905893663491
52.6	0.0794490589366348
52.7	0.07944905893663542
52.8	0.07944905893663683
52.9	0.07944905893663502
53.0	0.07944905893663677
53.1	0.0794490589366406
53.2	0.07944905893663497
53.3	0.07944905893663619
53.4	0.07944905893663613
53.5	0.07944905893663712
53.6	0.07944905893663454
53.7	0.07944905893663852
53.8	0.07944905893663794
53.9	0.07944905893663624
54.0	0.07944905893663574
54.1	0.07944905893663634
54.2	0.0794490589366377
54.3	0.07944905893663501
54.4	0.07944905893663616
54.5	0.0794490589366361
54.6	0.07944905893663763
54.7	0.07944905893663821
54.8	0.07944905893663916
54.9	0.07944905893663566
55.0	0.07944905893663722
55.1	0.07944905893663348
55.2	0.07944905893663759
55.3	0.07944905893663552
55.4	0.0794490589366373
55.5	0.07944905893663697
55.6	0.07944905893663884
55.7	0.07944905893663871
55.8	0.07944905893663518
55.9	0.07944905893663563
56.0	0.07944905893663647
56.1	0.07944905893663586
56.2	0.0794490589366367
56.3	0.07944905893663604
56.4	0.07944905893663648
56.5	0.07944905893663767
56.6	0.07944905893663722
56.7	0.07944905893663658
56.8	0.07944905893663813
56.9	0.07944905893663308
57.0	0.07944905893663558
57.1	0.07944905893663755
57.2	0.0794490589366363
57.3	0.0794490589366409
57.4	0.0794490589366382
57.5	0.0794490589366343
57.6	0.07944905893663605
57.7	0.07944905893663748
57.8	0.07944905893663508
57.9	0.07944905893663545
58.0	0.07944905893663884
58.1	0.0794490589366354
58.2	0.07944905893663662
58.3	0.07944905893663444
58.4	0.0794490589366349
58.5	0.07944905893663722
58.6	0.07944905893663777
58.7	0.07944905893663806
58.8	0.07944905893663652
58.9	0.07944905893663677
59.0	0.07944905893663883
59.1	0.07944905893663641
59.2	0.07944905893663314
59.3	0.07944905893663526
59.4	0.07944905893663595
59.5	0.07944905893663537
59.6	0.07944905893663542
59.7	0.0794490589366362
59.8	0.0794490589366363
59.9	0.07944905893663726
60.0	0.07944905893663788
60.1	0.07944905893663581
60.2	0.0794490589366326
60.3	0.07944905893663769
60.4	0.0794490589366379
60.5	0.07944905893663291
60.6	0.07944905893663605
60.7	0.07944905893663619
60.8	0.07944905893663644
60.9	0.07944905893663617
61.0	0.07944905893663938
61.1	0.07944905893663393
61.2	0.07944905893663567
61.3	0.07944905893663329
61.4	0.07944905893663629
61.5	0.0794490589366369
61.6	0.07944905893664046
61.7	0.07944905893663506
61.8	0.07944905893663452
61.9	0.07944905893663738
62.0	0.07944905893663548
62.1	0.0794490589366363
62.2	0.07944905893663771
62.3	0.07944905893663633
62.4	0.079449058936638
62.5	0.07944905893663776
62.6	0.07944905893663479
62.7	0.0794490589366362
62.8	0.07944905893663391
62.9	0.07944905893664024
63.0	0.07944905893663591
63.1	0.07944905893663615
63.2	0.0794490589366382
63.3	0.07944905893663859
63.4	0.07944905893663472
63.5	0.07944905893663584
63.6	0.07944905893663663
63.7	0.07944905893663745
63.8	0.07944905893663519
63.9	0.07944905893663673
64.0	0.07944905893663683
64.1	0.07944905893663703
64.2	0.07944905893663722
64.3	0.07944905893663953
64.4	0.07944905893663247
64.5	0.07944905893663433
64.6	0.07944905893663917
64.7	0.079449058936638
64.8	0.07944905893663487
64.9	0.07944905893663727
65.0	0.07944905893663665
65.1	0.0794490589366358
65.2	0.079449058936638
65.3	0.07944905893663783
65.4	0.0794490589366332
65.5	0.07944905893664032
65.6	0.07944905893663734
65.7	0.07944905893663973
65.8	0.07944905893663753
65.9	0.07944905893663723
66.0	0.07944905893664035
66.1	0.07944905893663635
66.2	0.07944905893663885
66.3	0.07944905893663762
66.4	0.07944905893663604
66.5	0.07944905893663273
66.6	0.07944905893663588
66.7	0.07944905893663474
66.8	0.07944905893663586
66.9	0.07944905893663716
67.0	0.07944905893663624
67.1	0.07944905893663631
67.2	0.07944905893663437
67.3	0.07944905893663809
67.4	0.0794490589366366
67.5	0.07944905893663377
67.6	0.07944905893663606
67.7	0.07944905893663898
67.8	0.07944905893663506
67.9	0.07944905893663592
68.0	0.07944905893663752
68.1	0.07944905893663728
68.2	0.0794490589366377
68.3	0.07944905893663443
68.4	0.07944905893663431
68.5	0.07944905893663713
68.6	0.07944905893663302
68.7	0.07944905893663648
68.8	0.07944905893663916
68.9	0.07944905893663405
69.0	0.07944905893663577
69.1	0.07944905893663431
69.2	0.0794490589366399
69.3	0.07944905893663855
69.4	0.07944905893663597
69.5	0.07944905893663642
69.6	0.07944905893663451
69.7	0.07944905893663703
69.8	0.07944905893663445
69.9	0.07944905893663502
70.0	0.07944905893663752
70.1	0.07944905893663853
70.2	0.07944905893663282
70.3	0.07944905893663701
70.4	0.0794490589366356
70.5	0.07944905893663705
70.6	0.07944905893663577
70.7	0.07944905893663536
70.8	0.07944905893663638
70.9	0.07944905893663635
71.0	0.07944905893663781
71.1	0.07944905893663749
71.2	0.0794490589366392
71.3	0.07944905893663645
71.4	0.07944905893663771
71.5	0.07944905893663759
71.6	0.07944905893663917
71.7	0.07944905893663612
71.8	0.0794490589366342
71.9	0.0794490589366375
72.0	0.07944905893663681
72.1	0.07944905893663644
72.2	0.07944905893663627
72.3	0.07944905893663608
72.4	0.07944905893663734
72.5	0.07944905893663713
72.6	0.07944905893664164
72.7	0.07944905893663949
72.8	0.07944905893663481
72.9	0.07944905893663644
73.0	0.07944905893663201
73.1	0.07944905893663784
73.2	0.07944905893663613
73.3	0.0794490589366359
73.4	0.07944905893663502
73.5	0.07944905893663642
73.6	0.07944905893663722
73.7	0.07944905893663873
73.8	0.07944905893663591
73.9	0.0794490589366348
74.0	0.07944905893663379
74.1	0.07944905893663594
74.2	0.0794490589366393
74.3	0.079449058936641
74.4	0.07944905893663672
74.5	0.07944905893663949
74.6	0.07944905893663551
74.7	0.07944905893663609
74.8	0.07944905893663588
74.9	0.07944905893663516
75.0	0.0794490589366388
75.1	0.07944905893663776
75.2	0.07944905893663515
75.3	0.07944905893664266
75.4	0.07944905893663722
75.5	0.0794490589366373
75.6	0.07944905893663935
75.7	0.07944905893663845
75.8	0.07944905893663406
75.9	0.07944905893663584
76.0	0.07944905893663663
76.1	0.07944905893663332
76.2	0.07944905893663713
76.3	0.07944905893663516
76.4	0.07944905893663376
76.5	0.07944905893663663
76.6	0.07944905893663717
76.7	0.07944905893663623
76.8	0.07944905893664175
76.9	0.07944905893663806
77.0	0.07944905893663834
77.1	0.07944905893663697
77.2	0.07944905893663823
77.3	0.07944905893663289
77.4	0.07944905893663826
77.5	0.07944905893663314
77.6	0.07944905893663444
77.7	0.07944905893663641
77.8	0.07944905893663776
77.9	0.07944905893663559
78.0	0.07944905893663373
78.1	0.07944905893664045
78.2	0.07944905893663388
78.3	0.079449058936636
78.4	0.0794490589366358
78.5	0.07944905893663615
78.6	0.07944905893662968
78.7	0.07944905893663656
78.8	0.07944905893663554
78.9	0.07944905893663562
79.0	0.07944905893663724
79.1	0.07944905893663291
79.2	0.07944905893663481
79.3	0.07944905893663812
79.4	0.07944905893663763
79.5	0.07944905893663269
79.6	0.07944905893663537
79.7	0.07944905893663741
79.8	0.07944905893663545
79.9	0.07944905893663362
80.0	0.07944905893663765
80.1	0.07944905893663763
80.2	0.07944905893663523
80.3	0.0794490589366378
80.4	0.07944905893663792
80.5	0.07944905893663683
80.6	0.07944905893663873
80.7	0.07944905893663767
80.8	0.07944905893663683
80.9	0.0794490589366352
81.0	0.07944905893663297
81.1	0.07944905893663924
81.2	0.07944905893663533
81.3	0.07944905893663647
81.4	0.07944905893663771
81.5	0.07944905893663552
81.6	0.07944905893663608
81.7	0.07944905893663931
81.8	0.0794490589366392
81.9	0.07944905893663685
82.0	0.07944905893663692
82.1	0.07944905893663777
82.2	0.07944905893663452
82.3	0.07944905893663624
82.4	0.07944905893663741
82.5	0.07944905893663336
82.6	0.07944905893663365
82.7	0.07944905893663586
82.8	0.07944905893663944
82.9	0.07944905893663402
83.0	0.07944905893663827
83.1	0.07944905893663655
83.2	0.07944905893663728
83.3	0.07944905893663821
83.4	0.07944905893663803
83.5	0.07944905893663397
83.6	0.07944905893663758
83.7	0.07944905893663691
83.8	0.07944905893663902
83.9	0.07944905893663629
84.0	0.07944905893663869
84.1	0.07944905893663672
84.2	0.07944905893663524
84.3	0.07944905893663531
84.4	0.07944905893664066
84.5	0.07944905893663591
84.6	0.07944905893663685
84.7	0.07944905893663474
84.8	0.0794490589366404
84.9	0.0794490589366353
85.0	0.07944905893663488
85.1	0.07944905893663334
85.2	0.07944905893663837
85.3	0.07944905893663597
85.4	0.07944905893663891
85.5	0.07944905893663669
85.6	0.07944905893663444
85.7	0.0794490589366359
85.8	0.07944905893663466
85.9	0.07944905893663606
86.0	0.07944905893663723
86.1	0.07944905893663708
86.2	0.0794490589366392
86.3	0.07944905893663713
86.4	0.07944905893663609
86.5	0.07944905893663877
86.6	0.07944905893663608
86.7	0.07944905893663726
86.8	0.07944905893663448
86.9	0.07944905893663723
87.0	0.07944905893663762
87.1	0.07944905893663784
87.2	0.07944905893663619
87.3	0.07944905893663345
87.4	0.07944905893663778
87.5	0.07944905893663472
87.6	0.0794490589366326
87.7	0.07944905893663837
87.8	0.07944905893663513
87.9	0.0794490589366342
88.0	0.07944905893663758
88.1	0.0794490589366335
88.2	0.07944905893663912
88.3	0.07944905893663702
88.4	0.07944905893663803
88.5	0.07944905893663472
88.6	0.07944905893663756
88.7	0.07944905893663616
88.8	0.07944905893663932
88.9	0.07944905893663322
89.0	0.07944905893663627
89.1	0.0794490589366366
89.2	0.07944905893663717
89.3	0.07944905893664239
89.4	0.07944905893663702
89.5	0.07944905893663685
89.6	0.07944905893663344
89.7	0.07944905893663863
89.8	0.07944905893663973
89.9	0.07944905893663388
90.0	0.0794490589366345
90.1	0.079449058936636
90.2	0.07944905893663542
90.3	0.0794490589366381
90.4	0.07944905893663713
90.5	0.07944905893663538
90.6	0.07944905893663112
90.7	0.07944905893663755
90.8	0.07944905893663995
90.9	0.07944905893663716
91.0	0.07944905893663677
91.1	0.07944905893663727
91.2	0.07944905893663527
91.3	0.07944905893663542
91.4	0.07944905893663608
91.5	0.07944905893663906
91.6	0.07944905893663815
91.7	0.07944905893663498
91.8	0.07944905893663663
91.9	0.07944905893663537
92.0	0.07944905893663524
92.1	0.07944905893663437
92.2	0.07944905893663706
92.3	0.07944905893663486
92.4	0.0794490589366395
92.5	0.07944905893663652
92.6	0.07944905893663945
92.7	0.07944905893664135
92.8	0.07944905893663365
92.9	0.07944905893663691
93.0	0.07944905893663363
93.1	0.07944905893663853
93.2	0.07944905893663619
93.3	0.07944905893663849
93.4	0.07944905893663483
93.5	0.07944905893663787
93.6	0.07944905893663629
93.7	0.07944905893663778
93.8	0.0794490589366364
93.9	0.07944905893663344
94.0	0.07944905893663488
94.1	0.07944905893663451
94.2	0.07944905893663981
94.3	0.07944905893663419
94.4	0.07944905893663516
94.5	0.07944905893663856
94.6	0.07944905893663759
94.7	0.0794490589366349
94.8	0.07944905893664034
94.9	0.0794490589366332
95.0	0.07944905893663591
95.1	0.07944905893663652
95.2	0.07944905893663985
95.3	0.07944905893663783
95.4	0.07944905893663386
95.5	0.07944905893663311
95.6	0.07944905893663315
95.7	0.07944905893663984
95.8	0.07944905893663894
95.9	0.07944905893663537
96.0	0.0794490589366327
96.1	0.07944905893663327
96.2	0.07944905893663415
96.3	0.07944905893663792
96.4	0.07944905893663769
96.5	0.07944905893663749
96.6	0.0794490589366367
96.7	0.07944905893663824
96.8	0.07944905893663877
96.9	0.07944905893663703
97.0	0.0794490589366365
97.1	0.07944905893663466
97.2	0.07944905893663366
97.3	0.0794490589366375
97.4	0.07944905893663576
97.5	0.07944905893663716
97.6	0.07944905893663613
97.7	0.07944905893663982
97.8	0.07944905893664025
97.9	0.07944905893663445
98.0	0.0794490589366368
98.1	0.07944905893663619
98.2	0.07944905893663681
98.3	0.07944905893663569
98.4	0.07944905893663505
98.5	0.0794490589366382
98.6	0.07944905893663685
98.7	0.07944905893663745
98.8	0.07944905893663347
98.9	0.07944905893663402
99.0	0.07944905893663688
99.1	0.07944905893663431
99.2	0.07944905893663555
99.3	0.07944905893663563
99.4	0.0794490589366373
99.5	0.0794490589366349
99.6	0.07944905893663126
99.7	0.07944905893663304
99.8	0.07944905893663502
99.9	0.07944905893663569
100.0	0.07944905893663999
