0.0	0.0
0.1	0.04302811629706851
0.2	0.11117149829659713
0.3	0.16576625759168812
0.4	0.19102346034294815
0.5	0.18286354194910379
0.6	0.14600439540657728
0.7	0.09430980965109607
0.8	0.04985945910492817
0.9	0.03623873288846076
1.0	0.057305901977742824
1.1	0.09156239211595242
1.2	0.11990416001807155
1.3	0.13264216645805582
1.4	0.12765798555514704
1.5	0.10895421431583155
1.6	0.08527311221037621
1.7	0.06740878773023469
1.8	0.0632101866411909
1.9	0.07236443646400341
2.0	0.08754017912115195
2.1	0.10064132991838493
2.2	0.10662030909661946
2.3	0.10425517143692233
2.4	0.09568904784992828
2.5	0.0852975556996004
2.6	0.07786408528706423
2.7	0.07634472718268207
2.8	0.08043370450273644
2.9	0.08722829034942203
3.0	0.09322030507641334
3.1	0.09598245154740391
3.2	0.09487813368005696
3.3	0.09096665422423306
3.4	0.08634826356294178
3.5	0.08316674328443023
3.6	0.08262902553585216
3.7	0.08454028279324728
3.8	0.08761935806288887
3.9	0.09030130672472358
4.0	0.09148478223479034
4.1	0.09090612430509566
4.2	0.08910173167227836
4.3	0.08705749487139695
4.4	0.08571531766757823
4.5	0.08555598912273203
4.6	0.08644985068454257
4.7	0.08781890663717586
4.8	0.08897840434428467
4.9	0.08945810008358604
5.0	0.08916491849343455
5.1	0.08835596868173128
5.2	0.08746984707917727
5.3	0.08690713610498509
5.4	0.08686023906909862
5.5	0.08726210361396741
5.6	0.08786028039210694
5.7	0.08836049214735273
5.8	0.08856172702328333
5.9	0.08842643420173046
6.0	0.08806899453271452
6.1	0.0876815498259692
6.2	0.08743815021937339
6.3	0.08742159778107282
6.4	0.08760183462142611
6.5	0.08786757513745061
6.6	0.088088454373136
6.7	0.08817512911582165
6.8	0.08811151035708675
6.9	0.08794991377907818
7.0	0.0877772182762816
7.1	0.08767119589201276
7.2	0.08766765336847855
7.3	0.08775134018839587
7.4	0.08787100433700093
7.5	0.08796797574722884
7.6	0.08800330016762925
7.7	0.08797165062668197
7.8	0.0878981009184331
7.9	0.0878220244494743
8.0	0.08777733693830721
8.1	0.08777843085986575
8.2	0.0878171074149051
8.3	0.08787002245901253
8.4	0.08791154478826399
8.5	0.08792540455030887
8.6	0.08791021980244737
8.7	0.08787755233346554
8.8	0.08784464231697073
8.9	0.08782590996894206
9.0	0.08782714183418579
9.1	0.08784443604291577
9.2	0.08786754817758309
9.3	0.08788542456595556
9.4	0.08789114553345277
9.5	0.08788423933722513
9.6	0.08786981191225843
9.7	0.0878554019154884
9.8	0.08784729852744338
9.9	0.08784800618876443
10.0	0.08785577065071695
10.1	0.08786603870686865
10.2	0.08787390345965196
10.3	0.08787630940904868
10.4	0.0878730919621865
10.5	0.08786658232582804
10.6	0.08786017961989394
10.7	0.08785668238501662
10.8	0.08785715313395698
10.9	0.08786073223926615
11.0	0.08786533108556985
11.1	0.08786875555554399
11.2	0.08786969214666542
11.3	0.0878681422408703
11.4	0.08786520301365351
11.5	0.08786240036873921
11.6	0.08786094406181699
11.7	0.08786124774958104
11.8	0.08786288139696201
11.9	0.08786490351051865
12.0	0.08786636173447833
12.1	0.08786671255538397
12.2	0.08786598971227576
12.3	0.08786469091591177
12.4	0.08786348115662979
12.5	0.08786287386916604
12.6	0.08786303276501069
12.7	0.08786375980390898
12.8	0.08786464259224716
12.9	0.08786526998676175
13.0	0.08786541080196927
13.1	0.08786508437849079
13.2	0.08786451054872733
13.3	0.08786398075597572
13.4	0.08786371926158441
13.5	0.0878637963416531
13.6	0.0878641227524905
13.7	0.08786451471473913
13.8	0.08786478970039314
13.9	0.08786484621044238
14.0	0.08786469517098236
14.1	0.08786443690901546
14.2	0.0878642025288928
14.3	0.08786409120062537
14.4	0.0878641316723976
14.5	0.08786428110358668
14.6	0.08786445569932916
14.7	0.08786457442305948
14.8	0.0878645942985197
14.9	0.08786452305403962
15.0	0.08786440726186819
15.1	0.08786430530445717
15.2	0.08786425966805932
15.3	0.08786428091999056
15.4	0.08786434846034094
15.5	0.08786442485804728
15.6	0.0878644751376057
15.7	0.08786448169245245
15.8	0.08786444903671843
15.9	0.08786439806568351
16.0	0.08786435414129583
16.1	0.08786433526445094
16.2	0.08786434547190829
16.3	0.08786437543586473
16.4	0.08786440877714652
16.5	0.08786443038068076
16.6	0.08786443276647213
16.7	0.0878644180775504
16.8	0.08786439555261337
16.9	0.08786437632813648
17.0	0.08786436826805902
17.1	0.08786437306575925
17.2	0.08786438651133952
17.3	0.08786440129537618
17.4	0.08786441071502253
17.5	0.08786441151502215
17.6	0.08786440475671062
17.7	0.08786439464976221
17.8	0.08786438618774815
17.9	0.08786438282179634
18.0	0.08786438519245948
18.1	0.0878643913083941
18.2	0.08786439785763085
18.3	0.08786440188623852
18.4	0.08786440204152302
18.5	0.08786439890181474
18.6	0.08786439439887618
18.7	0.08786439074010181
18.8	0.08786438939058294
18.9	0.08786439055409086
19.0	0.08786439329695235
19.1	0.08786439615066982
19.2	0.08786439784656928
19.3	0.0878643978375477
19.4	0.08786439641485613
19.5	0.08786439443850616
19.6	0.08786439286523473
19.7	0.08786439231464234
19.8	0.08786439285589023
19.9	0.08786439407017826
20.0	0.08786439531511658
20.1	0.0878643960419569
20.2	0.0878643960191797
20.3	0.08786439538079285
20.4	0.08786439450747992
20.5	0.08786439381988188
20.6	0.08786439358834496
20.7	0.08786439383932064
20.8	0.08786439438365719
20.9	0.08786439493455511
21.0	0.08786439524923642
21.1	0.08786439522832357
21.2	0.08786439493609924
21.3	0.08786439454559698
21.4	0.08786439424468154
21.5	0.08786439415090942
21.6	0.08786439427129936
21.7	0.08786439451740723
21.8	0.08786439476010514
21.9	0.08786439489321565
22.0	0.08786439487647825
22.1	0.0878643947423006
22.2	0.08786439456930686
22.3	0.08786439443998736
22.4	0.0878643944037571
22.5	0.08786439446085965
22.6	0.08786439457054389
22.7	0.0878643946759022
22.8	0.08786439473152823
22.9	0.08786439472146279
23.0	0.08786439466114512
23.1	0.08786439458539533
23.2	0.08786439452990259
23.3	0.08786439451551654
23.4	0.08786439454165586
23.5	0.08786439459013948
23.6	0.08786439463607633
23.7	0.08786439465981777
23.8	0.0878643946546627
23.9	0.08786439462764574
24.0	0.08786439459418452
24.1	0.0878643945699933
24.2	0.08786439456412831
24.3	0.08786439457615461
24.4	0.08786439459785417
24.5	0.08786439461812748
24.6	0.08786439462830785
24.7	0.08786439462558286
24.8	0.0878643946132721
24.9	0.08786439459836917
25.0	0.08786439458785023
25.1	0.08786439458561643
25.2	0.08786439459127784
25.3	0.08786439460103634
25.4	0.08786439460991625
25.5	0.0878643946141629
25.6	0.08786439461268544
25.7	0.08786439460708671
25.8	0.08786439460051475
25.9	0.08786439459602471
26.0	0.08786439459522664
26.1	0.08786439459785839
26.2	0.0878643946021873
26.3	0.08786439460602749
26.4	0.08786439460778861
26.5	0.08786439460703922
26.6	0.08786439460453913
26.7	0.0878643946016725
26.8	0.08786439459974302
26.9	0.08786439459944918
27.0	0.08786439460064317
27.1	0.08786439460255514
27.2	0.08786439460422958
27.3	0.08786439460497197
27.4	0.08786439460461658
27.5	0.08786439460349674
27.6	0.08786439460223008
27.7	0.08786439460139099
27.8	0.08786439460128333
27.9	0.08786439460183162
28.0	0.08786439460268701
28.1	0.08786439460342091
28.2	0.08786439460373756
28.3	0.08786439460355966
28.4	0.0878643946030591
28.5	0.08786439460249146
28.6	0.08786439460212886
28.7	0.08786439460209447
28.8	0.0878643946023526
28.9	0.08786439460273517
29.0	0.08786439460305187
29.1	0.08786439460318612
29.2	0.08786439460309638
29.3	0.08786439460286978
29.4	0.08786439460261661
29.5	0.08786439460246606
29.6	0.08786439460245793
29.7	0.08786439460257636
29.8	0.0878643946027406
29.9	0.087864394602881
30.0	0.08786439460293301
30.1	0.08786439460289189
30.2	0.08786439460279195
30.3	0.08786439460268437
30.4	0.08786439460261641
30.5	0.0878643946026157
30.6	0.0878643946026698
30.7	0.08786439460274192
30.8	0.0878643946028005
30.9	0.08786439460282446
31.0	0.08786439460280455
31.1	0.0878643946027597
31.2	0.08786439460271299
31.3	0.087864394602682
31.4	0.08786439460268436
31.5	0.08786439460271205
31.6	0.0878643946027415
31.7	0.08786439460276622
31.8	0.0878643946027785
31.9	0.08786439460276704
32.0	0.0878643946027456
32.1	0.08786439460272047
32.2	0.08786439460271198
32.3	0.0878643946027171
32.4	0.08786439460272485
32.5	0.08786439460273941
32.6	0.08786439460275099
32.7	0.08786439460275657
32.8	0.08786439460275355
32.9	0.08786439460274176
33.0	0.08786439460273422
33.1	0.0878643946027264
33.2	0.08786439460272837
33.3	0.08786439460273494
33.4	0.08786439460274105
33.5	0.08786439460274387
33.6	0.08786439460274523
33.7	0.08786439460274441
33.8	0.08786439460274115
33.9	0.08786439460273458
34.0	0.08786439460273263
34.1	0.08786439460273518
34.2	0.08786439460273777
34.3	0.08786439460273868
34.4	0.08786439460273984
34.5	0.08786439460274259
34.6	0.08786439460274066
34.7	0.08786439460273951
34.8	0.08786439460273586
34.9	0.08786439460273586
35.0	0.08786439460273647
35.1	0.08786439460273779
35.2	0.08786439460273912
35.3	0.08786439460274126
35.4	0.08786439460273686
35.5	0.08786439460273543
35.6	0.08786439460273562
35.7	0.08786439460273925
35.8	0.08786439460273947
35.9	0.08786439460273601
36.0	0.08786439460273754
36.1	0.08786439460274381
36.2	0.08786439460273696
36.3	0.08786439460274063
36.4	0.08786439460273814
36.5	0.08786439460273773
36.6	0.08786439460273524
36.7	0.08786439460273804
36.8	0.08786439460273866
36.9	0.08786439460273728
37.0	0.08786439460273905
37.1	0.08786439460273815
37.2	0.08786439460273915
37.3	0.08786439460273891
37.4	0.08786439460273604
37.5	0.08786439460274093
37.6	0.0878643946027388
37.7	0.08786439460274126
37.8	0.0878643946027375
37.9	0.08786439460273851
38.0	0.08786439460273918
38.1	0.08786439460274033
38.2	0.08786439460273776
38.3	0.08786439460273616
38.4	0.08786439460273873
38.5	0.08786439460274044
38.6	0.08786439460273741
38.7	0.08786439460273765
38.8	0.08786439460273665
38.9	0.08786439460273932
39.0	0.08786439460274273
39.1	0.08786439460273851
39.2	0.08786439460274033
39.3	0.08786439460273518
39.4	0.08786439460273938
39.5	0.08786439460273987
39.6	0.08786439460273669
39.7	0.08786439460273898
39.8	0.08786439460273769
39.9	0.08786439460274006
40.0	0.08786439460273895
40.1	0.08786439460273675
40.2	0.08786439460274188
40.3	0.0878643946027377
40.4	0.0878643946027404
40.5	0.08786439460273758
40.6	0.0878643946027404
40.7	0.08786439460273872
40.8	0.0878643946027369
40.9	0.08786439460273775
41.0	0.08786439460273696
41.1	0.08786439460274045
41.2	0.08786439460273708
41.3	0.08786439460273739
41.4	0.08786439460273762
41.5	0.08786439460274284
41.6	0.08786439460274117
41.7	0.08786439460274023
41.8	0.08786439460273879
41.9	0.08786439460274098
42.0	0.08786439460273729
42.1	0.08786439460274015
42.2	0.08786439460273615
42.3	0.0878643946027394
42.4	0.08786439460274362
42.5	0.0878643946027399
42.6	0.08786439460273937
42.7	0.08786439460273965
42.8	0.08786439460273746
42.9	0.08786439460273937
43.0	0.08786439460274194
43.1	0.0878643946027341
43.2	0.08786439460274262
43.3	0.08786439460273933
43.4	0.08786439460274209
43.5	0.08786439460273521
43.6	0.08786439460273782
43.7	0.08786439460273775
43.8	0.08786439460273626
43.9	0.08786439460274052
44.0	0.08786439460273936
44.1	0.08786439460273789
44.2	0.08786439460273837
44.3	0.08786439460273811
44.4	0.0878643946027387
44.5	0.08786439460274037
44.6	0.08786439460274337
44.7	0.08786439460273658
44.8	0.08786439460273711
44.9	0.08786439460273798
45.0	0.08786439460274108
45.1	0.08786439460274102
45.2	0.08786439460273865
45.3	0.08786439460273707
45.4	0.08786439460273945
45.5	0.08786439460274001
45.6	0.08786439460273723
45.7	0.08786439460274217
45.8	0.08786439460273743
45.9	0.0878643946027408
46.0	0.08786439460273461
46.1	0.08786439460273669
46.2	0.08786439460273882
46.3	0.08786439460273607
46.4	0.08786439460273661
46.5	0.0878643946027375
46.6	0.0878643946027423
46.7	0.08786439460273679
46.8	0.08786439460274025
46.9	0.0878643946027406
47.0	0.08786439460273923
47.1	0.08786439460273758
47.2	0.08786439460273635
47.3	0.08786439460273637
47.4	0.08786439460273957
47.5	0.08786439460273884
47.6	0.0878643946027388
47.7	0.08786439460274242
47.8	0.08786439460273777
47.9	0.0878643946027365
48.0	0.08786439460273988
48.1	0.08786439460273923
48.2	0.08786439460274119
48.3	0.0878643946027386
48.4	0.08786439460273919
48.5	0.08786439460273984
48.6	0.08786439460273801
48.7	0.08786439460273991
48.8	0.08786439460273966
48.9	0.08786439460273467
49.0	0.0878643946027401
49.1	0.08786439460273728
49.2	0.08786439460273993
49.3	0.08786439460273968
49.4	0.08786439460273811
49.5	0.0878643946027384
49.6	0.0878643946027395
49.7	0.08786439460273839
49.8	0.08786439460273814
49.9	0.08786439460273913
50.0	0.08786439460273779
50.1	0.08786439460273894
50.2	0.08786439460273983
50.3	0.08786439460273653
50.4	0.08786439460273632
50.5	0.08786439460273658
50.6	0.08786439460273647
50.7	0.08786439460273872
50.8	0.08786439460274126
50.9	0.08786439460273714
51.0	0.08786439460273428
51.1	0.08786439460273887
51.2	0.08786439460273932
51.3	0.08786439460273582
51.4	0.0878643946027341
51.5	0.0878643946027362
51.6	0.08786439460274093
51.7	0.08786439460273987
51.8	0.08786439460274093
51.9	0.08786439460273938
52.0	0.08786439460273854
52.1	0.08786439460274076
52.2	0.08786439460273646
52.3	0.08786439460273925
52.4	0.08786439460273873
52.5	0.08786439460273829
52.6	0.0878643946027409
52.7	0.08786439460273882
52.8	0.08786439460273684
52.9	0.08786439460273679
53.0	0.08786439460273929
53.1	0.08786439460273741
53.2	0.0878643946027377
53.3	0.08786439460273894
53.4	0.08786439460273894
53.5	0.08786439460274036
53.6	0.08786439460273741
53.7	0.08786439460273826
53.8	0.08786439460274002
53.9	0.08786439460274106
54.0	0.0878643946027361
54.1	0.08786439460273743
54.2	0.0878643946027392
54.3	0.08786439460274115
54.4	0.08786439460273779
54.5	0.08786439460273826
54.6	0.08786439460273567
54.7	0.08786439460273875
54.8	0.08786439460274025
54.9	0.0878643946027366
55.0	0.08786439460273875
55.1	0.08786439460273604
55.2	0.08786439460273845
55.3	0.08786439460273772
55.4	0.08786439460273784
55.5	0.08786439460273854
55.6	0.08786439460273793
55.7	0.08786439460274136
55.8	0.08786439460273951
55.9	0.08786439460273988
56.0	0.0878643946027357
56.1	0.08786439460273618
56.2	0.08786439460274081
56.3	0.0878643946027379
56.4	0.08786439460273504
56.5	0.08786439460273687
56.6	0.08786439460273919
56.7	0.08786439460274119
56.8	0.08786439460273605
56.9	0.08786439460274077
57.0	0.0878643946027404
57.1	0.08786439460273629
57.2	0.08786439460273957
57.3	0.08786439460274134
57.4	0.08786439460273933
57.5	0.08786439460273998
57.6	0.0878643946027394
57.7	0.08786439460273973
57.8	0.08786439460273919
57.9	0.08786439460274273
58.0	0.08786439460273658
58.1	0.0878643946027371
58.2	0.087864394602739
58.3	0.08786439460273826
58.4	0.08786439460273718
58.5	0.0878643946027387
58.6	0.08786439460273862
58.7	0.08786439460273883
58.8	0.08786439460273904
58.9	0.08786439460273958
59.0	0.08786439460273712
59.1	0.08786439460273572
59.2	0.08786439460273493
59.3	0.08786439460273791
59.4	0.08786439460273872
59.5	0.08786439460274151
59.6	0.08786439460273901
59.7	0.08786439460274119
59.8	0.08786439460273832
59.9	0.08786439460273837
60.0	0.08786439460274054
60.1	0.08786439460273748
60.2	0.08786439460273929
60.3	0.08786439460273604
60.4	0.08786439460273486
60.5	0.08786439460273676
60.6	0.08786439460273765
60.7	0.08786439460274062
60.8	0.08786439460274162
60.9	0.08786439460274159
61.0	0.0878643946027384
61.1	0.08786439460273789
61.2	0.08786439460273869
61.3	0.08786439460273793
61.4	0.08786439460274313
61.5	0.08786439460273768
61.6	0.08786439460273747
61.7	0.08786439460273644
61.8	0.08786439460273748
61.9	0.08786439460273755
62.0	0.08786439460273879
62.1	0.08786439460274005
62.2	0.08786439460273714
62.3	0.0878643946027401
62.4	0.08786439460273364
62.5	0.08786439460273739
62.6	0.08786439460273858
62.7	0.087864394602737
62.8	0.08786439460273915
62.9	0.08786439460273915
63.0	0.08786439460273777
63.1	0.0878643946027365
63.2	0.08786439460273844
63.3	0.08786439460273879
63.4	0.08786439460273865
63.5	0.08786439460274037
63.6	0.08786439460273844
63.7	0.08786439460273512
63.8	0.08786439460273786
63.9	0.08786439460273548
64.0	0.08786439460273793
64.1	0.08786439460274323
64.2	0.08786439460274156
64.3	0.08786439460274058
64.4	0.08786439460273981
64.5	0.08786439460273662
64.6	0.0878643946027362
64.7	0.08786439460273827
64.8	0.08786439460273787
64.9	0.08786439460274006
65.0	0.08786439460273923
65.1	0.08786439460273648
65.2	0.0878643946027386
65.3	0.08786439460273734
65.4	0.08786439460273958
65.5	0.08786439460273868
65.6	0.08786439460273937
65.7	0.08786439460273397
65.8	0.08786439460273807
65.9	0.08786439460273764
66.0	0.08786439460273424
66.1	0.08786439460273701
66.2	0.08786439460274163
66.3	0.0878643946027384
66.4	0.08786439460273693
66.5	0.08786439460274155
66.6	0.08786439460274025
66.7	0.08786439460273879
66.8	0.08786439460274104
66.9	0.08786439460273666
67.0	0.08786439460273661
67.1	0.08786439460273568
67.2	0.08786439460273726
67.3	0.08786439460273847
67.4	0.08786439460274113
67.5	0.0878643946027422
67.6	0.08786439460273639
67.7	0.08786439460273582
67.8	0.08786439460274194
67.9	0.08786439460273691
68.0	0.08786439460274156
68.1	0.0878643946027372
68.2	0.08786439460273987
68.3	0.08786439460273845
68.4	0.08786439460273875
68.5	0.08786439460274077
68.6	0.08786439460273791
68.7	0.0878643946027356
68.8	0.087864394602739
68.9	0.08786439460273636
69.0	0.08786439460273705
69.1	0.08786439460274027
69.2	0.0878643946027379
69.3	0.0878643946027404
69.4	0.08786439460274055
69.5	0.08786439460273784
69.6	0.08786439460273814
69.7	0.08786439460273729
69.8	0.0878643946027376
69.9	0.08786439460273945
70.0	0.08786439460274253
70.1	0.08786439460273635
70.2	0.08786439460274052
70.3	0.0878643946027377
70.4	0.08786439460273701
70.5	0.0878643946027397
70.6	0.08786439460273848
70.7	0.08786439460273784
70.8	0.0878643946027375
70.9	0.0878643946027409
71.0	0.08786439460273918
71.1	0.08786439460273951
71.2	0.08786439460274101
71.3	0.0878643946027397
71.4	0.0878643946027377
71.5	0.08786439460273662
71.6	0.08786439460273902
71.7	0.08786439460273633
71.8	0.08786439460273851
71.9	0.08786439460274109
72.0	0.08786439460274055
72.1	0.08786439460274045
72.2	0.08786439460274005
72.3	0.08786439460273938
72.4	0.08786439460273836
72.5	0.08786439460273837
72.6	0.08786439460274004
72.7	0.08786439460273622
72.8	0.08786439460274179
72.9	0.08786439460274055
73.0	0.08786439460273715
73.1	0.08786439460273587
73.2	0.08786439460273439
73.3	0.08786439460273557
73.4	0.08786439460273995
73.5	0.08786439460273643
73.6	0.08786439460273979
73.7	0.0878643946027404
73.8	0.08786439460273723
73.9	0.08786439460274004
74.0	0.08786439460273858
74.1	0.08786439460273861
74.2	0.08786439460273679
74.3	0.08786439460273832
74.4	0.08786439460273808
74.5	0.08786439460273614
74.6	0.08786439460274026
74.7	0.08786439460273911
74.8	0.08786439460273683
74.9	0.08786439460273734
75.0	0.08786439460273981
75.1	0.08786439460274076
75.2	0.08786439460274291
75.3	0.0878643946027373
75.4	0.0878643946027439
75.5	0.0878643946027416
75.6	0.08786439460274077
75.7	0.08786439460273855
75.8	0.08786439460274181
75.9	0.08786439460273765
76.0	0.08786439460273855
76.1	0.08786439460273725
76.2	0.08786439460273847
76.3	0.08786439460273383
76.4	0.08786439460273981
76.5	0.08786439460273816
76.6	0.08786439460274048
76.7	0.08786439460274084
76.8	0.08786439460273784
76.9	0.08786439460273454
77.0	0.08786439460274031
77.1	0.0878643946027362
77.2	0.08786439460273826
77.3	0.08786439460273947
77.4	0.08786439460274055
77.5	0.08786439460274001
77.6	0.08786439460273769
77.7	0.08786439460273898
77.8	0.08786439460274165
77.9	0.08786439460273887
78.0	0.0878643946027394
78.1	0.0878643946027403
78.2	0.08786439460273894
78.3	0.0878643946027385
78.4	0.0878643946027399
78.5	0.08786439460273819
78.6	0.0878643946027431
78.7	0.08786439460273889
78.8	0.08786439460273947
78.9	0.0878643946027423
79.0	0.08786439460274068
79.1	0.08786439460273679
79.2	0.08786439460273737
79.3	0.08786439460274045
79.4	0.08786439460274165
79.5	0.08786439460273851
79.6	0.08786439460273825
79.7	0.08786439460273576
79.8	0.08786439460274012
79.9	0.0878643946027375
80.0	0.0878643946027406
80.1	0.0878643946027405
80.2	0.08786439460273993
80.3	0.08786439460273585
80.4	0.08786439460274059
80.5	0.0878643946027382
80.6	0.08786439460273997
80.7	0.08786439460273605
80.8	0.08786439460273751
80.9	0.08786439460274013
81.0	0.08786439460273593
81.1	0.08786439460273948
81.2	0.08786439460273897
81.3	0.0878643946027394
81.4	0.08786439460273822
81.5	0.08786439460274159
81.6	0.08786439460273926
81.7	0.08786439460273847
81.8	0.08786439460273837
81.9	0.08786439460274033
82.0	0.0878643946027393
82.1	0.08786439460273844
82.2	0.08786439460274167
82.3	0.08786439460273905
82.4	0.08786439460273936
82.5	0.08786439460274005
82.6	0.08786439460273998
82.7	0.08786439460273864
82.8	0.08786439460274165
82.9	0.08786439460273882
83.0	0.08786439460273784
83.1	0.08786439460273684
83.2	0.08786439460274022
83.3	0.08786439460274023
83.4	0.08786439460274104
83.5	0.0878643946027375
83.6	0.08786439460273807
83.7	0.08786439460273773
83.8	0.08786439460273893
83.9	0.08786439460273997
84.0	0.08786439460274202
84.1	0.08786439460273984
84.2	0.08786439460273814
84.3	0.08786439460273872
84.4	0.08786439460273894
84.5	0.08786439460273907
84.6	0.08786439460273926
84.7	0.08786439460273887
84.8	0.08786439460273854
84.9	0.08786439460274237
85.0	0.08786439460274187
85.1	0.08786439460273862
85.2	0.08786439460273877
85.3	0.08786439460273811
85.4	0.08786439460273612
85.5	0.08786439460273712
85.6	0.0878643946027376
85.7	0.08786439460274154
85.8	0.08786439460273879
85.9	0.08786439460274
86.0	0.08786439460273496
86.1	0.08786439460273826
86.2	0.08786439460274018
86.3	0.08786439460273958
86.4	0.08786439460273542
86.5	0.08786439460273823
86.6	0.08786439460274036
86.7	0.08786439460274256
86.8	0.08786439460274044
86.9	0.08786439460273857
87.0	0.08786439460273889
87.1	0.08786439460274026
87.2	0.087864394602737
87.3	0.08786439460273883
87.4	0.08786439460274034
87.5	0.08786439460273814
87.6	0.08786439460273855
87.7	0.0878643946027366
87.8	0.08786439460273748
87.9	0.08786439460273748
88.0	0.08786439460273791
88.1	0.08786439460273876
88.2	0.0878643946027408
88.3	0.08786439460273665
88.4	0.08786439460274094
88.5	0.08786439460273678
88.6	0.08786439460273934
88.7	0.08786439460274217
88.8	0.08786439460273918
88.9	0.08786439460273988
89.0	0.08786439460273875
89.1	0.08786439460273607
89.2	0.08786439460273741
89.3	0.08786439460273938
89.4	0.08786439460273714
89.5	0.08786439460273593
89.6	0.08786439460273676
89.7	0.0878643946027403
89.8	0.08786439460274147
89.9	0.08786439460274222
90.0	0.08786439460274062
90.1	0.0878643946027396
90.2	0.08786439460274192
90.3	0.08786439460274179
90.4	0.08786439460273926
90.5	0.08786439460273847
90.6	0.08786439460273986
90.7	0.08786439460273941
90.8	0.0878643946027391
90.9	0.08786439460273654
91.0	0.0878643946027407
91.1	0.08786439460274029
91.2	0.08786439460273965
91.3	0.08786439460273954
91.4	0.0878643946027366
91.5	0.08786439460274025
91.6	0.08786439460273743
91.7	0.08786439460273701
91.8	0.08786439460274112
91.9	0.08786439460274076
92.0	0.08786439460273493
92.1	0.08786439460273805
92.2	0.08786439460273965
92.3	0.08786439460274059
92.4	0.08786439460273777
92.5	0.08786439460273897
92.6	0.0878643946027344
92.7	0.08786439460273615
92.8	0.08786439460273834
92.9	0.08786439460274079
93.0	0.08786439460273722
93.1	0.087864394602741
93.2	0.0878643946027411
93.3	0.0878643946027368
93.4	0.08786439460274077
93.5	0.0878643946027392
93.6	0.08786439460273812
93.7	0.08786439460273925
93.8	0.08786439460273801
93.9	0.0878643946027393
94.0	0.08786439460273818
94.1	0.08786439460273654
94.2	0.08786439460273889
94.3	0.08786439460273877
94.4	0.08786439460273929
94.5	0.08786439460273843
94.6	0.08786439460274031
94.7	0.08786439460273787
94.8	0.08786439460273887
94.9	0.08786439460273575
95.0	0.08786439460273973
95.1	0.08786439460274098
95.2	0.08786439460273793
95.3	0.0878643946027359
95.4	0.08786439460274136
95.5	0.08786439460273755
95.6	0.0878643946027377
95.7	0.08786439460273945
95.8	0.08786439460273705
95.9	0.08786439460273748
96.0	0.08786439460273773
96.1	0.08786439460273784
96.2	0.087864394602737
96.3	0.08786439460274008
96.4	0.08786439460274355
96.5	0.0878643946027408
96.6	0.08786439460273966
96.7	0.08786439460273897
96.8	0.08786439460274098
96.9	0.0878643946027405
97.0	0.08786439460273997
97.1	0.08786439460274
97.2	0.08786439460273876
97.3	0.08786439460273929
97.4	0.08786439460273993
97.5	0.08786439460273508
97.6	0.08786439460273544
97.7	0.08786439460273761
97.8	0.0878643946027402
97.9	0.08786439460273954
98.0	0.08786439460273616
98.1	0.08786439460273857
98.2	0.0878643946027392
98.3	0.08786439460273805
98.4	0.08786439460273972
98.5	0.08786439460274031
98.6	0.08786439460273884
98.7	0.08786439460273887
98.8	0.08786439460273705
98.9	0.08786439460274054
99.0	0.08786439460273684
99.1	0.08786439460273916
99.2	0.08786439460273796
99.3	0.08786439460274144
99.4	0.08786439460273861
99.5	0.08786439460273701
99.6	0.08786439460273887
99.7	0.08786439460273919
99.8	0.08786439460273879
99.9	0.08786439460273837
100.0	0.087864394602738
