0.0 	 0.0 
0.1 	 0.00487655465199049 
0.2 	 0.014754022930089842 
0.3 	 0.02614316619364125 
0.4 	 0.036892065196700706 
0.5 	 0.045580773949858135 
0.6 	 0.05136220289145972 
0.7 	 0.053871937337643366 
0.8 	 0.053157716521059106 
0.9 	 0.04961382670361997 
1.0 	 0.0439118416915438 
1.1 	 0.036922073113351876 
1.2 	 0.029623716908032505 
1.3 	 0.02300454477233794 
1.4 	 0.017947883224413617 
1.5 	 0.0150914881881996 
1.6 	 0.014652290169937968 
1.7 	 0.016325764670664905 
1.8 	 0.01942625387323678 
1.9 	 0.02316476254890817 
2.0 	 0.02684268824348261 
2.1 	 0.029930555972742558 
2.2 	 0.03208762732887498 
2.3 	 0.0331564053024429 
2.4 	 0.033144141010956564 
2.5 	 0.03219540483789912 
2.6 	 0.030557549332232432 
2.7 	 0.028540530819109566 
2.8 	 0.02647280879849429 
2.9 	 0.02465648007209501 
3.0 	 0.023325358390857625 
3.1 	 0.022613301198650296 
3.2 	 0.022540219996015114 
3.3 	 0.023021464316192546 
3.4 	 0.02389761314332434 
3.5 	 0.024974149842230765 
3.6 	 0.026059221096175145 
3.7 	 0.02699245962302534 
3.8 	 0.027661581627722656 
3.9 	 0.028009490749714396 
4.0 	 0.028032859929774785 
4.1 	 0.02777426683555833 
4.2 	 0.02730991903311993 
4.3 	 0.02673480655046313 
4.4 	 0.02614714097673698 
4.5 	 0.025633981202033734 
4.6 	 0.025259879093034954 
4.7 	 0.025059891289218535 
4.8 	 0.02503849049655383 
4.9 	 0.025172531440532844 
5.0 	 0.025419284907475498 
5.1 	 0.025725688798541244 
5.2 	 0.026037912706633914 
5.3 	 0.02630971484017192 
5.4 	 0.026507445253981077 
5.5 	 0.026613147582661773 
5.6 	 0.026624816003595012 
5.7 	 0.026554297914887 
5.8 	 0.026423592937855865 
5.9 	 0.02626026654657779 
6.0 	 0.026092711363698434 
6.1 	 0.025945925643099898 
6.2 	 0.025838342490821835 
6.3 	 0.025779784192539762 
6.4 	 0.025771929274973203 
6.5 	 0.02580836656308594 
6.6 	 0.025877319891330505 
6.7 	 0.02596396407326041 
6.8 	 0.026053055565968795 
6.9 	 0.026131509865286333 
7.0 	 0.026189448097549813 
7.1 	 0.02622137991289223 
7.2 	 0.02622642885085449 
7.3 	 0.0262077630736158 
7.4 	 0.026171535803367247 
7.5 	 0.026125556037705843 
7.6 	 0.026077917660453302 
7.7 	 0.026035787529946314 
7.8 	 0.02600450219211467 
7.9 	 0.025987054308597664 
8.0 	 0.02598397897621931 
8.1 	 0.025993631617216434 
8.2 	 0.02601275815815606 
8.3 	 0.026037201644749725 
8.4 	 0.026062633792241652 
8.5 	 0.026085206609405137 
8.6 	 0.02610204171373745 
8.7 	 0.0261115098283529 
8.8 	 0.0261132894564804 
8.9 	 0.026108226451971108 
9.0 	 0.02609804236975487 
9.1 	 0.02608495755796149 
9.2 	 0.026071297658326234 
9.3 	 0.026059140345717813 
9.4 	 0.026050046531632863 
9.5 	 0.02604490467953726 
9.6 	 0.026043896332870225 
9.7 	 0.02604657112945355 
9.8 	 0.026052004397626102 
9.9 	 0.02605900171284699 
10.0 	 0.026066313096839686 
10.1 	 0.026072824058922056 
10.2 	 0.026077699148200448 
10.3 	 0.026080463807947093 
10.4 	 0.026081021190020346 
10.5 	 0.026079610958083053 
10.6 	 0.026076724889412987 
10.7 	 0.026072998188819425 
10.8 	 0.026069095993330203 
10.9 	 0.026065612218964557 
11.0 	 0.026062993543264818 
11.1 	 0.02606149585597904 
11.2 	 0.026061174797015092 
11.3 	 0.02606190679508729 
11.4 	 0.026063433051145814 
11.5 	 0.026065416695938173 
11.6 	 0.026067502945216002 
11.7 	 0.026069373171875205 
11.8 	 0.02607078599275646 
11.9 	 0.02607160129103489 
12.0 	 0.026071786111357284 
12.1 	 0.026071404133330978 
12.2 	 0.02607059257900359 
12.3 	 0.026069531694011567 
12.4 	 0.02606841229245188 
12.5 	 0.02606740636306317 
12.6 	 0.026066644597983978 
12.7 	 0.026066203165758278 
12.8 	 0.0260661003731315 
12.9 	 0.026066302306685524 
13.0 	 0.026066735340479787 
13.1 	 0.026067302676546212 
13.2 	 0.026067901896269237 
13.3 	 0.02606844078906441 
13.4 	 0.02606884937714101 
13.5 	 0.026069086920703217 
13.6 	 0.02606914360800366 
13.7 	 0.026069037465838156 
13.8 	 0.026068807651459164 
13.9 	 0.026068505646328524 
14.0 	 0.026068185949606564 
14.1 	 0.02606789770166556 
14.2 	 0.02606767831773898 
14.3 	 0.026067549758202566 
14.4 	 0.026067517587601403 
14.5 	 0.026067572548089578 
14.6 	 0.02606769405160977 
14.7 	 0.026067854806336253 
14.8 	 0.02606802574545157 
14.9 	 0.02606818050364311 
15.0 	 0.026068298860242384 
15.1 	 0.02606836879894925 
15.2 	 0.026068387082787636 
15.3 	 0.026068358470816497 
15.4 	 0.02606829388220409 
15.5 	 0.026068207923019383 
15.6 	 0.02606811622587026 
15.7 	 0.026068033017392845 
15.8 	 0.026067969237524052 
15.9 	 0.02606793140869223 
16.0 	 0.026067921314704805 
16.1 	 0.026067936421687168 
16.2 	 0.02606797087286205 
16.3 	 0.02606801682814412 
16.4 	 0.02606806590120607 
16.5 	 0.026068110467978953 
16.6 	 0.026068144672377152 
16.7 	 0.026068165025552606 
16.8 	 0.026068170570374687 
16.9 	 0.02606816265095351 
17.0 	 0.02606814437961795 
17.1 	 0.02606811992427501 
17.2 	 0.026068093746641343 
17.3 	 0.02606806990982372 
17.4 	 0.026068051545514195 
17.5 	 0.026068040534562055 
17.6 	 0.026068037415641242 
17.7 	 0.02606804150184841 
17.8 	 0.0260680511578306 
17.9 	 0.02606806417418676 
18.0 	 0.02606807817098894 
18.1 	 0.026068090968035126 
18.2 	 0.026068100873055538 
18.3 	 0.02606810685795973 
18.4 	 0.026068108613550516 
18.5 	 0.026068106491774226 
18.6 	 0.026068101359995988 
18.7 	 0.026068094400729894 
18.8 	 0.02606808689379503 
18.9 	 0.02606808001522468 
19.0 	 0.02606807467997508 
19.1 	 0.02606807144537019 
19.2 	 0.026068070480923126 
19.3 	 0.02606807159929311 
19.4 	 0.0260680743353717 
19.5 	 0.026068078054694778 
19.6 	 0.026068082070993637 
19.7 	 0.026068085754295284 
19.8 	 0.026068088614974505 
19.9 	 0.026068090354918538 
20.0 	 0.02606809088312697 
20.1 	 0.026068090298707953 
20.2 	 0.026068088848602157 
20.3 	 0.02606808686993078 
20.4 	 0.026068084727756045 
20.5 	 0.026068082757792432 
20.6 	 0.026068081221957796 
20.7 	 0.026068080280963916 
20.8 	 0.026068079985747797 
20.9 	 0.02606808028597563 
21.0 	 0.026068081051968128 
21.1 	 0.02606808210500982 
21.2 	 0.02606808325037589 
21.3 	 0.02606808430788598 
21.4 	 0.026068085136047223 
21.5 	 0.026068085647092662 
21.6 	 0.02606808581207185 
21.7 	 0.026068085656673793 
21.8 	 0.02606808524967609 
21.9 	 0.026068084686728176 
22.0 	 0.026068084072551345 
22.1 	 0.02606808350428296 
22.2 	 0.026068083058386024 
22.3 	 0.02606808278238365 
22.4 	 0.026068082692080396 
22.5 	 0.026068082773810886 
22.6 	 0.026068082990709465 
22.7 	 0.02606808329146378 
22.8 	 0.026068083619965505 
22.9 	 0.026068083924184977 
23.0 	 0.026068084163220265 
23.1 	 0.02606808431165925 
23.2 	 0.026068084361007347 
23.3 	 0.02606808431846578 
23.4 	 0.02606808420359045 
23.5 	 0.026068084043644836 
23.6 	 0.026068083868452142 
23.7 	 0.026068083705748764 
23.8 	 0.026068083577417422 
23.9 	 0.0260680834971592 
24.0 	 0.026068083469726788 
24.1 	 0.026068083491453734 
24.2 	 0.02606808355210143 
24.3 	 0.02606808363723077 
24.4 	 0.026068083730881843 
24.5 	 0.02606808381821954 
24.6 	 0.02606808388740544 
24.7 	 0.026068083930953924 
24.8 	 0.02606808394620575 
24.9 	 0.026068083935003337 
25.0 	 0.02606808390278493 
25.1 	 0.02606808385728637 
25.2 	 0.02606808380706956 
25.3 	 0.026068083760156974 
25.4 	 0.02606808372292295 
25.5 	 0.026068083699413495 
25.6 	 0.026068083691085563 
25.7 	 0.026068083696972187 
25.8 	 0.026068083714125757 
25.9 	 0.026068083738427977 
26.0 	 0.026068083765275418 
26.1 	 0.026068083790388927 
26.2 	 0.02606808381034581 
26.3 	 0.026068083822982348 
26.4 	 0.02606808382752847 
26.5 	 0.02606808382447403 
26.6 	 0.02606808381540302 
26.7 	 0.026068083802482975 
26.8 	 0.026068083788166257 
26.9 	 0.02606808377473671 
27.0 	 0.02606808376401844 
27.1 	 0.02606808375719288 
27.2 	 0.02606808375467467 
27.3 	 0.02606808375621921 
27.4 	 0.026068083761010247 
27.5 	 0.02606808376787945 
27.6 	 0.026068083775539035 
27.7 	 0.026068083782746707 
27.8 	 0.026068083788522635 
27.9 	 0.026068083792222856 
28.0 	 0.02606808379361679 
28.1 	 0.02606808379282288 
28.2 	 0.026068083790284 
28.3 	 0.026068083786609582 
28.4 	 0.026068083782504175 
28.5 	 0.026068083778630662 
28.6 	 0.026068083775521174 
28.7 	 0.02606808377352661 
28.8 	 0.026068083772773844 
28.9 	 0.02606808377318217 
29.0 	 0.026068083774534682 
29.1 	 0.026068083776499582 
29.2 	 0.026068083778689497 
29.3 	 0.026068083780763293 
29.4 	 0.026068083782425623 
29.5 	 0.026068083783503216 
29.6 	 0.02606808378390909 
29.7 	 0.026068083783702907 
29.8 	 0.02606808378298114 
29.9 	 0.026068083781941392 
30.0 	 0.0260680837807753 
30.1 	 0.026068083779664075 
30.2 	 0.0260680837787693 
30.3 	 0.026068083778194907 
30.4 	 0.02606808377796651 
30.5 	 0.02606808377806759 
30.6 	 0.02606808377844999 
30.7 	 0.026068083779003888 
30.8 	 0.026068083779631334 
30.9 	 0.026068083780216515 
31.0 	 0.026068083780703653 
31.1 	 0.026068083781018058 
31.2 	 0.02606808378114758 
31.3 	 0.026068083781093578 
31.4 	 0.026068083780892093 
31.5 	 0.02606808378059392 
31.6 	 0.026068083780255845 
31.7 	 0.0260680837799405 
31.8 	 0.026068083779679094 
31.9 	 0.026068083779509865 
32.0 	 0.026068083779442735 
32.1 	 0.026068083779470074 
32.2 	 0.026068083779571816 
32.3 	 0.026068083779739085 
32.4 	 0.026068083779914878 
32.5 	 0.026068083780084492 
32.6 	 0.02606808378022459 
32.7 	 0.02606808378032022 
32.8 	 0.02606808378035239 
32.9 	 0.026068083780345346 
33.0 	 0.026068083780281616 
33.1 	 0.02606808378019837 
33.2 	 0.026068083780098915 
33.3 	 0.026068083780010257 
33.4 	 0.026068083779939834 
33.5 	 0.026068083779888573 
33.6 	 0.02606808377986609 
33.7 	 0.026068083779871545 
33.8 	 0.026068083779904543 
33.9 	 0.026068083779948292 
34.0 	 0.02606808378000193 
34.1 	 0.02606808378004937 
34.2 	 0.026068083780088448 
34.3 	 0.026068083780109337 
34.4 	 0.026068083780122115 
34.5 	 0.02606808378012262 
34.6 	 0.026068083780108848 
34.7 	 0.026068083780087153 
34.8 	 0.02606808378006245 
34.9 	 0.02606808378002908 
35.0 	 0.02606808378001174 
35.1 	 0.026068083779998554 
35.2 	 0.02606808377999115 
35.3 	 0.02606808377998941 
35.4 	 0.02606808377999825 
35.5 	 0.026068083780010087 
35.6 	 0.026068083780031445 
35.7 	 0.02606808378003693 
35.8 	 0.026068083780053233 
35.9 	 0.026068083780054624 
36.0 	 0.026068083780063887 
36.1 	 0.02606808378005917 
36.2 	 0.026068083780059845 
36.3 	 0.02606808378005359 
36.4 	 0.02606808378004565 
36.5 	 0.026068083780036444 
36.6 	 0.0260680837800355 
36.7 	 0.02606808378001714 
36.8 	 0.026068083780022115 
36.9 	 0.02606808378001965 
37.0 	 0.026068083780031285 
37.1 	 0.026068083780032947 
37.2 	 0.02606808378002913 
37.3 	 0.026068083780030345 
37.4 	 0.026068083780047505 
37.5 	 0.026068083780044927 
37.6 	 0.02606808378004299 
37.7 	 0.026068083780038855 
37.8 	 0.026068083780043955 
37.9 	 0.026068083780039684 
38.0 	 0.026068083780040167 
38.1 	 0.02606808378003137 
38.2 	 0.02606808378003655 
38.3 	 0.026068083780028128 
38.4 	 0.02606808378003067 
38.5 	 0.026068083780035545 
38.6 	 0.026068083780032638 
38.7 	 0.026068083780033932 
38.8 	 0.026068083780034765 
38.9 	 0.02606808378003706 
39.0 	 0.026068083780035105 
39.1 	 0.02606808378003263 
39.2 	 0.026068083780035334 
39.3 	 0.026068083780039823 
39.4 	 0.026068083780037398 
39.5 	 0.026068083780034376 
39.6 	 0.026068083780037745 
39.7 	 0.02606808378003846 
39.8 	 0.026068083780041842 
39.9 	 0.02606808378003696 
40.0 	 0.026068083780033724 
40.1 	 0.02606808378003929 
40.2 	 0.0260680837800392 
40.3 	 0.0260680837800395 
40.4 	 0.0260680837800326 
40.5 	 0.02606808378003995 
40.6 	 0.026068083780046332 
40.7 	 0.02606808378003288 
40.8 	 0.02606808378003887 
40.9 	 0.026068083780039462 
41.0 	 0.026068083780046113 
41.1 	 0.026068083780036003 
41.2 	 0.02606808378004298 
41.3 	 0.026068083780040215 
41.4 	 0.026068083780037027 
41.5 	 0.02606808378003926 
41.6 	 0.026068083780032933 
41.7 	 0.02606808378003434 
41.8 	 0.0260680837800396 
41.9 	 0.026068083780033828 
42.0 	 0.026068083780037467 
42.1 	 0.026068083780037384 
42.2 	 0.02606808378003104 
42.3 	 0.026068083780034706 
42.4 	 0.02606808378003737 
42.5 	 0.026068083780038852 
42.6 	 0.026068083780037294 
42.7 	 0.026068083780035757 
42.8 	 0.026068083780031982 
42.9 	 0.02606808378003516 
43.0 	 0.026068083780036427 
43.1 	 0.02606808378004012 
43.2 	 0.026068083780031177 
43.3 	 0.026068083780036364 
43.4 	 0.02606808378003617 
43.5 	 0.02606808378004124 
43.6 	 0.02606808378003731 
43.7 	 0.02606808378004232 
43.8 	 0.02606808378003871 
43.9 	 0.02606808378003938 
44.0 	 0.02606808378003006 
44.1 	 0.02606808378003316 
44.2 	 0.02606808378003616 
44.3 	 0.026068083780034768 
44.4 	 0.026068083780036895 
44.5 	 0.0260680837800416 
44.6 	 0.02606808378003874 
44.7 	 0.026068083780034182 
44.8 	 0.026068083780027652 
44.9 	 0.026068083780038807 
45.0 	 0.026068083780040434 
45.1 	 0.0260680837800353 
45.2 	 0.026068083780037887 
45.3 	 0.026068083780036583 
45.4 	 0.026068083780035948 
45.5 	 0.026068083780034168 
45.6 	 0.026068083780036506 
45.7 	 0.02606808378003929 
45.8 	 0.026068083780036215 
45.9 	 0.026068083780034484 
46.0 	 0.026068083780035552 
46.1 	 0.026068083780037755 
46.2 	 0.02606808378003797 
46.3 	 0.026068083780033127 
46.4 	 0.026068083780036014 
46.5 	 0.026068083780040784 
46.6 	 0.026068083780034675 
46.7 	 0.026068083780035764 
46.8 	 0.02606808378003777 
46.9 	 0.02606808378003886 
47.0 	 0.02606808378003733 
47.1 	 0.026068083780032367 
47.2 	 0.02606808378003263 
47.3 	 0.02606808378003833 
47.4 	 0.026068083780029946 
47.5 	 0.02606808378003268 
47.6 	 0.026068083780040406 
47.7 	 0.026068083780030313 
47.8 	 0.02606808378003058 
47.9 	 0.026068083780034022 
48.0 	 0.026068083780037502 
48.1 	 0.02606808378003276 
48.2 	 0.026068083780031698 
48.3 	 0.02606808378003695 
48.4 	 0.02606808378003543 
48.5 	 0.0260680837800304 
48.6 	 0.026068083780036277 
48.7 	 0.026068083780039945 
48.8 	 0.026068083780041294 
48.9 	 0.026068083780035032 
49.0 	 0.02606808378003893 
49.1 	 0.026068083780030483 
49.2 	 0.026068083780032635 
49.3 	 0.02606808378003917 
49.4 	 0.026068083780040722 
49.5 	 0.026068083780035414 
49.6 	 0.026068083780035223 
49.7 	 0.026068083780035885 
49.8 	 0.026068083780039518 
49.9 	 0.02606808378003672 
50.0 	 0.026068083780035223 
50.1 	 0.026068083780031746 
50.2 	 0.026068083780036666 
50.3 	 0.0260680837800416 
50.4 	 0.02606808378004243 
50.5 	 0.026068083780035937 
50.6 	 0.02606808378003205 
50.7 	 0.026068083780037856 
50.8 	 0.026068083780032676 
50.9 	 0.02606808378003532 
51.0 	 0.02606808378003083 
51.1 	 0.026068083780038023 
51.2 	 0.026068083780035077 
51.3 	 0.026068083780037034 
51.4 	 0.026068083780038984 
51.5 	 0.026068083780035105 
51.6 	 0.026068083780042016 
51.7 	 0.026068083780037422 
51.8 	 0.026068083780037415 
51.9 	 0.026068083780036014 
52.0 	 0.026068083780039372 
52.1 	 0.026068083780045263 
52.2 	 0.026068083780034786 
52.3 	 0.026068083780039185 
52.4 	 0.026068083780034036 
52.5 	 0.026068083780034116 
52.6 	 0.026068083780037565 
52.7 	 0.02606808378002918 
52.8 	 0.02606808378003636 
52.9 	 0.02606808378003954 
53.0 	 0.0260680837800362 
53.1 	 0.026068083780038352 
53.2 	 0.026068083780036364 
53.3 	 0.02606808378003139 
53.4 	 0.02606808378003496 
53.5 	 0.026068083780037433 
53.6 	 0.026068083780038276 
53.7 	 0.026068083780033467 
53.8 	 0.02606808378003856 
53.9 	 0.02606808378004464 
54.0 	 0.02606808378003197 
54.1 	 0.02606808378003916 
54.2 	 0.026068083780040597 
54.3 	 0.02606808378003355 
54.4 	 0.026068083780035924 
54.5 	 0.02606808378003827 
54.6 	 0.026068083780036583 
54.7 	 0.026068083780029082 
54.8 	 0.026068083780039154 
54.9 	 0.02606808378003963 
55.0 	 0.02606808378003677 
55.1 	 0.026068083780028527 
55.2 	 0.026068083780031497 
55.3 	 0.026068083780036014 
55.4 	 0.026068083780040562 
55.5 	 0.02606808378004402 
55.6 	 0.026068083780033592 
55.7 	 0.02606808378002799 
55.8 	 0.026068083780044576 
55.9 	 0.026068083780038023 
56.0 	 0.02606808378003441 
56.1 	 0.026068083780035285 
56.2 	 0.026068083780037846 
56.3 	 0.026068083780029134 
56.4 	 0.02606808378003301 
56.5 	 0.026068083780035316 
56.6 	 0.026068083780041353 
56.7 	 0.026068083780039462 
56.8 	 0.026068083780033835 
56.9 	 0.02606808378003993 
57.0 	 0.026068083780039154 
57.1 	 0.02606808378003338 
57.2 	 0.026068083780041634 
57.3 	 0.026068083780037055 
57.4 	 0.02606808378003462 
57.5 	 0.026068083780037006 
57.6 	 0.02606808378003502 
57.7 	 0.02606808378003259 
57.8 	 0.02606808378003688 
57.9 	 0.02606808378004189 
58.0 	 0.02606808378003886 
58.1 	 0.02606808378003575 
58.2 	 0.026068083780041232 
58.3 	 0.02606808378004582 
58.4 	 0.026068083780036708 
58.5 	 0.026068083780033717 
58.6 	 0.026068083780032274 
58.7 	 0.02606808378003094 
58.8 	 0.026068083780035948 
58.9 	 0.026068083780035285 
59.0 	 0.026068083780038064 
59.1 	 0.0260680837800324 
59.2 	 0.026068083780033214 
59.3 	 0.026068083780036236 
59.4 	 0.0260680837800299 
59.5 	 0.026068083780034685 
59.6 	 0.02606808378003252 
59.7 	 0.026068083780039525 
59.8 	 0.026068083780032773 
59.9 	 0.026068083780037353 
60.0 	 0.026068083780038876 
60.1 	 0.02606808378003194 
60.2 	 0.026068083780034737 
60.3 	 0.026068083780038095 
60.4 	 0.02606808378003201 
60.5 	 0.026068083780034418 
60.6 	 0.02606808378003695 
60.7 	 0.02606808378004146 
60.8 	 0.026068083780034938 
60.9 	 0.026068083780033023 
61.0 	 0.026068083780038664 
61.1 	 0.02606808378003454 
61.2 	 0.026068083780037502 
61.3 	 0.02606808378004098 
61.4 	 0.026068083780032978 
61.5 	 0.026068083780034654 
61.6 	 0.026068083780039462 
61.7 	 0.026068083780042568 
61.8 	 0.02606808378003476 
61.9 	 0.02606808378003478 
62.0 	 0.02606808378003243 
62.1 	 0.026068083780036295 
62.2 	 0.026068083780036957 
62.3 	 0.02606808378003214 
62.4 	 0.026068083780037107 
62.5 	 0.026068083780034258 
62.6 	 0.02606808378003296 
62.7 	 0.02606808378003753 
62.8 	 0.026068083780030945 
62.9 	 0.026068083780034446 
63.0 	 0.02606808378004115 
63.1 	 0.02606808378003752 
63.2 	 0.02606808378003756 
63.3 	 0.026068083780040614 
63.4 	 0.026068083780041912 
63.5 	 0.026068083780038886 
63.6 	 0.02606808378004143 
63.7 	 0.026068083780031413 
63.8 	 0.02606808378003949 
63.9 	 0.02606808378003085 
64.0 	 0.02606808378003481 
64.1 	 0.02606808378003913 
64.2 	 0.02606808378003767 
64.3 	 0.026068083780042637 
64.4 	 0.02606808378004265 
64.5 	 0.026068083780041294 
64.6 	 0.02606808378003058 
64.7 	 0.026068083780040576 
64.8 	 0.026068083780043976 
64.9 	 0.026068083780045694 
65.0 	 0.026068083780040704 
65.1 	 0.026068083780040923 
65.2 	 0.026068083780039848 
65.3 	 0.02606808378003707 
65.4 	 0.02606808378003649 
65.5 	 0.026068083780038637 
65.6 	 0.026068083780032367 
65.7 	 0.026068083780035462 
65.8 	 0.02606808378003025 
65.9 	 0.026068083780034088 
66.0 	 0.0260680837800341 
66.1 	 0.026068083780035414 
66.2 	 0.02606808378003777 
66.3 	 0.026068083780038182 
66.4 	 0.02606808378003768 
66.5 	 0.026068083780041638 
66.6 	 0.02606808378003559 
66.7 	 0.026068083780033086 
66.8 	 0.026068083780038033 
66.9 	 0.02606808378003454 
67.0 	 0.026068083780035826 
67.1 	 0.026068083780038415 
67.2 	 0.026068083780036055 
67.3 	 0.026068083780034286 
67.4 	 0.02606808378004105 
67.5 	 0.02606808378004214 
67.6 	 0.026068083780035615 
67.7 	 0.026068083780033252 
67.8 	 0.02606808378003652 
67.9 	 0.02606808378002782 
68.0 	 0.026068083780035615 
68.1 	 0.02606808378003908 
68.2 	 0.026068083780035868 
68.3 	 0.026068083780040566 
68.4 	 0.02606808378003507 
68.5 	 0.026068083780035542 
68.6 	 0.026068083780036232 
68.7 	 0.026068083780041912 
68.8 	 0.026068083780043626 
68.9 	 0.026068083780037735 
69.0 	 0.026068083780037308 
69.1 	 0.02606808378003473 
69.2 	 0.026068083780041273 
69.3 	 0.026068083780031368 
69.4 	 0.026068083780034525 
69.5 	 0.026068083780032746 
69.6 	 0.026068083780038623 
69.7 	 0.026068083780040805 
69.8 	 0.02606808378003684 
69.9 	 0.02606808378003512 
70.0 	 0.02606808378003492 
70.1 	 0.026068083780036267 
70.2 	 0.026068083780035188 
70.3 	 0.02606808378003339 
70.4 	 0.02606808378003529 
70.5 	 0.02606808378002976 
70.6 	 0.02606808378003475 
70.7 	 0.026068083780037596 
70.8 	 0.026068083780033613 
70.9 	 0.026068083780033394 
71.0 	 0.0260680837800397 
71.1 	 0.026068083780037984 
71.2 	 0.02606808378003849 
71.3 	 0.026068083780032926 
71.4 	 0.026068083780032465 
71.5 	 0.0260680837800348 
71.6 	 0.026068083780038023 
71.7 	 0.02606808378003617 
71.8 	 0.026068083780036617 
71.9 	 0.02606808378003379 
72.0 	 0.026068083780037908 
72.1 	 0.026068083780037266 
72.2 	 0.026068083780035806 
72.3 	 0.02606808378003435 
72.4 	 0.026068083780033335 
72.5 	 0.026068083780042904 
72.6 	 0.026068083780037908 
72.7 	 0.026068083780035094 
72.8 	 0.026068083780035535 
72.9 	 0.026068083780034182 
73.0 	 0.026068083780039317 
73.1 	 0.026068083780038623 
73.2 	 0.02606808378003545 
73.3 	 0.026068083780033065 
73.4 	 0.026068083780035476 
73.5 	 0.026068083780040576 
73.6 	 0.026068083780035813 
73.7 	 0.026068083780034952 
73.8 	 0.026068083780040364 
73.9 	 0.026068083780040566 
74.0 	 0.026068083780034546 
74.1 	 0.026068083780037783 
74.2 	 0.026068083780037565 
74.3 	 0.026068083780040184 
74.4 	 0.026068083780041704 
74.5 	 0.026068083780032822 
74.6 	 0.026068083780036357 
74.7 	 0.02606808378003878 
74.8 	 0.026068083780031323 
74.9 	 0.02606808378003383 
75.0 	 0.02606808378003752 
75.1 	 0.026068083780037707 
75.2 	 0.026068083780036173 
75.3 	 0.026068083780035257 
75.4 	 0.026068083780038165 
75.5 	 0.026068083780041863 
75.6 	 0.026068083780031275 
75.7 	 0.026068083780036076 
75.8 	 0.02606808378003304 
75.9 	 0.026068083780038907 
76.0 	 0.02606808378003412 
76.1 	 0.026068083780037374 
76.2 	 0.02606808378003578 
76.3 	 0.026068083780031736 
76.4 	 0.026068083780041735 
76.5 	 0.026068083780039553 
76.6 	 0.026068083780040056 
76.7 	 0.02606808378003307 
76.8 	 0.02606808378003432 
76.9 	 0.026068083780038047 
77.0 	 0.026068083780040188 
77.1 	 0.02606808378003729 
77.2 	 0.02606808378003296 
77.3 	 0.026068083780039303 
77.4 	 0.026068083780039587 
77.5 	 0.026068083780039414 
77.6 	 0.026068083780041777 
77.7 	 0.02606808378003637 
77.8 	 0.02606808378004135 
77.9 	 0.026068083780036295 
78.0 	 0.026068083780036232 
78.1 	 0.02606808378003537 
78.2 	 0.026068083780034088 
78.3 	 0.026068083780034793 
78.4 	 0.026068083780033516 
78.5 	 0.026068083780038036 
78.6 	 0.02606808378003393 
78.7 	 0.02606808378003712 
78.8 	 0.026068083780041197 
78.9 	 0.026068083780033138 
79.0 	 0.026068083780042512 
79.1 	 0.02606808378004269 
79.2 	 0.026068083780039646 
79.3 	 0.026068083780038002 
79.4 	 0.026068083780035854 
79.5 	 0.026068083780035663 
79.6 	 0.026068083780040056 
79.7 	 0.02606808378004094 
79.8 	 0.026068083780035684 
79.9 	 0.026068083780040014 
80.0 	 0.02606808378003609 
80.1 	 0.02606808378003194 
80.2 	 0.02606808378004104 
80.3 	 0.026068083780040753 
80.4 	 0.02606808378003774 
80.5 	 0.026068083780040534 
80.6 	 0.026068083780035316 
80.7 	 0.026068083780040156 
80.8 	 0.026068083780031292 
80.9 	 0.026068083780038907 
81.0 	 0.02606808378003715 
81.1 	 0.026068083780031275 
81.2 	 0.026068083780041027 
81.3 	 0.026068083780042568 
81.4 	 0.026068083780033245 
81.5 	 0.026068083780033276 
81.6 	 0.0260680837800374 
81.7 	 0.026068083780037846 
81.8 	 0.026068083780041777 
81.9 	 0.0260680837800359 
82.0 	 0.026068083780033505 
82.1 	 0.02606808378003249 
82.2 	 0.02606808378004203 
82.3 	 0.02606808378003335 
82.4 	 0.0260680837800399 
82.5 	 0.026068083780035972 
82.6 	 0.026068083780036035 
82.7 	 0.0260680837800372 
82.8 	 0.02606808378003243 
82.9 	 0.026068083780034588 
83.0 	 0.026068083780033766 
83.1 	 0.026068083780035948 
83.2 	 0.026068083780037624 
83.3 	 0.026068083780038463 
83.4 	 0.026068083780042047 
83.5 	 0.02606808378003906 
83.6 	 0.026068083780042346 
83.7 	 0.026068083780042203 
83.8 	 0.026068083780033308 
83.9 	 0.026068083780034793 
84.0 	 0.026068083780037624 
84.1 	 0.026068083780036118 
84.2 	 0.026068083780035906 
84.3 	 0.026068083780037624 
84.4 	 0.026068083780035826 
84.5 	 0.026068083780036902 
84.6 	 0.02606808378004167 
84.7 	 0.026068083780038824 
84.8 	 0.026068083780039296 
84.9 	 0.026068083780032746 
85.0 	 0.02606808378003794 
85.1 	 0.026068083780037707 
85.2 	 0.02606808378003511 
85.3 	 0.02606808378002947 
85.4 	 0.02606808378003055 
85.5 	 0.026068083780031625 
85.6 	 0.026068083780033096 
85.7 	 0.026068083780037502 
85.8 	 0.026068083780036902 
85.9 	 0.02606808378003238 
86.0 	 0.02606808378003371 
86.1 	 0.026068083780034383 
86.2 	 0.026068083780038512 
86.3 	 0.026068083780033925 
86.4 	 0.026068083780033908 
86.5 	 0.026068083780035813 
86.6 	 0.026068083780034453 
86.7 	 0.02606808378003549 
86.8 	 0.026068083780040534 
86.9 	 0.026068083780034636 
87.0 	 0.026068083780036902 
87.1 	 0.026068083780037943 
87.2 	 0.026068083780031635 
87.3 	 0.026068083780038654 
87.4 	 0.026068083780033675 
87.5 	 0.02606808378003797 
87.6 	 0.02606808378004126 
87.7 	 0.026068083780033457 
87.8 	 0.02606808378003677 
87.9 	 0.02606808378003292 
88.0 	 0.02606808378003663 
88.1 	 0.026068083780032267 
88.2 	 0.02606808378003849 
88.3 	 0.026068083780035743 
88.4 	 0.02606808378003772 
88.5 	 0.02606808378004048 
88.6 	 0.026068083780043487 
88.7 	 0.026068083780036923 
88.8 	 0.026068083780033065 
88.9 	 0.026068083780039858 
89.0 	 0.02606808378003947 
89.1 	 0.026068083780035826 
89.2 	 0.026068083780033127 
89.3 	 0.026068083780034487 
89.4 	 0.026068083780040163 
89.5 	 0.026068083780034352 
89.6 	 0.02606808378003556 
89.7 	 0.026068083780041384 
89.8 	 0.026068083780036284 
89.9 	 0.02606808378003382 
90.0 	 0.02606808378003514 
90.1 	 0.026068083780034938 
90.2 	 0.026068083780034498 
90.3 	 0.026068083780040774 
90.4 	 0.02606808378004229 
90.5 	 0.02606808378003816 
90.6 	 0.026068083780035573 
90.7 	 0.0260680837800371 
90.8 	 0.02606808378003217 
90.9 	 0.026068083780039775 
91.0 	 0.026068083780035035 
91.1 	 0.026068083780032506 
91.2 	 0.026068083780038963 
91.3 	 0.026068083780032864 
91.4 	 0.026068083780035004 
91.5 	 0.026068083780034952 
91.6 	 0.026068083780034026 
91.7 	 0.026068083780035254 
91.8 	 0.026068083780031368 
91.9 	 0.02606808378003788 
92.0 	 0.026068083780034897 
92.1 	 0.02606808378003977 
92.2 	 0.026068083780033925 
92.3 	 0.026068083780038238 
92.4 	 0.026068083780033655 
92.5 	 0.026068083780040236 
92.6 	 0.02606808378003518 
92.7 	 0.026068083780035826 
92.8 	 0.026068083780036035 
92.9 	 0.026068083780041953 
93.0 	 0.026068083780029977 
93.1 	 0.026068083780031052 
93.2 	 0.026068083780036246 
93.3 	 0.026068083780030987 
93.4 	 0.02606808378003353 
93.5 	 0.026068083780031823 
93.6 	 0.0260680837800328 
93.7 	 0.026068083780035476 
93.8 	 0.026068083780029675 
93.9 	 0.026068083780041624 
94.0 	 0.026068083780037717 
94.1 	 0.026068083780037526 
94.2 	 0.026068083780037485 
94.3 	 0.026068083780037467 
94.4 	 0.026068083780039344 
94.5 	 0.026068083780036035 
94.6 	 0.026068083780038387 
94.7 	 0.026068083780040715 
94.8 	 0.02606808378003748 
94.9 	 0.026068083780030782 
95.0 	 0.02606808378003728 
95.1 	 0.026068083780030567 
95.2 	 0.026068083780034293 
95.3 	 0.02606808378004276 
95.4 	 0.026068083780037596 
95.5 	 0.026068083780032614 
95.6 	 0.026068083780038307 
95.7 	 0.026068083780035715 
95.8 	 0.026068083780025696 
95.9 	 0.026068083780040482 
96.0 	 0.026068083780035507 
96.1 	 0.026068083780032926 
96.2 	 0.026068083780035285 
96.3 	 0.02606808378003679 
96.4 	 0.02606808378003483 
96.5 	 0.026068083780036125 
96.6 	 0.026068083780040236 
96.7 	 0.026068083780035826 
96.8 	 0.02606808378003677 
96.9 	 0.02606808378004366 
97.0 	 0.026068083780034054 
97.1 	 0.026068083780040944 
97.2 	 0.026068083780036784 
97.3 	 0.026068083780041395 
97.4 	 0.026068083780040625 
97.5 	 0.026068083780034192 
97.6 	 0.026068083780038696 
97.7 	 0.026068083780039504 
97.8 	 0.0260680837800399 
97.9 	 0.02606808378003616 
98.0 	 0.026068083780036604 
98.1 	 0.02606808378003875 
98.2 	 0.026068083780036142 
98.3 	 0.0260680837800381 
98.4 	 0.026068083780029838 
98.5 	 0.026068083780039428 
98.6 	 0.026068083780037322 
98.7 	 0.026068083780040656 
98.8 	 0.02606808378003182 
98.9 	 0.026068083780036874 
99.0 	 0.026068083780033835 
99.1 	 0.026068083780032728 
99.2 	 0.026068083780042488 
99.3 	 0.026068083780041704 
99.4 	 0.026068083780033443 
99.5 	 0.026068083780042512 
99.6 	 0.026068083780040566 
99.7 	 0.02606808378003507 
99.8 	 0.02606808378003511 
99.9 	 0.026068083780031413 
100.0 	 0.02606808378004082 
100.1 	 0.026068083780031316 
100.2 	 0.026068083780036992 
100.3 	 0.0260680837800309 
100.4 	 0.026068083780033308 
100.5 	 0.026068083780044674 
100.6 	 0.026068083780037422 
100.7 	 0.026068083780038238 
100.8 	 0.02606808378003734 
100.9 	 0.02606808378003312 
101.0 	 0.02606808378003338 
101.1 	 0.02606808378003339 
101.2 	 0.026068083780033127 
101.3 	 0.026068083780043577 
101.4 	 0.02606808378003797 
101.5 	 0.026068083780036267 
101.6 	 0.026068083780038016 
101.7 	 0.026068083780037565 
101.8 	 0.02606808378003672 
101.9 	 0.026068083780039573 
102.0 	 0.02606808378003893 
102.1 	 0.026068083780040448 
102.2 	 0.02606808378003456 
102.3 	 0.026068083780042745 
102.4 	 0.026068083780030123 
102.5 	 0.026068083780036617 
102.6 	 0.026068083780037467 
102.7 	 0.026068083780033537 
102.8 	 0.026068083780030085 
102.9 	 0.026068083780038633 
103.0 	 0.026068083780037107 
103.1 	 0.026068083780037183 
103.2 	 0.02606808378003658 
103.3 	 0.02606808378003786 
103.4 	 0.026068083780035462 
103.5 	 0.02606808378004047 
103.6 	 0.02606808378003472 
103.7 	 0.026068083780033342 
103.8 	 0.026068083780037266 
103.9 	 0.026068083780035743 
104.0 	 0.02606808378003728 
104.1 	 0.026068083780034466 
104.2 	 0.026068083780035774 
104.3 	 0.026068083780038477 
104.4 	 0.026068083780035285 
104.5 	 0.026068083780037908 
104.6 	 0.02606808378003704 
104.7 	 0.0260680837800366 
104.8 	 0.026068083780036076 
104.9 	 0.026068083780043695 
105.0 	 0.026068083780023673 
105.1 	 0.026068083780036232 
105.2 	 0.026068083780038144 
105.3 	 0.02606808378003833 
105.4 	 0.026068083780034876 
105.5 	 0.026068083780032655 
105.6 	 0.02606808378003549 
105.7 	 0.026068083780034154 
105.8 	 0.026068083780033537 
105.9 	 0.026068083780038182 
106.0 	 0.02606808378003796 
106.1 	 0.026068083780043452 
106.2 	 0.026068083780032378 
106.3 	 0.02606808378003476 
106.4 	 0.02606808378003236 
106.5 	 0.026068083780037384 
106.6 	 0.026068083780036964 
106.7 	 0.026068083780035035 
106.8 	 0.02606808378003416 
106.9 	 0.026068083780029443 
107.0 	 0.026068083780032242 
107.1 	 0.026068083780037818 
107.2 	 0.0260680837800429 
107.3 	 0.026068083780039858 
107.4 	 0.026068083780037513 
107.5 	 0.02606808378003783 
107.6 	 0.026068083780037693 
107.7 	 0.026068083780036805 
107.8 	 0.026068083780039872 
107.9 	 0.02606808378003619 
108.0 	 0.026068083780036916 
108.1 	 0.026068083780034293 
108.2 	 0.026068083780035573 
108.3 	 0.026068083780045208 
108.4 	 0.02606808378003702 
108.5 	 0.026068083780041766 
108.6 	 0.026068083780042123 
108.7 	 0.026068083780037984 
108.8 	 0.026068083780037797 
108.9 	 0.026068083780034498 
109.0 	 0.026068083780038765 
109.1 	 0.026068083780040534 
109.2 	 0.026068083780038845 
109.3 	 0.02606808378003755 
109.4 	 0.026068083780038307 
109.5 	 0.026068083780035726 
109.6 	 0.026068083780036208 
109.7 	 0.026068083780034862 
109.8 	 0.026068083780035757 
109.9 	 0.02606808378003897 
110.0 	 0.026068083780037592 
110.1 	 0.026068083780040954 
110.2 	 0.02606808378003567 
110.3 	 0.026068083780037776 
110.4 	 0.026068083780040975 
110.5 	 0.02606808378003514 
110.6 	 0.026068083780035414 
110.7 	 0.02606808378003833 
110.8 	 0.02606808378003454 
110.9 	 0.026068083780031778 
111.0 	 0.026068083780040545 
111.1 	 0.026068083780030157 
111.2 	 0.026068083780036243 
111.3 	 0.02606808378003602 
111.4 	 0.026068083780035306 
111.5 	 0.02606808378003589 
111.6 	 0.02606808378003235 
111.7 	 0.026068083780033467 
111.8 	 0.026068083780033634 
111.9 	 0.02606808378003613 
112.0 	 0.02606808378003768 
112.1 	 0.026068083780029158 
112.2 	 0.026068083780039462 
112.3 	 0.026068083780040545 
112.4 	 0.026068083780038765 
112.5 	 0.02606808378003709 
112.6 	 0.0260680837800341 
112.7 	 0.026068083780039154 
112.8 	 0.02606808378003593 
112.9 	 0.026068083780035868 
113.0 	 0.026068083780031306 
113.1 	 0.026068083780036357 
113.2 	 0.026068083780035962 
113.3 	 0.02606808378003737 
113.4 	 0.026068083780031667 
113.5 	 0.02606808378003797 
113.6 	 0.026068083780035826 
113.7 	 0.026068083780035986 
113.8 	 0.026068083780038175 
113.9 	 0.026068083780036617 
114.0 	 0.02606808378003604 
114.1 	 0.02606808378003252 
114.2 	 0.026068083780030768 
114.3 	 0.026068083780029675 
114.4 	 0.026068083780028575 
114.5 	 0.02606808378003312 
114.6 	 0.02606808378003537 
114.7 	 0.0260680837800415 
114.8 	 0.026068083780035015 
114.9 	 0.026068083780032242 
115.0 	 0.02606808378003813 
115.1 	 0.026068083780038716 
115.2 	 0.026068083780036992 
115.3 	 0.026068083780040247 
115.4 	 0.02606808378003127 
115.5 	 0.026068083780041114 
115.6 	 0.026068083780034404 
115.7 	 0.026068083780036153 
115.8 	 0.026068083780037415 
115.9 	 0.026068083780036444 
116.0 	 0.02606808378004359 
116.1 	 0.026068083780032107 
116.2 	 0.026068083780039903 
116.3 	 0.026068083780030782 
116.4 	 0.02606808378003236 
116.5 	 0.026068083780035806 
116.6 	 0.026068083780039913 
116.7 	 0.02606808378003126 
116.8 	 0.026068083780043386 
116.9 	 0.026068083780037422 
117.0 	 0.026068083780035455 
117.1 	 0.026068083780042037 
117.2 	 0.026068083780037287 
117.3 	 0.026068083780037485 
117.4 	 0.026068083780039428 
117.5 	 0.026068083780032482 
117.6 	 0.026068083780038512 
117.7 	 0.026068083780035667 
117.8 	 0.02606808378003496 
117.9 	 0.02606808378004183 
118.0 	 0.02606808378003353 
118.1 	 0.026068083780038945 
118.2 	 0.026068083780039563 
118.3 	 0.02606808378003652 
118.4 	 0.026068083780034057 
118.5 	 0.026068083780036753 
118.6 	 0.02606808378003176 
118.7 	 0.026068083780034952 
118.8 	 0.026068083780035844 
118.9 	 0.026068083780039553 
119.0 	 0.026068083780039036 
119.1 	 0.026068083780039247 
119.2 	 0.026068083780044018 
119.3 	 0.026068083780033453 
119.4 	 0.026068083780031302 
119.5 	 0.0260680837800366 
119.6 	 0.02606808378003917 
119.7 	 0.026068083780039816 
119.8 	 0.02606808378003593 
119.9 	 0.026068083780034182 
120.0 	 0.02606808378004004 
120.1 	 0.026068083780033613 
120.2 	 0.02606808378003423 
120.3 	 0.026068083780036826 
120.4 	 0.02606808378003355 
120.5 	 0.0260680837800398 
120.6 	 0.026068083780036833 
120.7 	 0.026068083780030928 
120.8 	 0.026068083780033405 
120.9 	 0.026068083780030074 
121.0 	 0.026068083780042068 
121.1 	 0.02606808378003928 
121.2 	 0.02606808378003666 
121.3 	 0.026068083780041017 
121.4 	 0.026068083780034685 
121.5 	 0.026068083780034872 
121.6 	 0.026068083780035004 
121.7 	 0.02606808378003306 
121.8 	 0.02606808378003993 
121.9 	 0.026068083780033172 
122.0 	 0.026068083780034414 
122.1 	 0.026068083780036763 
122.2 	 0.026068083780045635 
122.3 	 0.02606808378003626 
122.4 	 0.026068083780035875 
122.5 	 0.026068083780030754 
122.6 	 0.026068083780033013 
122.7 	 0.026068083780038498 
122.8 	 0.0260680837800314 
122.9 	 0.026068083780037908 
123.0 	 0.0260680837800358 
123.1 	 0.026068083780037707 
123.2 	 0.026068083780032884 
123.3 	 0.026068083780033877 
123.4 	 0.02606808378003747 
123.5 	 0.02606808378003129 
123.6 	 0.02606808378003456 
123.7 	 0.026068083780034203 
123.8 	 0.026068083780025997 
123.9 	 0.02606808378003304 
124.0 	 0.02606808378004028 
124.1 	 0.026068083780035823 
124.2 	 0.02606808378003928 
124.3 	 0.0260680837800382 
124.4 	 0.026068083780039896 
124.5 	 0.026068083780032992 
124.6 	 0.026068083780034446 
124.7 	 0.02606808378003875 
124.8 	 0.02606808378003333 
124.9 	 0.02606808378003355 
125.0 	 0.026068083780035098 
125.1 	 0.026068083780031642 
125.2 	 0.026068083780038005 
125.3 	 0.026068083780041745 
125.4 	 0.026068083780032024 
125.5 	 0.026068083780030137 
125.6 	 0.026068083780042047 
125.7 	 0.026068083780038758 
125.8 	 0.026068083780037613 
125.9 	 0.026068083780031948 
126.0 	 0.026068083780036867 
126.1 	 0.02606808378003772 
126.2 	 0.026068083780044903 
126.3 	 0.026068083780041797 
126.4 	 0.026068083780037807 
126.5 	 0.02606808378003351 
126.6 	 0.02606808378003335 
126.7 	 0.02606808378003906 
126.8 	 0.02606808378004325 
126.9 	 0.026068083780036517 
127.0 	 0.026068083780039775 
127.1 	 0.02606808378003737 
127.2 	 0.026068083780035615 
127.3 	 0.02606808378003672 
127.4 	 0.0260680837800432 
127.5 	 0.02606808378003341 
127.6 	 0.02606808378003516 
127.7 	 0.026068083780036805 
127.8 	 0.026068083780027906 
127.9 	 0.026068083780034012 
128.0 	 0.026068083780033342 
128.1 	 0.026068083780035077 
128.2 	 0.026068083780029866 
128.3 	 0.02606808378003554 
128.4 	 0.026068083780042262 
128.5 	 0.02606808378003777 
128.6 	 0.026068083780034335 
128.7 	 0.026068083780037162 
128.8 	 0.026068083780035174 
128.9 	 0.026068083780039154 
129.0 	 0.026068083780039615 
129.1 	 0.02606808378003786 
129.2 	 0.026068083780036097 
129.3 	 0.02606808378003497 
129.4 	 0.026068083780038193 
129.5 	 0.02606808378004167 
129.6 	 0.02606808378003794 
129.7 	 0.02606808378003423 
129.8 	 0.026068083780036364 
129.9 	 0.026068083780038973 
130.0 	 0.026068083780037693 
130.1 	 0.026068083780032936 
130.2 	 0.02606808378003796 
130.3 	 0.026068083780036944 
130.4 	 0.02606808378003914 
130.5 	 0.026068083780035695 
130.6 	 0.02606808378004029 
130.7 	 0.02606808378003443 
130.8 	 0.026068083780033488 
130.9 	 0.026068083780030005 
131.0 	 0.02606808378003453 
131.1 	 0.026068083780035858 
131.2 	 0.02606808378004304 
131.3 	 0.02606808378003525 
131.4 	 0.026068083780036475 
131.5 	 0.026068083780037266 
131.6 	 0.02606808378003351 
131.7 	 0.02606808378003805 
131.8 	 0.02606808378003443 
131.9 	 0.026068083780037974 
132.0 	 0.02606808378003737 
132.1 	 0.0260680837800363 
132.2 	 0.026068083780044344 
132.3 	 0.026068083780034737 
132.4 	 0.0260680837800413 
132.5 	 0.026068083780035875 
132.6 	 0.026068083780038623 
132.7 	 0.02606808378003713 
132.8 	 0.026068083780037107 
132.9 	 0.026068083780033453 
133.0 	 0.026068083780036867 
133.1 	 0.026068083780041006 
133.2 	 0.026068083780035126 
133.3 	 0.026068083780040788 
133.4 	 0.026068083780040385 
133.5 	 0.026068083780032367 
133.6 	 0.026068083780032635 
133.7 	 0.026068083780035684 
133.8 	 0.026068083780037974 
133.9 	 0.02606808378003688 
134.0 	 0.026068083780038463 
134.1 	 0.02606808378003415 
134.2 	 0.02606808378003481 
134.3 	 0.02606808378003657 
134.4 	 0.026068083780040753 
134.5 	 0.026068083780037887 
134.6 	 0.02606808378003415 
134.7 	 0.026068083780035795 
134.8 	 0.026068083780039678 
134.9 	 0.026068083780037707 
135.0 	 0.026068083780031844 
135.1 	 0.026068083780034595 
135.2 	 0.026068083780037575 
135.3 	 0.02606808378004064 
135.4 	 0.026068083780033814 
135.5 	 0.026068083780037405 
135.6 	 0.026068083780034633 
135.7 	 0.026068083780040545 
135.8 	 0.026068083780037138 
135.9 	 0.02606808378003385 
136.0 	 0.026068083780029866 
136.1 	 0.026068083780033724 
136.2 	 0.02606808378003777 
136.3 	 0.026068083780037023 
136.4 	 0.02606808378003613 
136.5 	 0.026068083780033814 
136.6 	 0.02606808378004126 
136.7 	 0.02606808378003767 
136.8 	 0.026068083780031184 
136.9 	 0.02606808378003473 
137.0 	 0.026068083780038033 
137.1 	 0.02606808378003037 
137.2 	 0.026068083780038727 
137.3 	 0.026068083780036253 
137.4 	 0.026068083780037058 
137.5 	 0.026068083780034147 
137.6 	 0.026068083780037183 
137.7 	 0.02606808378003622 
137.8 	 0.02606808378003453 
137.9 	 0.026068083780040923 
138.0 	 0.026068083780030643 
138.1 	 0.02606808378003878 
138.2 	 0.026068083780033988 
138.3 	 0.026068083780040056 
138.4 	 0.026068083780039993 
138.5 	 0.026068083780037592 
138.6 	 0.026068083780032978 
138.7 	 0.026068083780040937 
138.8 	 0.026068083780038134 
138.9 	 0.026068083780031497 
139.0 	 0.026068083780035684 
139.1 	 0.02606808378004047 
139.2 	 0.02606808378003954 
139.3 	 0.0260680837800374 
139.4 	 0.026068083780032635 
139.5 	 0.026068083780038918 
139.6 	 0.026068083780036583 
139.7 	 0.026068083780037592 
139.8 	 0.02606808378004232 
139.9 	 0.026068083780036205 
140.0 	 0.026068083780035226 
140.1 	 0.026068083780033516 
140.2 	 0.026068083780039584 
140.3 	 0.026068083780036805 
140.4 	 0.026068083780033613 
140.5 	 0.026068083780032187 
140.6 	 0.02606808378003704 
140.7 	 0.026068083780043615 
140.8 	 0.026068083780034283 
140.9 	 0.026068083780030504 
141.0 	 0.026068083780041152 
141.1 	 0.026068083780031052 
141.2 	 0.02606808378003697 
141.3 	 0.026068083780034924 
141.4 	 0.026068083780043556 
141.5 	 0.02606808378003529 
141.6 	 0.026068083780039303 
141.7 	 0.02606808378003854 
141.8 	 0.026068083780039015 
141.9 	 0.026068083780034067 
142.0 	 0.02606808378003739 
142.1 	 0.026068083780039435 
142.2 	 0.026068083780041357 
142.3 	 0.0260680837800338 
142.4 	 0.026068083780036347 
142.5 	 0.026068083780039518 
142.6 	 0.0260680837800362 
142.7 	 0.026068083780034643 
142.8 	 0.026068083780032242 
142.9 	 0.026068083780036222 
143.0 	 0.026068083780034272 
143.1 	 0.02606808378003715 
143.2 	 0.026068083780034983 
143.3 	 0.02606808378003679 
143.4 	 0.02606808378003396 
143.5 	 0.026068083780042217 
143.6 	 0.026068083780042918 
143.7 	 0.026068083780034192 
143.8 	 0.02606808378003172 
143.9 	 0.026068083780033235 
144.0 	 0.026068083780035844 
144.1 	 0.02606808378003488 
144.2 	 0.02606808378003748 
144.3 	 0.02606808378003254 
144.4 	 0.02606808378004124 
144.5 	 0.026068083780037107 
144.6 	 0.026068083780030754 
144.7 	 0.026068083780031403 
144.8 	 0.026068083780040562 
144.9 	 0.026068083780034022 
145.0 	 0.026068083780035993 
145.1 	 0.026068083780038255 
145.2 	 0.026068083780042377 
145.3 	 0.02606808378003611 
145.4 	 0.02606808378003268 
145.5 	 0.02606808378003914 
145.6 	 0.02606808378004047 
145.7 	 0.026068083780038005 
145.8 	 0.026068083780033422 
145.9 	 0.02606808378003775 
146.0 	 0.0260680837800429 
146.1 	 0.026068083780038984 
146.2 	 0.026068083780035965 
146.3 	 0.02606808378003469 
146.4 	 0.026068083780035382 
146.5 	 0.02606808378003239 
146.6 	 0.02606808378003371 
146.7 	 0.026068083780043237 
146.8 	 0.026068083780035188 
146.9 	 0.026068083780033655 
147.0 	 0.02606808378004448 
147.1 	 0.026068083780036486 
147.2 	 0.02606808378003295 
147.3 	 0.02606808378003339 
147.4 	 0.026068083780035257 
147.5 	 0.026068083780039015 
147.6 	 0.026068083780037353 
147.7 	 0.02606808378003393 
147.8 	 0.026068083780038286 
147.9 	 0.02606808378003933 
148.0 	 0.026068083780035244 
148.1 	 0.02606808378003461 
148.2 	 0.026068083780036895 
148.3 	 0.026068083780038633 
148.4 	 0.02606808378003472 
148.5 	 0.026068083780040836 
148.6 	 0.026068083780038394 
148.7 	 0.026068083780040767 
148.8 	 0.02606808378003816 
148.9 	 0.026068083780042172 
149.0 	 0.026068083780033675 
149.1 	 0.02606808378003412 
149.2 	 0.026068083780033485 
149.3 	 0.026068083780032236 
149.4 	 0.026068083780028766 
149.5 	 0.026068083780038727 
149.6 	 0.026068083780042457 
149.7 	 0.026068083780042363 
149.8 	 0.026068083780038227 
149.9 	 0.02606808378004038 
150.0 	 0.026068083780040104 
150.1 	 0.02606808378003121 
150.2 	 0.026068083780033394 
150.3 	 0.026068083780034706 
150.4 	 0.02606808378003775 
150.5 	 0.026068083780036395 
150.6 	 0.026068083780037693 
150.7 	 0.02606808378003551 
150.8 	 0.02606808378003489 
150.9 	 0.026068083780032992 
151.0 	 0.02606808378004082 
151.1 	 0.02606808378003691 
151.2 	 0.02606808378003958 
151.3 	 0.02606808378004346 
151.4 	 0.02606808378003826 
151.5 	 0.026068083780036506 
151.6 	 0.026068083780034668 
151.7 	 0.02606808378003638 
151.8 	 0.0260680837800399 
151.9 	 0.02606808378004165 
152.0 	 0.02606808378003794 
152.1 	 0.026068083780034515 
152.2 	 0.02606808378003435 
152.3 	 0.026068083780035414 
152.4 	 0.026068083780035615 
152.5 	 0.02606808378003647 
152.6 	 0.026068083780038415 
152.7 	 0.026068083780038668 
152.8 	 0.026068083780031996 
152.9 	 0.0260680837800303 
153.0 	 0.0260680837800381 
153.1 	 0.02606808378003439 
153.2 	 0.02606808378003287 
153.3 	 0.026068083780038085 
153.4 	 0.026068083780035813 
153.5 	 0.02606808378003536 
153.6 	 0.026068083780039816 
153.7 	 0.026068083780036597 
153.8 	 0.026068083780040104 
153.9 	 0.026068083780036635 
154.0 	 0.026068083780039226 
154.1 	 0.02606808378004203 
154.2 	 0.026068083780031878 
154.3 	 0.02606808378003107 
154.4 	 0.026068083780040517 
154.5 	 0.0260680837800366 
154.6 	 0.026068083780036173 
154.7 	 0.02606808378003371 
154.8 	 0.026068083780040687 
154.9 	 0.026068083780033054 
155.0 	 0.02606808378003223 
155.1 	 0.026068083780038064 
155.2 	 0.026068083780034498 
155.3 	 0.026068083780044 
155.4 	 0.026068083780035035 
155.5 	 0.02606808378003197 
155.6 	 0.026068083780036777 
155.7 	 0.026068083780033613 
155.8 	 0.026068083780036697 
155.9 	 0.02606808378003543 
156.0 	 0.026068083780037637 
156.1 	 0.026068083780034546 
156.2 	 0.026068083780037034 
156.3 	 0.02606808378004113 
156.4 	 0.026068083780032603 
156.5 	 0.02606808378004106 
156.6 	 0.026068083780038654 
156.7 	 0.026068083780027205 
156.8 	 0.026068083780028513 
156.9 	 0.02606808378003631 
157.0 	 0.026068083780034307 
157.1 	 0.026068083780034022 
157.2 	 0.02606808378003248 
157.3 	 0.026068083780040975 
157.4 	 0.026068083780037214 
157.5 	 0.026068083780036735 
157.6 	 0.02606808378003375 
157.7 	 0.026068083780039254 
157.8 	 0.026068083780029318 
157.9 	 0.026068083780033054 
158.0 	 0.026068083780033308 
158.1 	 0.026068083780034897 
158.2 	 0.026068083780034945 
158.3 	 0.02606808378003881 
158.4 	 0.026068083780037887 
158.5 	 0.026068083780040482 
158.6 	 0.026068083780037086 
158.7 	 0.026068083780029803 
158.8 	 0.026068083780034994 
158.9 	 0.026068083780040732 
159.0 	 0.026068083780035126 
159.1 	 0.02606808378003276 
159.2 	 0.026068083780041953 
159.3 	 0.026068083780032704 
159.4 	 0.026068083780031198 
159.5 	 0.026068083780037256 
159.6 	 0.02606808378003942 
159.7 	 0.026068083780039553 
159.8 	 0.026068083780030817 
159.9 	 0.026068083780036916 
160.0 	 0.026068083780038605 
160.1 	 0.026068083780033804 
160.2 	 0.026068083780041586 
160.3 	 0.02606808378004028 
160.4 	 0.026068083780038824 
160.5 	 0.026068083780044556 
160.6 	 0.026068083780036326 
160.7 	 0.026068083780043633 
160.8 	 0.02606808378003516 
160.9 	 0.026068083780036153 
161.0 	 0.026068083780038113 
161.1 	 0.026068083780034897 
161.2 	 0.026068083780038782 
161.3 	 0.026068083780036427 
161.4 	 0.026068083780040614 
161.5 	 0.026068083780039233 
161.6 	 0.026068083780034182 
161.7 	 0.026068083780041384 
161.8 	 0.026068083780035046 
161.9 	 0.02606808378004262 
162.0 	 0.02606808378004109 
162.1 	 0.026068083780034085 
162.2 	 0.026068083780030355 
162.3 	 0.026068083780038828 
162.4 	 0.026068083780039646 
162.5 	 0.026068083780028554 
162.6 	 0.026068083780035667 
162.7 	 0.02606808378003414 
162.8 	 0.026068083780034182 
162.9 	 0.026068083780034508 
163.0 	 0.02606808378003649 
163.1 	 0.02606808378003457 
163.2 	 0.026068083780032208 
163.3 	 0.02606808378003339 
163.4 	 0.02606808378003406 
163.5 	 0.026068083780036583 
163.6 	 0.026068083780034855 
163.7 	 0.02606808378003698 
163.8 	 0.02606808378004153 
163.9 	 0.026068083780041273 
164.0 	 0.026068083780037266 
164.1 	 0.02606808378004459 
164.2 	 0.026068083780039157 
164.3 	 0.0260680837800405 
164.4 	 0.02606808378003335 
164.5 	 0.026068083780037322 
164.6 	 0.02606808378003895 
164.7 	 0.02606808378004044 
164.8 	 0.026068083780035174 
164.9 	 0.026068083780039678 
165.0 	 0.026068083780044327 
165.1 	 0.026068083780031146 
165.2 	 0.026068083780038543 
165.3 	 0.026068083780036888 
165.4 	 0.02606808378003905 
165.5 	 0.026068083780036944 
165.6 	 0.02606808378003917 
165.7 	 0.02606808378003161 
165.8 	 0.02606808378003465 
165.9 	 0.026068083780035937 
166.0 	 0.026068083780032208 
166.1 	 0.026068083780034577 
166.2 	 0.026068083780038456 
166.3 	 0.026068083780040878 
166.4 	 0.026068083780035636 
166.5 	 0.026068083780034244 
166.6 	 0.02606808378004182 
166.7 	 0.026068083780035528 
166.8 	 0.02606808378003616 
166.9 	 0.026068083780041384 
167.0 	 0.026068083780037086 
167.1 	 0.026068083780040215 
167.2 	 0.026068083780031934 
167.3 	 0.026068083780045284 
167.4 	 0.026068083780029415 
167.5 	 0.026068083780037707 
167.6 	 0.026068083780035486 
167.7 	 0.026068083780033294 
167.8 	 0.026068083780033627 
167.9 	 0.02606808378003605 
168.0 	 0.026068083780032267 
168.1 	 0.026068083780030567 
168.2 	 0.026068083780038855 
168.3 	 0.026068083780035636 
168.4 	 0.02606808378003958 
168.5 	 0.026068083780041704 
168.6 	 0.026068083780045607 
168.7 	 0.02606808378003589 
168.8 	 0.026068083780034404 
168.9 	 0.026068083780042377 
169.0 	 0.026068083780032156 
169.1 	 0.02606808378004282 
169.2 	 0.026068083780037613 
169.3 	 0.02606808378003903 
169.4 	 0.026068083780036586 
169.5 	 0.02606808378003636 
169.6 	 0.026068083780035133 
169.7 	 0.026068083780042235 
169.8 	 0.02606808378003837 
169.9 	 0.02606808378004109 
170.0 	 0.026068083780030653 
170.1 	 0.02606808378003502 
170.2 	 0.02606808378003197 
170.3 	 0.02606808378003306 
170.4 	 0.026068083780031465 
170.5 	 0.026068083780033613 
170.6 	 0.02606808378003797 
170.7 	 0.026068083780034414 
170.8 	 0.026068083780032527 
170.9 	 0.026068083780038415 
171.0 	 0.026068083780033405 
171.1 	 0.026068083780040965 
171.2 	 0.02606808378003239 
171.3 	 0.026068083780035445 
171.4 	 0.026068083780037225 
171.5 	 0.026068083780037103 
171.6 	 0.02606808378003882 
171.7 	 0.026068083780038793 
171.8 	 0.02606808378003963 
171.9 	 0.02606808378003672 
172.0 	 0.026068083780041905 
172.1 	 0.02606808378003734 
172.2 	 0.026068083780032537 
172.3 	 0.026068083780033172 
172.4 	 0.02606808378003511 
172.5 	 0.026068083780035986 
172.6 	 0.026068083780036517 
172.7 	 0.026068083780041447 
172.8 	 0.026068083780045947 
172.9 	 0.026068083780039678 
173.0 	 0.026068083780038036 
173.1 	 0.026068083780038238 
173.2 	 0.026068083780033023 
173.3 	 0.026068083780034747 
173.4 	 0.026068083780039365 
173.5 	 0.026068083780035636 
173.6 	 0.026068083780038463 
173.7 	 0.0260680837800356 
173.8 	 0.026068083780037582 
173.9 	 0.026068083780035202 
174.0 	 0.026068083780039913 
174.1 	 0.02606808378003992 
174.2 	 0.02606808378003472 
174.3 	 0.02606808378003713 
174.4 	 0.026068083780035636 
174.5 	 0.026068083780034293 
174.6 	 0.026068083780038366 
174.7 	 0.02606808378003532 
174.8 	 0.026068083780033627 
174.9 	 0.02606808378004304 
175.0 	 0.02606808378003255 
175.1 	 0.02606808378004228 
175.2 	 0.02606808378003987 
175.3 	 0.026068083780031906 
175.4 	 0.026068083780037804 
175.5 	 0.02606808378003574 
175.6 	 0.026068083780044687 
175.7 	 0.026068083780039174 
175.8 	 0.02606808378003243 
175.9 	 0.026068083780038002 
176.0 	 0.026068083780036035 
176.1 	 0.026068083780035774 
176.2 	 0.026068083780034258 
176.3 	 0.026068083780040545 
176.4 	 0.026068083780035764 
176.5 	 0.026068083780029935 
176.6 	 0.026068083780038907 
176.7 	 0.02606808378003068 
176.8 	 0.02606808378003371 
176.9 	 0.026068083780046786 
177.0 	 0.026068083780036583 
177.1 	 0.026068083780039553 
177.2 	 0.0260680837800363 
177.3 	 0.026068083780044535 
177.4 	 0.02606808378004563 
177.5 	 0.02606808378003712 
177.6 	 0.02606808378003744 
177.7 	 0.026068083780036513 
177.8 	 0.02606808378003502 
177.9 	 0.02606808378002898 
178.0 	 0.026068083780036902 
178.1 	 0.02606808378003434 
178.2 	 0.026068083780038054 
178.3 	 0.026068083780033547 
178.4 	 0.02606808378004205 
178.5 	 0.026068083780043785 
178.6 	 0.0260680837800326 
178.7 	 0.02606808378004064 
178.8 	 0.02606808378003781 
178.9 	 0.026068083780037565 
179.0 	 0.026068083780037596 
179.1 	 0.026068083780036035 
179.2 	 0.026068083780035806 
179.3 	 0.026068083780035098 
179.4 	 0.026068083780032905 
179.5 	 0.02606808378004423 
179.6 	 0.026068083780037044 
179.7 	 0.026068083780042304 
179.8 	 0.02606808378004341 
179.9 	 0.026068083780031493 
180.0 	 0.02606808378003322 
180.1 	 0.026068083780042172 
180.2 	 0.026068083780040677 
180.3 	 0.02606808378003592 
180.4 	 0.02606808378003435 
180.5 	 0.02606808378003494 
180.6 	 0.02606808378003752 
180.7 	 0.026068083780033 
180.8 	 0.026068083780038647 
180.9 	 0.026068083780033627 
181.0 	 0.026068083780041038 
181.1 	 0.026068083780034453 
181.2 	 0.026068083780035552 
181.3 	 0.026068083780036236 
181.4 	 0.026068083780034484 
181.5 	 0.026068083780034328 
181.6 	 0.026068083780038647 
181.7 	 0.026068083780038654 
181.8 	 0.02606808378003609 
181.9 	 0.026068083780033044 
182.0 	 0.026068083780036506 
182.1 	 0.026068083780041672 
182.2 	 0.026068083780034938 
182.3 	 0.02606808378003557 
182.4 	 0.026068083780036222 
182.5 	 0.026068083780032773 
182.6 	 0.026068083780036215 
182.7 	 0.026068083780041617 
182.8 	 0.026068083780041617 
182.9 	 0.026068083780035965 
183.0 	 0.026068083780039667 
183.1 	 0.026068083780042568 
183.2 	 0.02606808378004448 
183.3 	 0.026068083780033457 
183.4 	 0.026068083780036253 
183.5 	 0.02606808378003611 
183.6 	 0.026068083780033252 
183.7 	 0.026068083780034137 
183.8 	 0.02606808378003698 
183.9 	 0.02606808378003238 
184.0 	 0.02606808378003478 
184.1 	 0.02606808378003843 
184.2 	 0.026068083780038435 
184.3 	 0.026068083780034272 
184.4 	 0.02606808378003749 
184.5 	 0.026068083780035986 
184.6 	 0.02606808378003578 
184.7 	 0.02606808378003604 
184.8 	 0.026068083780029744 
184.9 	 0.026068083780035636 
185.0 	 0.026068083780038255 
185.1 	 0.02606808378003938 
185.2 	 0.02606808378003935 
185.3 	 0.026068083780037783 
185.4 	 0.026068083780044354 
185.5 	 0.026068083780037804 
185.6 	 0.0260680837800348 
185.7 	 0.026068083780035677 
185.8 	 0.026068083780040805 
185.9 	 0.02606808378003649 
186.0 	 0.026068083780036867 
186.1 	 0.02606808378003775 
186.2 	 0.026068083780032156 
186.3 	 0.02606808378003571 
186.4 	 0.0260680837800381 
186.5 	 0.02606808378003679 
186.6 	 0.026068083780031635 
186.7 	 0.026068083780042953 
186.8 	 0.026068083780039636 
186.9 	 0.026068083780031507 
187.0 	 0.026068083780036014 
187.1 	 0.026068083780038373 
187.2 	 0.02606808378002879 
187.3 	 0.02606808378003815 
187.4 	 0.02606808378003382 
187.5 	 0.026068083780036232 
187.6 	 0.02606808378003254 
187.7 	 0.02606808378003453 
187.8 	 0.026068083780038442 
187.9 	 0.026068083780031524 
188.0 	 0.026068083780050003 
188.1 	 0.026068083780039816 
188.2 	 0.026068083780035653 
188.3 	 0.02606808378004104 
188.4 	 0.026068083780036173 
188.5 	 0.026068083780035993 
188.6 	 0.026068083780039004 
188.7 	 0.026068083780034466 
188.8 	 0.026068083780039504 
188.9 	 0.026068083780031514 
189.0 	 0.026068083780035223 
189.1 	 0.026068083780037818 
189.2 	 0.026068083780039154 
189.3 	 0.026068083780034383 
189.4 	 0.02606808378003396 
189.5 	 0.026068083780036992 
189.6 	 0.026068083780035476 
189.7 	 0.026068083780036153 
189.8 	 0.02606808378003593 
189.9 	 0.026068083780037225 
190.0 	 0.026068083780038182 
190.1 	 0.026068083780032746 
190.2 	 0.026068083780044923 
190.3 	 0.026068083780035348 
190.4 	 0.026068083780037266 
190.5 	 0.02606808378003747 
190.6 	 0.026068083780032298 
190.7 	 0.026068083780035004 
190.8 	 0.026068083780037797 
190.9 	 0.026068083780041683 
191.0 	 0.026068083780036264 
191.1 	 0.026068083780037953 
191.2 	 0.026068083780030307 
191.3 	 0.026068083780034827 
191.4 	 0.026068083780035937 
191.5 	 0.02606808378003707 
191.6 	 0.02606808378002938 
191.7 	 0.026068083780039993 
191.8 	 0.026068083780034546 
191.9 	 0.026068083780040944 
192.0 	 0.02606808378003534 
192.1 	 0.026068083780031826 
192.2 	 0.026068083780039407 
192.3 	 0.02606808378004091 
192.4 	 0.02606808378003241 
192.5 	 0.026068083780037343 
192.6 	 0.026068083780032242 
192.7 	 0.026068083780032426 
192.8 	 0.026068083780035712 
192.9 	 0.0260680837800353 
193.0 	 0.02606808378003713 
193.1 	 0.026068083780035015 
193.2 	 0.0260680837800372 
193.3 	 0.02606808378003056 
193.4 	 0.026068083780033814 
193.5 	 0.026068083780035937 
193.6 	 0.026068083780036836 
193.7 	 0.026068083780037464 
193.8 	 0.026068083780039837 
193.9 	 0.026068083780040188 
194.0 	 0.02606808378003688 
194.1 	 0.026068083780035056 
194.2 	 0.02606808378004175 
194.3 	 0.026068083780034317 
194.4 	 0.026068083780035063 
194.5 	 0.02606808378003691 
194.6 	 0.02606808378003917 
194.7 	 0.02606808378003448 
194.8 	 0.02606808378003867 
194.9 	 0.026068083780041065 
195.0 	 0.02606808378003841 
195.1 	 0.026068083780035948 
195.2 	 0.02606808378003543 
195.3 	 0.02606808378003796 
195.4 	 0.02606808378004028 
195.5 	 0.026068083780030643 
195.6 	 0.02606808378003562 
195.7 	 0.026068083780033256 
195.8 	 0.02606808378003375 
195.9 	 0.026068083780038585 
196.0 	 0.026068083780038505 
196.1 	 0.026068083780037676 
196.2 	 0.02606808378003484 
196.3 	 0.026068083780033925 
196.4 	 0.02606808378003366 
196.5 	 0.02606808378003774 
196.6 	 0.026068083780038352 
196.7 	 0.026068083780040722 
196.8 	 0.026068083780035986 
196.9 	 0.026068083780036055 
197.0 	 0.026068083780037974 
197.1 	 0.026068083780040607 
197.2 	 0.026068083780035348 
197.3 	 0.026068083780033394 
197.4 	 0.026068083780049073 
197.5 	 0.026068083780036076 
197.6 	 0.026068083780035223 
197.7 	 0.026068083780043046 
197.8 	 0.026068083780039993 
197.9 	 0.026068083780038526 
198.0 	 0.026068083780040077 
198.1 	 0.026068083780035525 
198.2 	 0.026068083780042918 
198.3 	 0.02606808378003766 
198.4 	 0.026068083780038078 
198.5 	 0.026068083780036992 
198.6 	 0.026068083780036454 
198.7 	 0.026068083780034484 
198.8 	 0.026068083780034675 
198.9 	 0.026068083780042925 
199.0 	 0.026068083780038828 
199.1 	 0.026068083780044295 
199.2 	 0.026068083780042568 
199.3 	 0.026068083780035622 
199.4 	 0.026068083780035 
199.5 	 0.026068083780039983 
199.6 	 0.0260680837800387 
199.7 	 0.02606808378003232 
199.8 	 0.026068083780035133 
199.9 	 0.02606808378004336 
200.0 	 0.026068083780041437 
