0.0 	 0.0 
0.1 	 0.0025778128399368038 
0.2 	 0.004843630374507803 
0.3 	 0.0058805020132659995 
0.4 	 0.006237875107147236 
0.5 	 0.006315915087349541 
0.6 	 0.006306128878452224 
0.7 	 0.006281502077897201 
0.8 	 0.006262772248470688 
0.9 	 0.006252094646946946 
1.0 	 0.006246971822735715 
1.1 	 0.006244859678151976 
1.2 	 0.006244135646498829 
1.3 	 0.006243959943507056 
1.4 	 0.006243960348416466 
1.5 	 0.00624399644857906 
1.6 	 0.006244026560428192 
1.7 	 0.006244044398362808 
1.8 	 0.006244053189181574 
1.9 	 0.006244056911132853 
2.0 	 0.006244058234925042 
2.1 	 0.006244058584564007 
2.2 	 0.006244058607580072 
2.3 	 0.006244058555659783 
2.4 	 0.0062440585075345684 
2.5 	 0.006244058477870254 
2.6 	 0.006244058462843177 
2.7 	 0.00624405845631767 
2.8 	 0.006244058453907119 
2.9 	 0.006244058453224081 
3.0 	 0.006244058453152965 
3.1 	 0.006244058453214492 
3.2 	 0.006244058453292373 
3.3 	 0.006244058453336605 
3.4 	 0.006244058453372209 
3.5 	 0.006244058453382544 
3.6 	 0.00624405845338576 
3.7 	 0.006244058453384244 
3.8 	 0.006244058453391062 
3.9 	 0.006244058453385904 
4.0 	 0.006244058453392407 
4.1 	 0.006244058453392806 
4.2 	 0.006244058453383469 
4.3 	 0.0062440584533869446 
4.4 	 0.006244058453387437 
4.5 	 0.006244058453394031 
4.6 	 0.006244058453384148 
4.7 	 0.006244058453386814 
4.8 	 0.0062440584533785745 
4.9 	 0.006244058453383766 
5.0 	 0.00624405845338591 
5.1 	 0.006244058453387686 
5.2 	 0.006244058453379697 
5.3 	 0.0062440584533900514 
5.4 	 0.006244058453379458 
5.5 	 0.0062440584533845316 
5.6 	 0.006244058453389854 
5.7 	 0.006244058453384342 
5.8 	 0.006244058453381835 
5.9 	 0.006244058453386786 
6.0 	 0.00624405845338944 
6.1 	 0.006244058453382274 
6.2 	 0.006244058453395946 
6.3 	 0.0062440584533870235 
6.4 	 0.006244058453384563 
6.5 	 0.006244058453387167 
6.6 	 0.006244058453385416 
6.7 	 0.006244058453380709 
6.8 	 0.006244058453384181 
6.9 	 0.006244058453385511 
7.0 	 0.006244058453380679 
7.1 	 0.006244058453387724 
7.2 	 0.006244058453380831 
7.3 	 0.006244058453386574 
7.4 	 0.006244058453384562 
7.5 	 0.006244058453378205 
7.6 	 0.0062440584533819355 
7.7 	 0.006244058453387877 
7.8 	 0.006244058453392912 
7.9 	 0.0062440584533863305 
8.0 	 0.006244058453383195 
8.1 	 0.006244058453391183 
8.2 	 0.006244058453385912 
8.3 	 0.006244058453389923 
8.4 	 0.006244058453387041 
8.5 	 0.006244058453380549 
8.6 	 0.006244058453391532 
8.7 	 0.006244058453378969 
8.8 	 0.006244058453396235 
8.9 	 0.006244058453387849 
9.0 	 0.006244058453386077 
9.1 	 0.006244058453380574 
9.2 	 0.006244058453392539 
9.3 	 0.0062440584533839 
9.4 	 0.0062440584533801574 
9.5 	 0.006244058453386758 
9.6 	 0.006244058453387205 
9.7 	 0.00624405845339248 
9.8 	 0.006244058453387483 
9.9 	 0.006244058453381196 
10.0 	 0.006244058453387188 
10.1 	 0.006244058453388089 
10.2 	 0.006244058453380381 
10.3 	 0.006244058453384718 
10.4 	 0.006244058453392051 
10.5 	 0.0062440584533772206 
10.6 	 0.006244058453385875 
10.7 	 0.006244058453381889 
10.8 	 0.006244058453382382 
10.9 	 0.006244058453380821 
11.0 	 0.006244058453385012 
11.1 	 0.006244058453394062 
11.2 	 0.006244058453377059 
11.3 	 0.00624405845338888 
11.4 	 0.006244058453387816 
11.5 	 0.0062440584533801375 
11.6 	 0.00624405845338795 
11.7 	 0.006244058453388131 
11.8 	 0.0062440584533907635 
11.9 	 0.0062440584533929875 
12.0 	 0.006244058453387085 
12.1 	 0.0062440584533903715 
12.2 	 0.006244058453384624 
12.3 	 0.0062440584533784834 
12.4 	 0.006244058453374205 
12.5 	 0.0062440584533897565 
12.6 	 0.006244058453384848 
12.7 	 0.0062440584533925364 
12.8 	 0.006244058453392243 
12.9 	 0.006244058453382571 
13.0 	 0.006244058453383475 
13.1 	 0.0062440584533826555 
13.2 	 0.0062440584533947985 
13.3 	 0.006244058453385777 
13.4 	 0.006244058453387819 
13.5 	 0.0062440584533850225 
13.6 	 0.0062440584533807585 
13.7 	 0.0062440584533843034 
13.8 	 0.006244058453392247 
13.9 	 0.006244058453388835 
14.0 	 0.00624405845338964 
14.1 	 0.006244058453389826 
14.2 	 0.006244058453379685 
14.3 	 0.006244058453392769 
14.4 	 0.006244058453388282 
14.5 	 0.00624405845338908 
14.6 	 0.006244058453394381 
14.7 	 0.006244058453378209 
14.8 	 0.006244058453386982 
14.9 	 0.00624405845337857 
15.0 	 0.006244058453384155 
15.1 	 0.0062440584533949356 
15.2 	 0.006244058453389923 
15.3 	 0.0062440584533857 
15.4 	 0.0062440584533857025 
15.5 	 0.0062440584533925165 
15.6 	 0.00624405845338213 
15.7 	 0.006244058453376332 
15.8 	 0.006244058453392919 
15.9 	 0.006244058453389079 
16.0 	 0.006244058453379308 
16.1 	 0.006244058453383505 
16.2 	 0.006244058453385889 
16.3 	 0.0062440584533872134 
16.4 	 0.006244058453382865 
16.5 	 0.0062440584533779995 
16.6 	 0.0062440584533864025 
16.7 	 0.006244058453374873 
16.8 	 0.006244058453371971 
16.9 	 0.00624405845338523 
17.0 	 0.006244058453389847 
17.1 	 0.006244058453384178 
17.2 	 0.006244058453381256 
17.3 	 0.006244058453387276 
17.4 	 0.006244058453386125 
17.5 	 0.0062440584533890306 
17.6 	 0.006244058453395408 
17.7 	 0.00624405845339184 
17.8 	 0.006244058453391627 
17.9 	 0.006244058453383912 
18.0 	 0.006244058453386602 
18.1 	 0.006244058453383022 
18.2 	 0.006244058453381946 
18.3 	 0.006244058453378691 
18.4 	 0.0062440584533867425 
18.5 	 0.006244058453386381 
18.6 	 0.006244058453373703 
18.7 	 0.006244058453391421 
18.8 	 0.006244058453383481 
18.9 	 0.006244058453378372 
19.0 	 0.006244058453388092 
19.1 	 0.00624405845338031 
19.2 	 0.0062440584533905 
19.3 	 0.006244058453392945 
19.4 	 0.006244058453391076 
19.5 	 0.006244058453383236 
19.6 	 0.006244058453384529 
19.7 	 0.006244058453386937 
19.8 	 0.006244058453386567 
19.9 	 0.006244058453385286 
20.0 	 0.0062440584533823545 
20.1 	 0.006244058453388533 
20.2 	 0.006244058453387643 
20.3 	 0.006244058453379459 
20.4 	 0.006244058453388511 
20.5 	 0.00624405845339127 
20.6 	 0.006244058453385536 
20.7 	 0.00624405845338592 
20.8 	 0.006244058453393379 
20.9 	 0.006244058453379042 
21.0 	 0.006244058453390507 
21.1 	 0.006244058453390108 
21.2 	 0.006244058453389228 
21.3 	 0.006244058453386758 
21.4 	 0.00624405845338252 
21.5 	 0.006244058453388887 
21.6 	 0.006244058453384226 
21.7 	 0.006244058453386962 
21.8 	 0.006244058453386291 
21.9 	 0.00624405845339021 
22.0 	 0.006244058453375514 
22.1 	 0.006244058453401826 
22.2 	 0.006244058453388848 
22.3 	 0.006244058453379775 
22.4 	 0.00624405845338964 
22.5 	 0.006244058453379064 
22.6 	 0.0062440584533909795 
22.7 	 0.006244058453381499 
22.8 	 0.006244058453390445 
22.9 	 0.006244058453394711 
23.0 	 0.006244058453385917 
23.1 	 0.006244058453377962 
23.2 	 0.006244058453386885 
23.3 	 0.00624405845338083 
23.4 	 0.006244058453379726 
23.5 	 0.0062440584533938 
23.6 	 0.006244058453389149 
23.7 	 0.0062440584533876185 
23.8 	 0.006244058453388731 
23.9 	 0.0062440584533935825 
24.0 	 0.006244058453385642 
24.1 	 0.0062440584533874025 
24.2 	 0.0062440584533927 
24.3 	 0.006244058453383893 
24.4 	 0.006244058453382626 
24.5 	 0.006244058453386847 
24.6 	 0.006244058453394336 
24.7 	 0.006244058453383293 
24.8 	 0.006244058453395214 
24.9 	 0.006244058453393444 
25.0 	 0.006244058453385433 
25.1 	 0.006244058453391394 
25.2 	 0.006244058453389522 
25.3 	 0.006244058453379312 
25.4 	 0.006244058453379524 
25.5 	 0.006244058453399145 
25.6 	 0.006244058453385187 
25.7 	 0.006244058453393602 
25.8 	 0.006244058453373551 
25.9 	 0.006244058453378875 
26.0 	 0.006244058453389186 
26.1 	 0.006244058453381213 
26.2 	 0.006244058453384356 
26.3 	 0.006244058453392509 
26.4 	 0.006244058453387649 
26.5 	 0.006244058453385393 
26.6 	 0.0062440584533827725 
26.7 	 0.006244058453387794 
26.8 	 0.006244058453381481 
26.9 	 0.0062440584533766125 
27.0 	 0.006244058453393307 
27.1 	 0.006244058453387791 
27.2 	 0.006244058453377469 
27.3 	 0.006244058453379475 
27.4 	 0.0062440584533848525 
27.5 	 0.0062440584533830085 
27.6 	 0.006244058453390997 
27.7 	 0.0062440584533887625 
27.8 	 0.006244058453391793 
27.9 	 0.006244058453380147 
28.0 	 0.006244058453391538 
28.1 	 0.006244058453381728 
28.2 	 0.006244058453394331 
28.3 	 0.006244058453392997 
28.4 	 0.00624405845338191 
28.5 	 0.006244058453387426 
28.6 	 0.006244058453386504 
28.7 	 0.0062440584533794705 
28.8 	 0.006244058453384153 
28.9 	 0.006244058453390464 
29.0 	 0.006244058453389947 
29.1 	 0.006244058453384367 
29.2 	 0.006244058453395163 
29.3 	 0.006244058453385643 
29.4 	 0.006244058453392211 
29.5 	 0.0062440584533799215 
29.6 	 0.006244058453384224 
29.7 	 0.006244058453389807 
29.8 	 0.006244058453389135 
29.9 	 0.006244058453388558 
30.0 	 0.006244058453389015 
30.1 	 0.0062440584533877035 
30.2 	 0.0062440584533809285 
30.3 	 0.006244058453375378 
30.4 	 0.006244058453387681 
30.5 	 0.0062440584533894885 
30.6 	 0.006244058453382838 
30.7 	 0.006244058453389697 
30.8 	 0.006244058453381201 
30.9 	 0.0062440584533842635 
31.0 	 0.006244058453388746 
31.1 	 0.006244058453379064 
31.2 	 0.006244058453387243 
31.3 	 0.006244058453390347 
31.4 	 0.006244058453383236 
31.5 	 0.006244058453383003 
31.6 	 0.006244058453385882 
31.7 	 0.006244058453378826 
31.8 	 0.00624405845339598 
31.9 	 0.006244058453396433 
32.0 	 0.006244058453393604 
32.1 	 0.006244058453394423 
32.2 	 0.006244058453386829 
32.3 	 0.006244058453382695 
32.4 	 0.0062440584533885 
32.5 	 0.006244058453391842 
32.6 	 0.006244058453387384 
32.7 	 0.00624405845338342 
32.8 	 0.00624405845338304 
32.9 	 0.0062440584533822036 
33.0 	 0.0062440584533775805 
33.1 	 0.006244058453385906 
33.2 	 0.00624405845338754 
33.3 	 0.0062440584533842245 
33.4 	 0.006244058453398163 
33.5 	 0.006244058453387635 
33.6 	 0.006244058453390326 
33.7 	 0.0062440584533911755 
33.8 	 0.006244058453387884 
33.9 	 0.00624405845338924 
34.0 	 0.006244058453382164 
34.1 	 0.00624405845339369 
34.2 	 0.006244058453396942 
34.3 	 0.006244058453386088 
34.4 	 0.006244058453389524 
34.5 	 0.006244058453387011 
34.6 	 0.006244058453385327 
34.7 	 0.0062440584533936475 
34.8 	 0.006244058453385224 
34.9 	 0.006244058453377201 
35.0 	 0.006244058453384811 
35.1 	 0.006244058453387453 
35.2 	 0.006244058453386594 
35.3 	 0.0062440584533854674 
35.4 	 0.006244058453385478 
35.5 	 0.0062440584533737424 
35.6 	 0.00624405845339071 
35.7 	 0.006244058453384549 
35.8 	 0.006244058453378364 
35.9 	 0.006244058453384126 
36.0 	 0.0062440584533974145 
36.1 	 0.0062440584533802026 
36.2 	 0.006244058453388033 
36.3 	 0.00624405845338322 
36.4 	 0.006244058453390974 
36.5 	 0.00624405845338212 
36.6 	 0.0062440584533850025 
36.7 	 0.006244058453379498 
36.8 	 0.006244058453397339 
36.9 	 0.006244058453394863 
37.0 	 0.006244058453386158 
37.1 	 0.006244058453391106 
37.2 	 0.006244058453382788 
37.3 	 0.006244058453382544 
37.4 	 0.006244058453387434 
37.5 	 0.006244058453381506 
37.6 	 0.006244058453389303 
37.7 	 0.0062440584533872915 
37.8 	 0.006244058453387051 
37.9 	 0.0062440584533768944 
38.0 	 0.006244058453387892 
38.1 	 0.006244058453392316 
38.2 	 0.006244058453390849 
38.3 	 0.006244058453379302 
38.4 	 0.006244058453381301 
38.5 	 0.006244058453394116 
38.6 	 0.006244058453384115 
38.7 	 0.006244058453393212 
38.8 	 0.006244058453388997 
38.9 	 0.0062440584533913195 
39.0 	 0.006244058453388712 
39.1 	 0.006244058453389376 
39.2 	 0.006244058453396525 
39.3 	 0.006244058453393224 
39.4 	 0.006244058453389443 
39.5 	 0.00624405845338191 
39.6 	 0.006244058453380776 
39.7 	 0.006244058453382769 
39.8 	 0.006244058453385276 
39.9 	 0.006244058453389235 
40.0 	 0.0062440584533918165 
40.1 	 0.0062440584533962565 
40.2 	 0.006244058453384791 
40.3 	 0.00624405845338651 
40.4 	 0.006244058453387733 
40.5 	 0.006244058453388653 
40.6 	 0.006244058453388794 
40.7 	 0.006244058453377866 
40.8 	 0.006244058453391819 
40.9 	 0.006244058453383574 
41.0 	 0.00624405845339376 
41.1 	 0.0062440584533828185 
41.2 	 0.006244058453388855 
41.3 	 0.0062440584533790715 
41.4 	 0.006244058453384315 
41.5 	 0.006244058453387869 
41.6 	 0.006244058453388258 
41.7 	 0.006244058453379886 
41.8 	 0.006244058453389847 
41.9 	 0.0062440584533947 
42.0 	 0.0062440584533897964 
42.1 	 0.006244058453386125 
42.2 	 0.006244058453383242 
42.3 	 0.0062440584533926605 
42.4 	 0.006244058453390089 
42.5 	 0.0062440584533905415 
42.6 	 0.00624405845338682 
42.7 	 0.006244058453392452 
42.8 	 0.006244058453391254 
42.9 	 0.00624405845338214 
43.0 	 0.006244058453381709 
43.1 	 0.006244058453393845 
43.2 	 0.006244058453391776 
43.3 	 0.006244058453385665 
43.4 	 0.006244058453396821 
43.5 	 0.006244058453393862 
43.6 	 0.006244058453393443 
43.7 	 0.006244058453388552 
43.8 	 0.006244058453383869 
43.9 	 0.006244058453387679 
44.0 	 0.006244058453387689 
44.1 	 0.0062440584533810925 
44.2 	 0.0062440584533854995 
44.3 	 0.006244058453386778 
44.4 	 0.006244058453391227 
44.5 	 0.006244058453388392 
44.6 	 0.006244058453395918 
44.7 	 0.006244058453383505 
44.8 	 0.006244058453381475 
44.9 	 0.006244058453382748 
45.0 	 0.006244058453391859 
45.1 	 0.0062440584533774626 
45.2 	 0.00624405845338037 
45.3 	 0.006244058453385617 
45.4 	 0.0062440584533776725 
45.5 	 0.006244058453385124 
45.6 	 0.006244058453395194 
45.7 	 0.006244058453383686 
45.8 	 0.0062440584533836555 
45.9 	 0.006244058453393724 
46.0 	 0.006244058453386281 
46.1 	 0.006244058453382986 
46.2 	 0.006244058453390104 
46.3 	 0.0062440584533853755 
46.4 	 0.006244058453378522 
46.5 	 0.006244058453386683 
46.6 	 0.006244058453387428 
46.7 	 0.006244058453392094 
46.8 	 0.006244058453399589 
46.9 	 0.0062440584533886715 
47.0 	 0.006244058453379212 
47.1 	 0.006244058453379235 
47.2 	 0.006244058453393265 
47.3 	 0.006244058453385636 
47.4 	 0.006244058453386148 
47.5 	 0.00624405845338326 
47.6 	 0.006244058453391671 
47.7 	 0.006244058453393644 
47.8 	 0.006244058453374643 
47.9 	 0.006244058453387452 
48.0 	 0.00624405845339368 
48.1 	 0.006244058453402394 
48.2 	 0.006244058453385362 
48.3 	 0.006244058453384385 
48.4 	 0.006244058453391697 
48.5 	 0.0062440584533991605 
48.6 	 0.006244058453377267 
48.7 	 0.006244058453390709 
48.8 	 0.006244058453393305 
48.9 	 0.006244058453376164 
49.0 	 0.0062440584533852055 
49.1 	 0.00624405845339364 
49.2 	 0.006244058453389647 
49.3 	 0.006244058453378139 
49.4 	 0.00624405845338559 
49.5 	 0.006244058453384522 
49.6 	 0.006244058453390268 
49.7 	 0.006244058453384322 
49.8 	 0.006244058453391376 
49.9 	 0.006244058453384746 
50.0 	 0.006244058453388067 
50.1 	 0.0062440584533881415 
50.2 	 0.006244058453387438 
50.3 	 0.006244058453385049 
50.4 	 0.00624405845338549 
50.5 	 0.006244058453374398 
50.6 	 0.006244058453383501 
50.7 	 0.006244058453382538 
50.8 	 0.006244058453384996 
50.9 	 0.006244058453388323 
51.0 	 0.006244058453378592 
51.1 	 0.006244058453380981 
51.2 	 0.006244058453394692 
51.3 	 0.0062440584533915945 
51.4 	 0.006244058453392344 
51.5 	 0.006244058453387503 
51.6 	 0.006244058453378843 
51.7 	 0.006244058453397652 
51.8 	 0.006244058453390915 
51.9 	 0.006244058453382219 
52.0 	 0.00624405845337925 
52.1 	 0.006244058453390472 
52.2 	 0.006244058453392714 
52.3 	 0.006244058453379503 
52.4 	 0.0062440584533823545 
52.5 	 0.006244058453393628 
52.6 	 0.006244058453383852 
52.7 	 0.006244058453382322 
52.8 	 0.006244058453376162 
52.9 	 0.006244058453389862 
53.0 	 0.006244058453384317 
53.1 	 0.006244058453383459 
53.2 	 0.006244058453380982 
53.3 	 0.006244058453387482 
53.4 	 0.006244058453388806 
53.5 	 0.006244058453396496 
53.6 	 0.006244058453379482 
53.7 	 0.006244058453390512 
53.8 	 0.006244058453387642 
53.9 	 0.0062440584533814255 
54.0 	 0.00624405845338659 
54.1 	 0.006244058453389363 
54.2 	 0.006244058453383443 
54.3 	 0.006244058453388594 
54.4 	 0.0062440584533869714 
54.5 	 0.006244058453390109 
54.6 	 0.006244058453394745 
54.7 	 0.006244058453381756 
54.8 	 0.006244058453389457 
54.9 	 0.0062440584533815435 
55.0 	 0.0062440584533856825 
55.1 	 0.006244058453380487 
55.2 	 0.0062440584533981726 
55.3 	 0.006244058453389258 
55.4 	 0.006244058453386839 
55.5 	 0.006244058453390754 
55.6 	 0.0062440584533799085 
55.7 	 0.006244058453383464 
55.8 	 0.006244058453375996 
55.9 	 0.0062440584533817655 
56.0 	 0.006244058453389029 
56.1 	 0.006244058453393221 
56.2 	 0.006244058453384169 
56.3 	 0.006244058453379016 
56.4 	 0.006244058453389615 
56.5 	 0.006244058453392219 
56.6 	 0.006244058453396063 
56.7 	 0.006244058453379932 
56.8 	 0.006244058453387204 
56.9 	 0.006244058453391223 
57.0 	 0.006244058453394064 
57.1 	 0.006244058453381635 
57.2 	 0.006244058453395276 
57.3 	 0.0062440584533799085 
57.4 	 0.006244058453382664 
57.5 	 0.006244058453392501 
57.6 	 0.0062440584533931184 
57.7 	 0.006244058453387915 
57.8 	 0.006244058453393809 
57.9 	 0.006244058453385401 
58.0 	 0.006244058453378202 
58.1 	 0.006244058453383443 
58.2 	 0.006244058453385936 
58.3 	 0.006244058453390154 
58.4 	 0.006244058453395569 
58.5 	 0.006244058453388497 
58.6 	 0.006244058453381277 
58.7 	 0.006244058453386999 
58.8 	 0.006244058453387604 
58.9 	 0.006244058453389161 
59.0 	 0.006244058453391197 
59.1 	 0.006244058453394068 
59.2 	 0.006244058453383109 
59.3 	 0.006244058453389038 
59.4 	 0.006244058453386351 
59.5 	 0.006244058453375356 
59.6 	 0.0062440584533903516 
59.7 	 0.006244058453388103 
59.8 	 0.0062440584533901 
59.9 	 0.006244058453396261 
60.0 	 0.006244058453385884 
60.1 	 0.006244058453388282 
60.2 	 0.0062440584533931896 
60.3 	 0.006244058453387772 
60.4 	 0.006244058453381439 
60.5 	 0.006244058453380736 
60.6 	 0.0062440584533838975 
60.7 	 0.0062440584533828385 
60.8 	 0.006244058453378855 
60.9 	 0.006244058453395126 
61.0 	 0.006244058453395045 
61.1 	 0.006244058453387309 
61.2 	 0.006244058453383262 
61.3 	 0.006244058453375514 
61.4 	 0.006244058453384986 
61.5 	 0.006244058453396023 
61.6 	 0.006244058453396475 
61.7 	 0.006244058453389852 
61.8 	 0.006244058453381173 
61.9 	 0.006244058453381198 
62.0 	 0.006244058453382969 
62.1 	 0.006244058453403338 
62.2 	 0.006244058453387653 
62.3 	 0.006244058453384817 
62.4 	 0.006244058453385651 
62.5 	 0.0062440584533940404 
62.6 	 0.0062440584533893844 
62.7 	 0.006244058453399308 
62.8 	 0.006244058453382628 
62.9 	 0.006244058453389852 
63.0 	 0.006244058453393487 
63.1 	 0.006244058453387512 
63.2 	 0.006244058453384819 
63.3 	 0.006244058453392378 
63.4 	 0.006244058453381913 
63.5 	 0.006244058453390952 
63.6 	 0.006244058453383638 
63.7 	 0.006244058453388077 
63.8 	 0.006244058453380582 
63.9 	 0.006244058453394062 
64.0 	 0.006244058453395186 
64.1 	 0.006244058453377719 
64.2 	 0.006244058453385874 
64.3 	 0.006244058453380358 
64.4 	 0.006244058453377267 
64.5 	 0.006244058453385442 
64.6 	 0.006244058453374387 
64.7 	 0.006244058453384098 
64.8 	 0.006244058453392072 
64.9 	 0.006244058453380399 
65.0 	 0.006244058453390318 
65.1 	 0.006244058453379484 
65.2 	 0.006244058453389826 
65.3 	 0.0062440584533877295 
65.4 	 0.006244058453383441 
65.5 	 0.006244058453393828 
65.6 	 0.006244058453397014 
65.7 	 0.006244058453392122 
65.8 	 0.006244058453388783 
65.9 	 0.0062440584533938305 
66.0 	 0.006244058453388864 
66.1 	 0.006244058453392783 
66.2 	 0.006244058453379306 
66.3 	 0.006244058453377679 
66.4 	 0.006244058453386346 
66.5 	 0.006244058453378909 
66.6 	 0.006244058453392077 
66.7 	 0.006244058453394126 
66.8 	 0.006244058453383561 
66.9 	 0.006244058453382387 
67.0 	 0.006244058453387875 
67.1 	 0.006244058453388946 
67.2 	 0.006244058453376786 
67.3 	 0.006244058453393568 
67.4 	 0.0062440584533909466 
67.5 	 0.00624405845338269 
67.6 	 0.0062440584533816155 
67.7 	 0.006244058453390195 
67.8 	 0.006244058453388379 
67.9 	 0.006244058453389089 
68.0 	 0.006244058453383069 
68.1 	 0.006244058453381188 
68.2 	 0.006244058453394057 
68.3 	 0.006244058453377711 
68.4 	 0.006244058453392281 
68.5 	 0.006244058453375916 
68.6 	 0.006244058453391276 
68.7 	 0.006244058453376219 
68.8 	 0.006244058453386548 
68.9 	 0.006244058453388981 
69.0 	 0.0062440584533852055 
69.1 	 0.006244058453383242 
69.2 	 0.00624405845338301 
69.3 	 0.006244058453393005 
69.4 	 0.0062440584533926 
69.5 	 0.00624405845338582 
69.6 	 0.0062440584533867355 
69.7 	 0.006244058453381495 
69.8 	 0.006244058453391383 
69.9 	 0.006244058453390919 
70.0 	 0.006244058453390278 
70.1 	 0.006244058453384949 
70.2 	 0.006244058453381876 
70.3 	 0.006244058453388557 
70.4 	 0.006244058453398421 
70.5 	 0.006244058453379925 
70.6 	 0.006244058453383047 
70.7 	 0.0062440584533803856 
70.8 	 0.006244058453392265 
70.9 	 0.006244058453390103 
71.0 	 0.006244058453377709 
71.1 	 0.006244058453382571 
71.2 	 0.006244058453389385 
71.3 	 0.006244058453392951 
71.4 	 0.006244058453393385 
71.5 	 0.006244058453381356 
71.6 	 0.00624405845338194 
71.7 	 0.006244058453389052 
71.8 	 0.006244058453388882 
71.9 	 0.006244058453393103 
72.0 	 0.006244058453388537 
72.1 	 0.006244058453384093 
72.2 	 0.006244058453391572 
72.3 	 0.0062440584533919935 
72.4 	 0.006244058453379902 
72.5 	 0.006244058453383403 
72.6 	 0.006244058453393335 
72.7 	 0.0062440584533854405 
72.8 	 0.006244058453382333 
72.9 	 0.006244058453392472 
73.0 	 0.006244058453384309 
73.1 	 0.006244058453379872 
73.2 	 0.006244058453388937 
73.3 	 0.00624405845338815 
73.4 	 0.006244058453379083 
73.5 	 0.006244058453393591 
73.6 	 0.006244058453387206 
73.7 	 0.00624405845339337 
73.8 	 0.006244058453377751 
73.9 	 0.006244058453389225 
74.0 	 0.006244058453384718 
74.1 	 0.006244058453392949 
74.2 	 0.0062440584533781825 
74.3 	 0.0062440584533817005 
74.4 	 0.0062440584533910385 
74.5 	 0.006244058453389012 
74.6 	 0.006244058453388595 
74.7 	 0.0062440584533811055 
74.8 	 0.0062440584533872655 
74.9 	 0.006244058453380771 
75.0 	 0.006244058453390967 
75.1 	 0.006244058453376627 
75.2 	 0.0062440584533828385 
75.3 	 0.006244058453385059 
75.4 	 0.006244058453391647 
75.5 	 0.006244058453381252 
75.6 	 0.006244058453385637 
75.7 	 0.006244058453381756 
75.8 	 0.006244058453395011 
75.9 	 0.006244058453378905 
76.0 	 0.006244058453385894 
76.1 	 0.006244058453383199 
76.2 	 0.006244058453397493 
76.3 	 0.006244058453388293 
76.4 	 0.0062440584533907184 
76.5 	 0.006244058453391561 
76.6 	 0.006244058453379022 
76.7 	 0.006244058453377186 
76.8 	 0.006244058453391601 
76.9 	 0.00624405845338653 
77.0 	 0.006244058453383464 
77.1 	 0.006244058453390162 
77.2 	 0.006244058453389809 
77.3 	 0.00624405845339178 
77.4 	 0.00624405845338432 
77.5 	 0.006244058453393628 
77.6 	 0.00624405845338657 
77.7 	 0.006244058453383893 
77.8 	 0.006244058453386555 
77.9 	 0.00624405845338301 
78.0 	 0.006244058453383913 
78.1 	 0.006244058453384124 
78.2 	 0.006244058453390003 
78.3 	 0.006244058453386522 
78.4 	 0.006244058453385393 
78.5 	 0.006244058453386533 
78.6 	 0.006244058453397098 
78.7 	 0.00624405845339162 
78.8 	 0.00624405845338273 
78.9 	 0.0062440584533929415 
79.0 	 0.006244058453383102 
79.1 	 0.006244058453389336 
79.2 	 0.006244058453385606 
79.3 	 0.006244058453387416 
79.4 	 0.006244058453388462 
79.5 	 0.006244058453382747 
79.6 	 0.006244058453387166 
79.7 	 0.006244058453395236 
79.8 	 0.006244058453390162 
79.9 	 0.006244058453391658 
80.0 	 0.006244058453390312 
80.1 	 0.006244058453383232 
80.2 	 0.006244058453386328 
80.3 	 0.006244058453385867 
80.4 	 0.006244058453393543 
80.5 	 0.006244058453384825 
80.6 	 0.006244058453388402 
80.7 	 0.006244058453387686 
80.8 	 0.006244058453386946 
80.9 	 0.006244058453377729 
81.0 	 0.0062440584533923335 
81.1 	 0.006244058453386999 
81.2 	 0.006244058453383202 
81.3 	 0.006244058453380304 
81.4 	 0.006244058453390259 
81.5 	 0.006244058453396184 
81.6 	 0.00624405845338315 
81.7 	 0.0062440584533913265 
81.8 	 0.006244058453385985 
81.9 	 0.006244058453390302 
82.0 	 0.0062440584533874285 
82.1 	 0.006244058453381028 
82.2 	 0.006244058453380528 
82.3 	 0.006244058453385006 
82.4 	 0.006244058453388566 
82.5 	 0.006244058453399186 
82.6 	 0.006244058453385257 
82.7 	 0.00624405845338952 
82.8 	 0.006244058453396899 
82.9 	 0.006244058453385885 
83.0 	 0.006244058453384947 
83.1 	 0.0062440584533845125 
83.2 	 0.006244058453390637 
83.3 	 0.006244058453384098 
83.4 	 0.006244058453388525 
83.5 	 0.006244058453379218 
83.6 	 0.006244058453388059 
83.7 	 0.00624405845338301 
83.8 	 0.006244058453384975 
83.9 	 0.006244058453389859 
84.0 	 0.006244058453390122 
84.1 	 0.006244058453397402 
84.2 	 0.006244058453390325 
84.3 	 0.006244058453385937 
84.4 	 0.006244058453392991 
84.5 	 0.006244058453395208 
84.6 	 0.006244058453388514 
84.7 	 0.006244058453394702 
84.8 	 0.0062440584533876185 
84.9 	 0.006244058453381059 
85.0 	 0.006244058453393402 
85.1 	 0.006244058453388336 
85.2 	 0.006244058453378361 
85.3 	 0.006244058453384079 
85.4 	 0.006244058453385418 
85.5 	 0.006244058453385531 
85.6 	 0.006244058453381275 
85.7 	 0.00624405845338984 
85.8 	 0.006244058453384337 
85.9 	 0.006244058453388167 
86.0 	 0.00624405845339117 
86.1 	 0.006244058453401091 
86.2 	 0.006244058453386388 
86.3 	 0.00624405845340022 
86.4 	 0.006244058453383683 
86.5 	 0.006244058453384551 
86.6 	 0.006244058453380774 
86.7 	 0.006244058453386837 
86.8 	 0.006244058453386606 
86.9 	 0.006244058453380445 
87.0 	 0.006244058453389569 
87.1 	 0.006244058453381386 
87.2 	 0.006244058453395696 
87.3 	 0.006244058453375304 
87.4 	 0.006244058453390338 
87.5 	 0.00624405845338826 
87.6 	 0.006244058453390512 
87.7 	 0.0062440584533796605 
87.8 	 0.006244058453380992 
87.9 	 0.0062440584533791565 
88.0 	 0.006244058453381477 
88.1 	 0.006244058453395004 
88.2 	 0.006244058453390244 
88.3 	 0.006244058453372318 
88.4 	 0.006244058453376664 
88.5 	 0.006244058453387004 
88.6 	 0.006244058453391865 
88.7 	 0.006244058453387199 
88.8 	 0.006244058453384929 
88.9 	 0.0062440584533865135 
89.0 	 0.00624405845339007 
89.1 	 0.006244058453383928 
89.2 	 0.006244058453381051 
89.3 	 0.0062440584533876515 
89.4 	 0.006244058453392995 
89.5 	 0.006244058453390625 
89.6 	 0.006244058453388781 
89.7 	 0.006244058453391715 
89.8 	 0.006244058453388026 
89.9 	 0.006244058453394436 
90.0 	 0.0062440584533828 
90.1 	 0.006244058453385914 
90.2 	 0.006244058453373105 
90.3 	 0.0062440584533903195 
90.4 	 0.006244058453387074 
90.5 	 0.0062440584533954594 
90.6 	 0.006244058453387305 
90.7 	 0.006244058453386446 
90.8 	 0.006244058453390847 
90.9 	 0.006244058453391732 
91.0 	 0.006244058453388318 
91.1 	 0.006244058453392138 
91.2 	 0.006244058453380866 
91.3 	 0.0062440584533848004 
91.4 	 0.00624405845337614 
91.5 	 0.00624405845338076 
91.6 	 0.006244058453377552 
91.7 	 0.006244058453392317 
91.8 	 0.0062440584533800724 
91.9 	 0.006244058453380772 
92.0 	 0.006244058453388759 
92.1 	 0.006244058453384178 
92.2 	 0.006244058453393247 
92.3 	 0.006244058453391374 
92.4 	 0.006244058453390242 
92.5 	 0.006244058453387212 
92.6 	 0.00624405845337948 
92.7 	 0.006244058453389404 
92.8 	 0.006244058453390094 
92.9 	 0.006244058453381671 
93.0 	 0.0062440584533914305 
93.1 	 0.006244058453389437 
93.2 	 0.006244058453382374 
93.3 	 0.006244058453378602 
93.4 	 0.00624405845338753 
93.5 	 0.006244058453385338 
93.6 	 0.0062440584533814784 
93.7 	 0.006244058453382297 
93.8 	 0.006244058453384351 
93.9 	 0.006244058453383547 
94.0 	 0.00624405845339068 
94.1 	 0.0062440584533810925 
94.2 	 0.006244058453379721 
94.3 	 0.006244058453380046 
94.4 	 0.006244058453392499 
94.5 	 0.006244058453382253 
94.6 	 0.006244058453392045 
94.7 	 0.006244058453384732 
94.8 	 0.006244058453378159 
94.9 	 0.006244058453384718 
95.0 	 0.006244058453388947 
95.1 	 0.006244058453375254 
95.2 	 0.00624405845337882 
95.3 	 0.0062440584533806675 
95.4 	 0.00624405845338724 
95.5 	 0.006244058453387721 
95.6 	 0.006244058453387886 
95.7 	 0.00624405845338191 
95.8 	 0.006244058453381957 
95.9 	 0.006244058453386816 
96.0 	 0.006244058453383664 
96.1 	 0.0062440584533827665 
96.2 	 0.006244058453388292 
96.3 	 0.0062440584533830085 
96.4 	 0.0062440584533874485 
96.5 	 0.006244058453386104 
96.6 	 0.006244058453386568 
96.7 	 0.0062440584533918755 
96.8 	 0.00624405845339162 
96.9 	 0.006244058453396113 
97.0 	 0.006244058453388355 
97.1 	 0.006244058453381918 
97.2 	 0.006244058453391819 
97.3 	 0.006244058453392892 
97.4 	 0.00624405845337326 
97.5 	 0.006244058453382865 
97.6 	 0.00624405845338064 
97.7 	 0.0062440584533887825 
97.8 	 0.006244058453392737 
97.9 	 0.006244058453395608 
98.0 	 0.0062440584533910125 
98.1 	 0.006244058453388248 
98.2 	 0.00624405845338557 
98.3 	 0.006244058453389171 
98.4 	 0.006244058453390782 
98.5 	 0.00624405845339025 
98.6 	 0.006244058453380151 
98.7 	 0.006244058453386812 
98.8 	 0.0062440584533850485 
98.9 	 0.006244058453384736 
99.0 	 0.00624405845338165 
99.1 	 0.006244058453384243 
99.2 	 0.006244058453382174 
99.3 	 0.006244058453382037 
99.4 	 0.00624405845338935 
99.5 	 0.006244058453386277 
99.6 	 0.00624405845338919 
99.7 	 0.006244058453392948 
99.8 	 0.006244058453387545 
99.9 	 0.006244058453388794 
100.0 	 0.006244058453386946 
100.1 	 0.006244058453384285 
100.2 	 0.0062440584533912 
100.3 	 0.00624405845338192 
100.4 	 0.006244058453382125 
100.5 	 0.006244058453382687 
100.6 	 0.006244058453388033 
100.7 	 0.0062440584533922615 
100.8 	 0.006244058453382777 
100.9 	 0.0062440584533810664 
101.0 	 0.006244058453382581 
101.1 	 0.006244058453381928 
101.2 	 0.00624405845339071 
101.3 	 0.006244058453379733 
101.4 	 0.0062440584533960284 
101.5 	 0.006244058453387206 
101.6 	 0.006244058453393977 
101.7 	 0.006244058453379902 
101.8 	 0.006244058453378787 
101.9 	 0.006244058453379697 
102.0 	 0.00624405845338192 
102.1 	 0.006244058453389369 
102.2 	 0.006244058453381658 
102.3 	 0.006244058453376538 
102.4 	 0.00624405845337948 
102.5 	 0.0062440584533874485 
102.6 	 0.0062440584533883375 
102.7 	 0.006244058453395128 
102.8 	 0.006244058453396245 
102.9 	 0.006244058453385793 
103.0 	 0.0062440584533916335 
103.1 	 0.006244058453388738 
103.2 	 0.006244058453391924 
103.3 	 0.0062440584533966495 
103.4 	 0.006244058453395959 
103.5 	 0.0062440584533778095 
103.6 	 0.006244058453387458 
103.7 	 0.0062440584533854085 
103.8 	 0.006244058453388633 
103.9 	 0.006244058453381406 
104.0 	 0.006244058453376893 
104.1 	 0.006244058453387908 
104.2 	 0.006244058453387857 
104.3 	 0.006244058453387199 
104.4 	 0.006244058453378373 
104.5 	 0.006244058453392925 
104.6 	 0.006244058453391968 
104.7 	 0.006244058453395653 
104.8 	 0.006244058453386597 
104.9 	 0.006244058453389525 
105.0 	 0.006244058453385524 
105.1 	 0.0062440584533879325 
105.2 	 0.0062440584533896715 
105.3 	 0.0062440584533791175 
105.4 	 0.006244058453391467 
105.5 	 0.006244058453380167 
105.6 	 0.006244058453379276 
105.7 	 0.006244058453390948 
105.8 	 0.0062440584533845715 
105.9 	 0.006244058453395135 
106.0 	 0.006244058453375688 
106.1 	 0.0062440584533997295 
106.2 	 0.006244058453393259 
106.3 	 0.0062440584533838776 
106.4 	 0.006244058453384361 
106.5 	 0.006244058453391411 
106.6 	 0.006244058453394258 
106.7 	 0.006244058453396012 
106.8 	 0.006244058453382855 
106.9 	 0.006244058453391489 
107.0 	 0.006244058453380022 
107.1 	 0.0062440584533872455 
107.2 	 0.006244058453387214 
107.3 	 0.006244058453387232 
107.4 	 0.006244058453396122 
107.5 	 0.00624405845338537 
107.6 	 0.006244058453388985 
107.7 	 0.006244058453392058 
107.8 	 0.006244058453378795 
107.9 	 0.006244058453393977 
108.0 	 0.006244058453391126 
108.1 	 0.006244058453389845 
108.2 	 0.006244058453388976 
108.3 	 0.006244058453388314 
108.4 	 0.006244058453388764 
108.5 	 0.006244058453393378 
108.6 	 0.006244058453381477 
108.7 	 0.006244058453390709 
108.8 	 0.006244058453380804 
108.9 	 0.006244058453393174 
109.0 	 0.006244058453388974 
109.1 	 0.006244058453388293 
109.2 	 0.006244058453385284 
109.3 	 0.006244058453387236 
109.4 	 0.006244058453384797 
109.5 	 0.006244058453395128 
109.6 	 0.0062440584533878865 
109.7 	 0.006244058453389174 
109.8 	 0.006244058453383427 
109.9 	 0.006244058453389447 
110.0 	 0.006244058453387014 
110.1 	 0.0062440584533859245 
110.2 	 0.00624405845338899 
110.3 	 0.006244058453376379 
110.4 	 0.006244058453390731 
110.5 	 0.006244058453377575 
110.6 	 0.006244058453384698 
110.7 	 0.00624405845338287 
110.8 	 0.006244058453384476 
110.9 	 0.00624405845337724 
111.0 	 0.006244058453379029 
111.1 	 0.006244058453391511 
111.2 	 0.0062440584533775025 
111.3 	 0.0062440584533852645 
111.4 	 0.0062440584533870495 
111.5 	 0.006244058453401809 
111.6 	 0.006244058453389795 
111.7 	 0.006244058453390083 
111.8 	 0.006244058453381344 
111.9 	 0.006244058453389201 
112.0 	 0.006244058453380821 
112.1 	 0.006244058453391224 
112.2 	 0.006244058453378631 
112.3 	 0.006244058453380776 
112.4 	 0.006244058453390455 
112.5 	 0.006244058453382556 
112.6 	 0.006244058453379903 
112.7 	 0.006244058453390461 
112.8 	 0.006244058453387443 
112.9 	 0.006244058453388566 
113.0 	 0.006244058453392321 
113.1 	 0.006244058453400925 
113.2 	 0.006244058453378565 
113.3 	 0.006244058453395883 
113.4 	 0.006244058453378107 
113.5 	 0.0062440584533902735 
113.6 	 0.0062440584533964985 
113.7 	 0.006244058453389208 
113.8 	 0.0062440584533801306 
113.9 	 0.006244058453387923 
114.0 	 0.0062440584533925555 
114.1 	 0.006244058453380635 
114.2 	 0.006244058453387462 
114.3 	 0.006244058453379681 
114.4 	 0.006244058453381926 
114.5 	 0.006244058453387703 
114.6 	 0.006244058453390083 
114.7 	 0.006244058453393491 
114.8 	 0.006244058453390122 
114.9 	 0.00624405845339561 
115.0 	 0.0062440584533833745 
115.1 	 0.006244058453390038 
115.2 	 0.006244058453388939 
115.3 	 0.006244058453380557 
115.4 	 0.006244058453389048 
115.5 	 0.006244058453391137 
115.6 	 0.006244058453378667 
115.7 	 0.00624405845338721 
115.8 	 0.006244058453387665 
115.9 	 0.006244058453378695 
116.0 	 0.006244058453391446 
116.1 	 0.00624405845338465 
116.2 	 0.00624405845339398 
116.3 	 0.00624405845338474 
116.4 	 0.006244058453379472 
116.5 	 0.006244058453385631 
116.6 	 0.006244058453376095 
116.7 	 0.006244058453390221 
116.8 	 0.006244058453387628 
116.9 	 0.006244058453386889 
117.0 	 0.006244058453382569 
117.1 	 0.006244058453398921 
117.2 	 0.006244058453384367 
117.3 	 0.006244058453384543 
117.4 	 0.006244058453386307 
117.5 	 0.00624405845338841 
117.6 	 0.006244058453391019 
117.7 	 0.006244058453391004 
117.8 	 0.006244058453392772 
117.9 	 0.0062440584533774825 
118.0 	 0.006244058453382115 
118.1 	 0.006244058453382969 
118.2 	 0.006244058453391018 
118.3 	 0.006244058453393646 
118.4 	 0.006244058453386574 
118.5 	 0.006244058453378434 
118.6 	 0.006244058453389029 
118.7 	 0.006244058453378192 
118.8 	 0.006244058453389207 
118.9 	 0.006244058453383427 
119.0 	 0.006244058453382343 
119.1 	 0.006244058453395601 
119.2 	 0.006244058453385022 
119.3 	 0.006244058453383012 
119.4 	 0.006244058453390564 
119.5 	 0.006244058453392946 
119.6 	 0.006244058453390524 
119.7 	 0.006244058453389181 
119.8 	 0.006244058453371257 
119.9 	 0.0062440584533889005 
120.0 	 0.0062440584533853755 
120.1 	 0.006244058453395376 
120.2 	 0.0062440584533773125 
120.3 	 0.006244058453395368 
120.4 	 0.006244058453382738 
120.5 	 0.006244058453382719 
120.6 	 0.006244058453388034 
120.7 	 0.006244058453375701 
120.8 	 0.006244058453382989 
120.9 	 0.006244058453386577 
121.0 	 0.006244058453382756 
121.1 	 0.006244058453396734 
121.2 	 0.0062440584533857415 
121.3 	 0.006244058453385235 
121.4 	 0.006244058453391141 
121.5 	 0.006244058453393784 
121.6 	 0.006244058453392484 
121.7 	 0.0062440584533797455 
121.8 	 0.006244058453384848 
121.9 	 0.006244058453393468 
122.0 	 0.006244058453392317 
122.1 	 0.0062440584533801635 
122.2 	 0.006244058453386552 
122.3 	 0.006244058453389878 
122.4 	 0.0062440584533946745 
122.5 	 0.0062440584533847735 
122.6 	 0.006244058453383636 
122.7 	 0.006244058453390869 
122.8 	 0.006244058453386606 
122.9 	 0.006244058453384886 
123.0 	 0.006244058453388606 
123.1 	 0.00624405845338925 
123.2 	 0.006244058453393644 
123.3 	 0.00624405845339072 
123.4 	 0.0062440584533826424 
123.5 	 0.006244058453386344 
123.6 	 0.006244058453387341 
123.7 	 0.006244058453377726 
123.8 	 0.0062440584533911695 
123.9 	 0.006244058453390358 
124.0 	 0.006244058453392029 
124.1 	 0.006244058453388727 
124.2 	 0.006244058453391893 
124.3 	 0.0062440584533747095 
124.4 	 0.006244058453378844 
124.5 	 0.006244058453383727 
124.6 	 0.006244058453398343 
124.7 	 0.006244058453387418 
124.8 	 0.00624405845338415 
124.9 	 0.00624405845337995 
125.0 	 0.006244058453377509 
125.1 	 0.00624405845338558 
125.2 	 0.006244058453379266 
125.3 	 0.006244058453385886 
125.4 	 0.0062440584533879845 
125.5 	 0.006244058453388791 
125.6 	 0.006244058453388363 
125.7 	 0.006244058453381276 
125.8 	 0.006244058453385652 
125.9 	 0.0062440584533797125 
126.0 	 0.006244058453393686 
126.1 	 0.00624405845338899 
126.2 	 0.00624405845338184 
126.3 	 0.006244058453377007 
126.4 	 0.006244058453385175 
126.5 	 0.006244058453386757 
126.6 	 0.006244058453388301 
126.7 	 0.00624405845337902 
126.8 	 0.006244058453391271 
126.9 	 0.006244058453382481 
127.0 	 0.0062440584533894495 
127.1 	 0.006244058453380114 
127.2 	 0.006244058453383915 
127.3 	 0.0062440584533892205 
127.4 	 0.0062440584533841395 
127.5 	 0.006244058453387989 
127.6 	 0.006244058453389086 
127.7 	 0.006244058453388498 
127.8 	 0.0062440584533783395 
127.9 	 0.006244058453374777 
128.0 	 0.006244058453389055 
128.1 	 0.006244058453390978 
128.2 	 0.0062440584533836 
128.3 	 0.006244058453380343 
128.4 	 0.00624405845339139 
128.5 	 0.006244058453385642 
128.6 	 0.006244058453387662 
128.7 	 0.0062440584533865855 
128.8 	 0.006244058453392371 
128.9 	 0.006244058453380993 
129.0 	 0.006244058453386035 
129.1 	 0.006244058453382091 
129.2 	 0.0062440584533820865 
129.3 	 0.0062440584533881086 
129.4 	 0.006244058453389391 
129.5 	 0.006244058453393109 
129.6 	 0.006244058453390751 
129.7 	 0.006244058453388001 
129.8 	 0.006244058453378135 
129.9 	 0.0062440584533956026 
130.0 	 0.006244058453381876 
130.1 	 0.006244058453384567 
130.2 	 0.006244058453381265 
130.3 	 0.0062440584533847935 
130.4 	 0.006244058453381705 
130.5 	 0.006244058453386351 
130.6 	 0.00624405845338193 
130.7 	 0.00624405845339431 
130.8 	 0.006244058453390629 
130.9 	 0.006244058453389383 
131.0 	 0.006244058453394941 
131.1 	 0.006244058453382152 
131.2 	 0.006244058453393422 
131.3 	 0.00624405845338701 
131.4 	 0.006244058453375456 
131.5 	 0.006244058453382102 
131.6 	 0.006244058453384784 
131.7 	 0.006244058453378012 
131.8 	 0.00624405845339257 
131.9 	 0.006244058453378612 
132.0 	 0.006244058453381649 
132.1 	 0.006244058453388275 
132.2 	 0.006244058453393785 
132.3 	 0.00624405845338824 
132.4 	 0.006244058453383869 
132.5 	 0.006244058453376767 
132.6 	 0.00624405845338489 
132.7 	 0.006244058453383459 
132.8 	 0.006244058453396064 
132.9 	 0.006244058453376808 
133.0 	 0.006244058453388971 
133.1 	 0.006244058453388086 
133.2 	 0.00624405845338657 
133.3 	 0.006244058453389244 
133.4 	 0.006244058453384371 
133.5 	 0.00624405845338696 
133.6 	 0.006244058453397696 
133.7 	 0.006244058453380788 
133.8 	 0.00624405845338586 
133.9 	 0.006244058453389859 
134.0 	 0.006244058453391617 
134.1 	 0.0062440584533825765 
134.2 	 0.006244058453383262 
134.3 	 0.0062440584533940725 
134.4 	 0.006244058453383499 
134.5 	 0.006244058453383224 
134.6 	 0.0062440584533958775 
134.7 	 0.006244058453379758 
134.8 	 0.0062440584533872846 
134.9 	 0.006244058453381726 
135.0 	 0.006244058453383468 
135.1 	 0.006244058453382374 
135.2 	 0.006244058453388849 
135.3 	 0.006244058453378651 
135.4 	 0.006244058453387133 
135.5 	 0.006244058453384541 
135.6 	 0.006244058453395163 
135.7 	 0.006244058453388754 
135.8 	 0.006244058453393613 
135.9 	 0.00624405845338495 
136.0 	 0.006244058453381314 
136.1 	 0.0062440584533949295 
136.2 	 0.006244058453385445 
136.3 	 0.00624405845339775 
136.4 	 0.00624405845339161 
136.5 	 0.0062440584533880175 
136.6 	 0.006244058453393221 
136.7 	 0.006244058453392089 
136.8 	 0.006244058453389972 
136.9 	 0.006244058453378095 
137.0 	 0.006244058453381677 
137.1 	 0.006244058453379939 
137.2 	 0.006244058453379258 
137.3 	 0.006244058453396918 
137.4 	 0.006244058453388603 
137.5 	 0.006244058453388123 
137.6 	 0.0062440584533814845 
137.7 	 0.006244058453393607 
137.8 	 0.006244058453392933 
137.9 	 0.006244058453384016 
138.0 	 0.006244058453387609 
138.1 	 0.006244058453392063 
138.2 	 0.006244058453392709 
138.3 	 0.0062440584533921305 
138.4 	 0.0062440584534003305 
138.5 	 0.006244058453393571 
138.6 	 0.006244058453378503 
138.7 	 0.0062440584533864155 
138.8 	 0.006244058453381369 
138.9 	 0.006244058453390447 
139.0 	 0.006244058453383022 
139.1 	 0.006244058453392514 
139.2 	 0.006244058453383491 
139.3 	 0.006244058453387031 
139.4 	 0.006244058453384519 
139.5 	 0.006244058453376526 
139.6 	 0.006244058453386491 
139.7 	 0.006244058453381301 
139.8 	 0.006244058453380873 
139.9 	 0.00624405845339052 
140.0 	 0.006244058453385012 
140.1 	 0.006244058453380499 
140.2 	 0.00624405845338872 
140.3 	 0.006244058453392965 
140.4 	 0.006244058453386187 
140.5 	 0.006244058453381745 
140.6 	 0.0062440584533925425 
140.7 	 0.006244058453383374 
140.8 	 0.006244058453384587 
140.9 	 0.00624405845339343 
141.0 	 0.0062440584533943015 
141.1 	 0.006244058453387892 
141.2 	 0.006244058453375483 
141.3 	 0.006244058453377513 
141.4 	 0.006244058453393351 
141.5 	 0.006244058453390549 
141.6 	 0.006244058453389433 
141.7 	 0.006244058453393411 
141.8 	 0.00624405845337788 
141.9 	 0.006244058453395275 
142.0 	 0.0062440584533910125 
142.1 	 0.006244058453379721 
142.2 	 0.006244058453382427 
142.3 	 0.006244058453395996 
142.4 	 0.00624405845338029 
142.5 	 0.00624405845338315 
142.6 	 0.006244058453393505 
142.7 	 0.00624405845339033 
142.8 	 0.006244058453383341 
142.9 	 0.006244058453393165 
143.0 	 0.006244058453395154 
143.1 	 0.006244058453384103 
143.2 	 0.0062440584533933596 
143.3 	 0.0062440584533883115 
143.4 	 0.006244058453379963 
143.5 	 0.0062440584533834265 
143.6 	 0.006244058453379198 
143.7 	 0.006244058453398461 
143.8 	 0.006244058453388504 
143.9 	 0.00624405845338079 
144.0 	 0.006244058453380545 
144.1 	 0.006244058453382991 
144.2 	 0.006244058453394051 
144.3 	 0.006244058453386787 
144.4 	 0.006244058453388285 
144.5 	 0.006244058453382622 
144.6 	 0.006244058453382564 
144.7 	 0.006244058453388779 
144.8 	 0.006244058453386075 
144.9 	 0.006244058453386964 
145.0 	 0.0062440584533834794 
145.1 	 0.0062440584533862975 
145.2 	 0.006244058453388389 
145.3 	 0.0062440584533791305 
145.4 	 0.006244058453389441 
145.5 	 0.006244058453379494 
145.6 	 0.0062440584533832106 
145.7 	 0.006244058453388163 
145.8 	 0.0062440584533844075 
145.9 	 0.006244058453381575 
146.0 	 0.006244058453386883 
146.1 	 0.006244058453387476 
146.2 	 0.006244058453381252 
146.3 	 0.006244058453393409 
146.4 	 0.006244058453383279 
146.5 	 0.006244058453390325 
146.6 	 0.006244058453380534 
146.7 	 0.006244058453379871 
146.8 	 0.0062440584533931896 
146.9 	 0.006244058453388964 
147.0 	 0.006244058453387821 
147.1 	 0.006244058453380826 
147.2 	 0.00624405845339872 
147.3 	 0.00624405845338192 
147.4 	 0.00624405845338787 
147.5 	 0.0062440584533838776 
147.6 	 0.006244058453382527 
147.7 	 0.006244058453377045 
147.8 	 0.006244058453390098 
147.9 	 0.006244058453385587 
148.0 	 0.0062440584533943 
148.1 	 0.006244058453387695 
148.2 	 0.006244058453388715 
148.3 	 0.00624405845338429 
148.4 	 0.0062440584533836226 
148.5 	 0.006244058453391915 
148.6 	 0.00624405845338833 
148.7 	 0.006244058453391913 
148.8 	 0.0062440584533914965 
148.9 	 0.00624405845338846 
149.0 	 0.006244058453383958 
149.1 	 0.006244058453385039 
149.2 	 0.006244058453381269 
149.3 	 0.006244058453388989 
149.4 	 0.006244058453385645 
149.5 	 0.006244058453380159 
149.6 	 0.006244058453386794 
149.7 	 0.006244058453387093 
149.8 	 0.006244058453390955 
149.9 	 0.006244058453383234 
150.0 	 0.006244058453387356 
150.1 	 0.006244058453378089 
150.2 	 0.006244058453394284 
150.3 	 0.006244058453383254 
150.4 	 0.006244058453384302 
150.5 	 0.0062440584533937984 
150.6 	 0.006244058453388939 
150.7 	 0.00624405845337953 
150.8 	 0.006244058453377275 
150.9 	 0.0062440584533847805 
151.0 	 0.006244058453383234 
151.1 	 0.006244058453386086 
151.2 	 0.0062440584533810135 
151.3 	 0.0062440584533830674 
151.4 	 0.0062440584533896785 
151.5 	 0.00624405845337884 
151.6 	 0.0062440584533903125 
151.7 	 0.006244058453378585 
151.8 	 0.0062440584533788495 
151.9 	 0.006244058453391467 
152.0 	 0.006244058453394065 
152.1 	 0.006244058453384624 
152.2 	 0.006244058453384148 
152.3 	 0.006244058453386637 
152.4 	 0.006244058453378146 
152.5 	 0.006244058453384991 
152.6 	 0.006244058453387419 
152.7 	 0.006244058453385381 
152.8 	 0.006244058453385197 
152.9 	 0.006244058453395172 
153.0 	 0.006244058453386594 
153.1 	 0.006244058453392299 
153.2 	 0.006244058453378914 
153.3 	 0.006244058453382745 
153.4 	 0.006244058453390666 
153.5 	 0.006244058453383922 
153.6 	 0.006244058453391994 
153.7 	 0.006244058453391642 
153.8 	 0.006244058453387107 
153.9 	 0.006244058453388077 
154.0 	 0.006244058453377922 
154.1 	 0.006244058453396719 
154.2 	 0.006244058453386132 
154.3 	 0.006244058453380625 
154.4 	 0.006244058453381494 
154.5 	 0.006244058453394093 
154.6 	 0.006244058453379777 
154.7 	 0.006244058453393628 
154.8 	 0.006244058453390739 
154.9 	 0.006244058453390345 
155.0 	 0.006244058453391383 
155.1 	 0.00624405845337907 
155.2 	 0.006244058453390657 
155.3 	 0.006244058453378493 
155.4 	 0.0062440584533851335 
155.5 	 0.006244058453383448 
155.6 	 0.006244058453395277 
155.7 	 0.006244058453395354 
155.8 	 0.00624405845338865 
155.9 	 0.006244058453386823 
156.0 	 0.0062440584533873964 
156.1 	 0.0062440584533847675 
156.2 	 0.006244058453390822 
156.3 	 0.006244058453388458 
156.4 	 0.006244058453386588 
156.5 	 0.006244058453388553 
156.6 	 0.006244058453385965 
156.7 	 0.006244058453385278 
156.8 	 0.006244058453383203 
156.9 	 0.0062440584533865855 
157.0 	 0.006244058453381023 
157.1 	 0.006244058453382908 
157.2 	 0.00624405845339223 
157.3 	 0.00624405845339315 
157.4 	 0.0062440584533936085 
157.5 	 0.006244058453395542 
157.6 	 0.006244058453385142 
157.7 	 0.00624405845338234 
157.8 	 0.00624405845338593 
157.9 	 0.006244058453389616 
158.0 	 0.0062440584533923 
158.1 	 0.0062440584533844734 
158.2 	 0.006244058453389618 
158.3 	 0.006244058453388318 
158.4 	 0.006244058453393832 
158.5 	 0.006244058453385421 
158.6 	 0.006244058453380982 
158.7 	 0.006244058453380994 
158.8 	 0.006244058453389011 
158.9 	 0.006244058453381275 
159.0 	 0.006244058453382388 
159.1 	 0.006244058453387051 
159.2 	 0.0062440584533817204 
159.3 	 0.006244058453387174 
159.4 	 0.006244058453396319 
159.5 	 0.006244058453382981 
159.6 	 0.006244058453394511 
159.7 	 0.006244058453394945 
159.8 	 0.006244058453384023 
159.9 	 0.0062440584533927455 
160.0 	 0.006244058453384786 
160.1 	 0.006244058453381935 
160.2 	 0.006244058453387186 
160.3 	 0.0062440584533841 
160.4 	 0.006244058453382114 
160.5 	 0.006244058453392328 
160.6 	 0.006244058453382199 
160.7 	 0.00624405845338451 
160.8 	 0.006244058453391572 
160.9 	 0.006244058453376568 
161.0 	 0.006244058453389228 
161.1 	 0.006244058453371563 
161.2 	 0.006244058453384167 
161.3 	 0.006244058453393261 
161.4 	 0.006244058453389951 
161.5 	 0.006244058453384795 
161.6 	 0.006244058453379982 
161.7 	 0.006244058453383722 
161.8 	 0.006244058453388091 
161.9 	 0.006244058453388285 
162.0 	 0.006244058453380631 
162.1 	 0.006244058453382436 
162.2 	 0.006244058453390161 
162.3 	 0.006244058453384786 
162.4 	 0.006244058453384723 
162.5 	 0.006244058453392935 
162.6 	 0.00624405845337997 
162.7 	 0.006244058453392153 
162.8 	 0.006244058453384807 
162.9 	 0.006244058453382327 
163.0 	 0.006244058453396736 
163.1 	 0.006244058453390338 
163.2 	 0.0062440584533898745 
163.3 	 0.006244058453382595 
163.4 	 0.006244058453382115 
163.5 	 0.006244058453384547 
163.6 	 0.006244058453390786 
163.7 	 0.00624405845337584 
163.8 	 0.006244058453383898 
163.9 	 0.006244058453390627 
164.0 	 0.006244058453383145 
164.1 	 0.006244058453387749 
164.2 	 0.006244058453379984 
164.3 	 0.006244058453386562 
164.4 	 0.0062440584533800456 
164.5 	 0.006244058453388985 
164.6 	 0.006244058453387729 
164.7 	 0.006244058453383932 
164.8 	 0.006244058453379923 
164.9 	 0.006244058453380772 
165.0 	 0.00624405845339979 
165.1 	 0.006244058453382925 
165.2 	 0.006244058453388664 
165.3 	 0.006244058453388273 
165.4 	 0.006244058453378993 
165.5 	 0.0062440584533814455 
165.6 	 0.006244058453389141 
165.7 	 0.006244058453386935 
165.8 	 0.006244058453382384 
165.9 	 0.0062440584533762665 
166.0 	 0.006244058453385317 
166.1 	 0.006244058453390931 
166.2 	 0.0062440584533913065 
166.3 	 0.00624405845339071 
166.4 	 0.006244058453390064 
166.5 	 0.006244058453387872 
166.6 	 0.006244058453390797 
166.7 	 0.006244058453389312 
166.8 	 0.0062440584533999975 
166.9 	 0.0062440584533829556 
167.0 	 0.006244058453382693 
167.1 	 0.006244058453387507 
167.2 	 0.006244058453393588 
167.3 	 0.006244058453381039 
167.4 	 0.006244058453384405 
167.5 	 0.006244058453385907 
167.6 	 0.006244058453385426 
167.7 	 0.006244058453386855 
167.8 	 0.006244058453398217 
167.9 	 0.006244058453388652 
168.0 	 0.006244058453391179 
168.1 	 0.006244058453390672 
168.2 	 0.006244058453387824 
168.3 	 0.0062440584533958 
168.4 	 0.006244058453390492 
168.5 	 0.006244058453391198 
168.6 	 0.006244058453386728 
168.7 	 0.006244058453394255 
168.8 	 0.0062440584533938765 
168.9 	 0.006244058453379949 
169.0 	 0.006244058453387311 
169.1 	 0.006244058453380225 
169.2 	 0.006244058453380145 
169.3 	 0.006244058453377663 
169.4 	 0.006244058453392446 
169.5 	 0.006244058453384089 
169.6 	 0.006244058453382713 
169.7 	 0.006244058453396893 
169.8 	 0.006244058453380143 
169.9 	 0.006244058453385684 
170.0 	 0.006244058453379695 
170.1 	 0.006244058453379268 
170.2 	 0.006244058453383726 
170.3 	 0.006244058453387278 
170.4 	 0.006244058453378391 
170.5 	 0.0062440584533832375 
170.6 	 0.006244058453377582 
170.7 	 0.006244058453387478 
170.8 	 0.006244058453396449 
170.9 	 0.006244058453381909 
171.0 	 0.0062440584533911955 
171.1 	 0.0062440584533898745 
171.2 	 0.006244058453390964 
171.3 	 0.006244058453389714 
171.4 	 0.006244058453394951 
171.5 	 0.006244058453385353 
171.6 	 0.0062440584533898225 
171.7 	 0.006244058453382362 
171.8 	 0.006244058453390952 
171.9 	 0.006244058453389864 
172.0 	 0.006244058453392798 
172.1 	 0.006244058453390529 
172.2 	 0.006244058453388549 
172.3 	 0.006244058453381224 
172.4 	 0.006244058453378687 
172.5 	 0.006244058453383154 
172.6 	 0.006244058453391667 
172.7 	 0.006244058453386564 
172.8 	 0.006244058453393422 
172.9 	 0.006244058453378087 
173.0 	 0.006244058453386158 
173.1 	 0.006244058453392091 
173.2 	 0.006244058453387653 
173.3 	 0.006244058453380548 
173.4 	 0.006244058453385259 
173.5 	 0.00624405845338211 
173.6 	 0.006244058453396083 
173.7 	 0.006244058453384837 
173.8 	 0.006244058453385521 
173.9 	 0.00624405845338467 
174.0 	 0.006244058453383355 
174.1 	 0.006244058453382752 
174.2 	 0.0062440584533833875 
174.3 	 0.006244058453395746 
174.4 	 0.006244058453392178 
174.5 	 0.006244058453379768 
174.6 	 0.006244058453383662 
174.7 	 0.00624405845337595 
174.8 	 0.006244058453382535 
174.9 	 0.006244058453383877 
175.0 	 0.0062440584533827665 
175.1 	 0.0062440584533938965 
175.2 	 0.006244058453395411 
175.3 	 0.006244058453392538 
175.4 	 0.006244058453384361 
175.5 	 0.006244058453391395 
175.6 	 0.006244058453383887 
175.7 	 0.006244058453382356 
175.8 	 0.006244058453387424 
175.9 	 0.006244058453389391 
176.0 	 0.006244058453390034 
176.1 	 0.00624405845339253 
176.2 	 0.0062440584533894625 
176.3 	 0.0062440584533763836 
176.4 	 0.0062440584533896065 
176.5 	 0.00624405845339054 
176.6 	 0.006244058453381497 
176.7 	 0.00624405845338419 
176.8 	 0.006244058453384604 
176.9 	 0.006244058453394024 
177.0 	 0.006244058453386962 
177.1 	 0.00624405845338864 
177.2 	 0.006244058453385239 
177.3 	 0.006244058453391173 
177.4 	 0.006244058453392519 
177.5 	 0.006244058453390353 
177.6 	 0.006244058453392098 
177.7 	 0.006244058453390735 
177.8 	 0.006244058453384327 
177.9 	 0.006244058453394055 
178.0 	 0.006244058453377218 
178.1 	 0.006244058453380303 
178.2 	 0.006244058453388073 
178.3 	 0.006244058453379964 
178.4 	 0.006244058453383472 
178.5 	 0.006244058453380367 
178.6 	 0.006244058453395599 
178.7 	 0.006244058453392721 
178.8 	 0.0062440584533903516 
178.9 	 0.0062440584533835965 
179.0 	 0.006244058453392249 
179.1 	 0.006244058453393174 
179.2 	 0.006244058453396708 
179.3 	 0.006244058453381517 
179.4 	 0.006244058453395201 
179.5 	 0.006244058453388981 
179.6 	 0.0062440584533874355 
179.7 	 0.006244058453379984 
179.8 	 0.0062440584533839 
179.9 	 0.006244058453386088 
180.0 	 0.006244058453378592 
180.1 	 0.0062440584533854085 
180.2 	 0.006244058453386786 
180.3 	 0.00624405845339344 
180.4 	 0.006244058453378689 
180.5 	 0.006244058453396532 
180.6 	 0.00624405845337825 
180.7 	 0.006244058453387897 
180.8 	 0.006244058453383052 
180.9 	 0.0062440584533891555 
181.0 	 0.006244058453391431 
181.1 	 0.006244058453388875 
181.2 	 0.006244058453385922 
181.3 	 0.0062440584533870035 
181.4 	 0.006244058453394134 
181.5 	 0.006244058453394086 
181.6 	 0.006244058453393636 
181.7 	 0.006244058453382173 
181.8 	 0.006244058453398019 
181.9 	 0.006244058453381491 
182.0 	 0.006244058453386845 
182.1 	 0.006244058453396736 
182.2 	 0.006244058453395121 
182.3 	 0.006244058453380659 
182.4 	 0.006244058453388319 
182.5 	 0.006244058453391601 
182.6 	 0.006244058453378631 
182.7 	 0.006244058453375915 
182.8 	 0.0062440584533867095 
182.9 	 0.0062440584533854405 
183.0 	 0.006244058453392897 
183.1 	 0.006244058453380821 
183.2 	 0.006244058453389897 
183.3 	 0.00624405845338758 
183.4 	 0.00624405845337942 
183.5 	 0.006244058453387638 
183.6 	 0.006244058453383003 
183.7 	 0.0062440584533906395 
183.8 	 0.006244058453376878 
183.9 	 0.006244058453383892 
184.0 	 0.006244058453385027 
184.1 	 0.0062440584533828185 
184.2 	 0.006244058453384272 
184.3 	 0.0062440584533822755 
184.4 	 0.006244058453388589 
184.5 	 0.006244058453386142 
184.6 	 0.006244058453384556 
184.7 	 0.006244058453390737 
184.8 	 0.0062440584533868 
184.9 	 0.006244058453381035 
185.0 	 0.006244058453394502 
185.1 	 0.006244058453372909 
185.2 	 0.006244058453400543 
185.3 	 0.006244058453377155 
185.4 	 0.006244058453395045 
185.5 	 0.0062440584533848265 
185.6 	 0.006244058453380656 
185.7 	 0.00624405845338721 
185.8 	 0.006244058453378581 
185.9 	 0.006244058453392074 
186.0 	 0.006244058453388328 
186.1 	 0.00624405845338592 
186.2 	 0.006244058453391279 
186.3 	 0.006244058453388242 
186.4 	 0.006244058453391139 
186.5 	 0.006244058453395092 
186.6 	 0.006244058453383181 
186.7 	 0.006244058453388022 
186.8 	 0.00624405845339025 
186.9 	 0.006244058453392937 
187.0 	 0.0062440584533892205 
187.1 	 0.0062440584533943345 
187.2 	 0.006244058453387226 
187.3 	 0.006244058453394657 
187.4 	 0.006244058453390026 
187.5 	 0.006244058453378331 
187.6 	 0.006244058453390514 
187.7 	 0.0062440584533839 
187.8 	 0.006244058453385572 
187.9 	 0.006244058453384444 
188.0 	 0.0062440584533797455 
188.1 	 0.006244058453384815 
188.2 	 0.006244058453376849 
188.3 	 0.006244058453391192 
188.4 	 0.006244058453393622 
188.5 	 0.006244058453392814 
188.6 	 0.006244058453392598 
188.7 	 0.006244058453391425 
188.8 	 0.006244058453376823 
188.9 	 0.006244058453386837 
189.0 	 0.006244058453389265 
189.1 	 0.006244058453396388 
189.2 	 0.006244058453390189 
189.3 	 0.006244058453380823 
189.4 	 0.006244058453390225 
189.5 	 0.006244058453385453 
189.6 	 0.006244058453390293 
189.7 	 0.006244058453390967 
189.8 	 0.0062440584533876055 
189.9 	 0.006244058453381006 
190.0 	 0.006244058453390248 
190.1 	 0.006244058453384082 
190.2 	 0.006244058453392807 
190.3 	 0.006244058453381298 
190.4 	 0.006244058453390964 
190.5 	 0.006244058453387019 
190.6 	 0.006244058453390316 
190.7 	 0.0062440584533865195 
190.8 	 0.006244058453376476 
190.9 	 0.006244058453382972 
191.0 	 0.006244058453380931 
191.1 	 0.006244058453387372 
191.2 	 0.006244058453384719 
191.3 	 0.006244058453389192 
191.4 	 0.0062440584533924835 
191.5 	 0.006244058453380811 
191.6 	 0.006244058453387003 
191.7 	 0.006244058453385429 
191.8 	 0.0062440584533832635 
191.9 	 0.006244058453382437 
192.0 	 0.006244058453383436 
192.1 	 0.006244058453389598 
192.2 	 0.006244058453387218 
192.3 	 0.006244058453384775 
192.4 	 0.006244058453390362 
192.5 	 0.006244058453388796 
192.6 	 0.006244058453391586 
192.7 	 0.006244058453386558 
192.8 	 0.006244058453383664 
192.9 	 0.006244058453388233 
193.0 	 0.006244058453387195 
193.1 	 0.006244058453391641 
193.2 	 0.006244058453390312 
193.3 	 0.006244058453381691 
193.4 	 0.006244058453386423 
193.5 	 0.006244058453392356 
193.6 	 0.006244058453394723 
193.7 	 0.006244058453396432 
193.8 	 0.006244058453385875 
193.9 	 0.006244058453375979 
194.0 	 0.00624405845337882 
194.1 	 0.006244058453385427 
194.2 	 0.006244058453382513 
194.3 	 0.0062440584533873964 
194.4 	 0.006244058453381671 
194.5 	 0.006244058453384986 
194.6 	 0.0062440584533896126 
194.7 	 0.006244058453382076 
194.8 	 0.006244058453393587 
194.9 	 0.00624405845338893 
195.0 	 0.006244058453386462 
195.1 	 0.006244058453392231 
195.2 	 0.0062440584533825505 
195.3 	 0.006244058453387703 
195.4 	 0.006244058453379415 
195.5 	 0.006244058453390291 
195.6 	 0.006244058453395829 
195.7 	 0.006244058453386142 
195.8 	 0.006244058453387871 
195.9 	 0.006244058453381776 
196.0 	 0.00624405845338617 
196.1 	 0.006244058453388324 
196.2 	 0.006244058453386823 
196.3 	 0.006244058453390768 
196.4 	 0.006244058453386112 
196.5 	 0.006244058453385011 
196.6 	 0.006244058453393622 
196.7 	 0.006244058453379086 
196.8 	 0.006244058453383273 
196.9 	 0.006244058453394793 
197.0 	 0.0062440584533876116 
197.1 	 0.0062440584533763575 
197.2 	 0.006244058453374625 
197.3 	 0.006244058453387821 
197.4 	 0.006244058453385448 
197.5 	 0.006244058453395307 
197.6 	 0.006244058453389159 
197.7 	 0.006244058453380197 
197.8 	 0.006244058453380831 
197.9 	 0.006244058453379073 
198.0 	 0.0062440584533927064 
198.1 	 0.006244058453385458 
198.2 	 0.0062440584533846 
198.3 	 0.006244058453392329 
198.4 	 0.006244058453392122 
198.5 	 0.0062440584533946675 
198.6 	 0.006244058453384688 
198.7 	 0.006244058453386095 
198.8 	 0.006244058453396563 
198.9 	 0.00624405845339276 
199.0 	 0.006244058453381849 
199.1 	 0.006244058453388469 
199.2 	 0.006244058453396202 
199.3 	 0.006244058453384559 
199.4 	 0.006244058453385736 
199.5 	 0.0062440584533842505 
199.6 	 0.006244058453388531 
199.7 	 0.006244058453386908 
199.8 	 0.006244058453381847 
199.9 	 0.006244058453386845 
200.0 	 0.006244058453385672 
