0.0	0.0
0.1	0.006318583681017467
0.2	0.017873016332079772
0.3	0.029726414614217177
0.4	0.039474976466795125
0.5	0.045991100918508374
0.6	0.048981557797408475
0.7	0.048729662054297906
0.8	0.04590848490091526
0.9	0.04142152120559471
1.0	0.03625308316371295
1.1	0.03132597112931003
1.2	0.02737303644985449
1.3	0.024836109592187922
1.4	0.023816370779732532
1.5	0.024105367527467045
1.6	0.025296653932894275
1.7	0.026927043332418864
1.8	0.028587627456173135
1.9	0.029982340179695234
2.0	0.030943472452216046
2.1	0.03142068882983798
2.2	0.03145608806775705
2.3	0.03115328037912406
2.4	0.03064574715261059
2.5	0.030068366144169
2.6	0.02953509629506381
2.7	0.0291248566906947
2.8	0.028876345857005825
2.9	0.028791005245128894
3.0	0.028841917057235173
3.1	0.028985622318038452
3.2	0.02917390033269098
3.3	0.02936331524994743
3.4	0.029521399247686774
3.5	0.029629314084677675
3.6	0.029681509080431982
3.7	0.02968324807450837
3.8	0.02964697512414468
3.9	0.029588410272712782
4.0	0.029523080477852695
4.1	0.029463748545806006
4.2	0.029418947318074696
4.3	0.029392594959104228
4.4	0.029384490783327305
4.5	0.029391388543490233
4.6	0.029408318504332367
4.7	0.02942986852226644
4.8	0.02945121502961978
4.9	0.02946879169798129
5.0	0.029480574689956636
5.1	0.029486034159432354
5.2	0.02948584534438857
5.3	0.02948146916398557
5.4	0.02947470615418053
5.5	0.02946730574797188
5.6	0.029460682916766675
5.7	0.029455763013829572
5.8	0.02945294876482088
5.9	0.0294521841867319
6.0	0.029453080119397654
6.1	0.029455064495839966
6.2	0.029457525593422965
6.3	0.0294599257406057
6.4	0.029461873680984494
6.5	0.029463153802943162
6.6	0.02946371821031074
6.7	0.029463652388866498
6.8	0.029463126968871965
6.9	0.029462347271797997
7.0	0.02946150974650074
7.1	0.029460770930565466
7.2	0.02946023102632648
7.3	0.029459931177488248
7.4	0.02945986144185385
7.5	0.029459975403135965
7.6	0.029460207265810945
7.7	0.02946048790770035
7.8	0.02946075743384408
7.9	0.02946097298980703
8.0	0.029461111710364044
8.1	0.02946116953512233
8.2	0.029461157137716493
8.3	0.02946109438878504
8.4	0.029461004661884165
8.5	0.029460909986785418
8.6	0.029460827656931445
8.7	0.029460768497856196
8.8	0.029460736669696754
8.9	0.029460730649002096
9.0	0.029460744925150738
9.1	0.029460771943000143
9.2	0.02946080390040171
9.3	0.029460834132647475
9.4	0.029460857953899935
9.5	0.029460872950337887
9.6	0.029460878814210934
9.7	0.02946087686302497
9.8	0.029460869405034302
9.9	0.02946085909740492
10.0	0.029460848407740818
10.1	0.02946083924391801
10.2	0.029460832772489603
10.3	0.029460829408614702
10.4	0.029460828935867756
10.5	0.029460830702730065
10.6	0.02946083384308757
10.7	0.029460837477276198
10.8	0.029460840864578248
10.9	0.029460843493526553
11.0	0.029460845110609098
11.1	0.029460845697882796
11.2	0.02946084541644222
11.3	0.0294608445338121
11.4	0.029460843351674024
11.5	0.029460842146110743
11.6	0.02946084112732204
11.7	0.029460840420662347
11.8	0.02946084006687052
11.9	0.029460840036608562
12.0	0.029460840253117723
12.1	0.029460840617281953
12.2	0.02946084103002312
12.3	0.029460841409118293
12.4	0.029460841698849896
12.5	0.02946084187274427
12.6	0.029460841930647425
12.7	0.02946084189210305
12.8	0.029460841788040384
12.9	0.029460841652684387
13.0	0.029460841516881338
13.1	0.02946084140375295
13.2	0.029460841326727195
13.3	0.029460841289728503
13.4	0.029460841288886777
13.5	0.02946084131519966
13.6	0.02946084135733773
13.7	0.029460841404155093
13.8	0.02946084144653395
13.9	0.029460841478417054
14.0	0.02946084149706426
14.1	0.02946084150265303
14.2	0.029460841497553358
14.3	0.02946084148533049
14.4	0.029460841469852717
14.5	0.029460841454573658
14.6	0.02946084144202996
14.7	0.02946084143364987
14.8	0.02946084142980673
14.9	0.029460841429996467
15.0	0.029460841433172857
15.1	0.02946084143803556
15.2	0.02946084144333901
15.3	0.029460841448073746
15.4	0.029460841451575875
15.5	0.02946084145356872
15.6	0.029460841454094257
15.7	0.02946084145343577
15.8	0.029460841452003436
15.9	0.029460841450237335
16.0	0.029460841448521617
16.1	0.029460841447132975
16.2	0.029460841446218584
16.3	0.029460841445823956
16.4	0.029460841445879068
16.5	0.029460841446255007
16.6	0.02946084144681918
16.7	0.029460841447419544
16.8	0.02946084144794865
16.9	0.029460841448332525
17.0	0.029460841448541778
17.1	0.029460841448592172
17.2	0.029460841448506237
17.3	0.02946084144834131
17.4	0.02946084144814311
17.5	0.029460841447947757
17.6	0.029460841447794196
17.7	0.02946084144769573
17.8	0.02946084144765601
17.9	0.02946084144766359
18.0	0.02946084144770863
18.1	0.029460841447772026
18.2	0.029460841447841942
18.3	0.02946084144790066
18.4	0.029460841447941817
18.5	0.029460841447966908
18.6	0.029460841447966055
18.7	0.02946084144796134
18.8	0.029460841447941526
18.9	0.029460841447912393
19.0	0.029460841447894907
19.1	0.029460841447876075
19.2	0.0294608414478654
19.3	0.02946084144786451
19.4	0.02946084144786592
19.5	0.029460841447870027
19.6	0.029460841447875218
19.7	0.029460841447884873
19.8	0.02946084144788981
19.9	0.02946084144789681
20.0	0.029460841447893855
20.1	0.029460841447899146
20.2	0.029460841447898716
20.3	0.02946084144789476
20.4	0.029460841447891597
20.5	0.029460841447891645
20.6	0.029460841447885844
20.7	0.029460841447885522
20.8	0.0294608414478852
20.9	0.029460841447885685
21.0	0.029460841447886382
21.1	0.029460841447886025
21.2	0.029460841447889626
21.3	0.02946084144788824
21.4	0.029460841447890435
21.5	0.029460841447893262
21.6	0.029460841447890174
21.7	0.029460841447889626
21.8	0.029460841447889238
21.9	0.029460841447887243
22.0	0.029460841447890216
22.1	0.02946084144789119
22.2	0.029460841447889824
22.3	0.02946084144788576
22.4	0.029460841447886802
22.5	0.029460841447888995
22.6	0.029460841447892402
22.7	0.029460841447889193
22.8	0.02946084144789003
22.9	0.02946084144789009
23.0	0.029460841447889824
23.1	0.0294608414478913
23.2	0.02946084144788912
23.3	0.029460841447891947
23.4	0.029460841447891167
23.5	0.029460841447890244
23.6	0.029460841447887295
23.7	0.029460841447889522
23.8	0.02946084144788887
23.9	0.029460841447890553
24.0	0.029460841447886143
24.1	0.029460841447888565
24.2	0.02946084144788812
24.3	0.0294608414478885
24.4	0.02946084144789105
24.5	0.029460841447889716
24.6	0.029460841447890993
24.7	0.029460841447888807
24.8	0.029460841447890337
24.9	0.029460841447884214
25.0	0.02946084144788762
25.1	0.029460841447889144
25.2	0.02946084144788987
25.3	0.02946084144789238
25.4	0.029460841447888495
25.5	0.02946084144789111
25.6	0.029460841447888204
25.7	0.029460841447886608
25.8	0.02946084144789193
25.9	0.029460841447887583
26.0	0.029460841447891743
26.1	0.02946084144788763
26.2	0.0294608414478898
26.3	0.029460841447888565
26.4	0.029460841447889415
26.5	0.029460841447888342
26.6	0.029460841447889602
26.7	0.029460841447889814
26.8	0.029460841447892173
26.9	0.02946084144788918
27.0	0.029460841447890077
27.1	0.029460841447887205
27.2	0.029460841447888606
27.3	0.02946084144788637
27.4	0.029460841447889366
27.5	0.02946084144788994
27.6	0.029460841447887066
27.7	0.029460841447887975
27.8	0.029460841447890133
27.9	0.02946084144789071
28.0	0.029460841447890292
28.1	0.029460841447887607
28.2	0.02946084144789001
28.3	0.029460841447888245
28.4	0.02946084144788777
28.5	0.029460841447889716
28.6	0.029460841447890917
28.7	0.029460841447889137
28.8	0.029460841447890417
28.9	0.029460841447891264
29.0	0.029460841447890383
29.1	0.02946084144788495
29.2	0.02946084144788848
29.3	0.029460841447886982
29.4	0.029460841447888315
29.5	0.029460841447888308
29.6	0.0294608414478894
29.7	0.0294608414478893
29.8	0.0294608414478875
29.9	0.029460841447890542
30.0	0.02946084144788858
30.1	0.029460841447886795
30.2	0.02946084144789091
30.3	0.029460841447886976
30.4	0.02946084144788961
30.5	0.029460841447889814
30.6	0.029460841447890903
30.7	0.029460841447890553
30.8	0.029460841447890126
30.9	0.029460841447887753
31.0	0.029460841447887874
31.1	0.02946084144789169
31.2	0.029460841447890403
31.3	0.029460841447887527
31.4	0.029460841447891652
31.5	0.029460841447889585
31.6	0.029460841447889186
31.7	0.02946084144789053
31.8	0.029460841447888332
31.9	0.029460841447888766
32.0	0.029460841447888044
32.1	0.029460841447888773
32.2	0.029460841447888554
32.3	0.02946084144789053
32.4	0.02946084144789102
32.5	0.029460841447890136
32.6	0.029460841447888766
32.7	0.029460841447889494
32.8	0.029460841447892325
32.9	0.029460841447890736
33.0	0.029460841447888676
33.1	0.029460841447890098
33.2	0.029460841447890105
33.3	0.02946084144788909
33.4	0.029460841447894473
33.5	0.02946084144788924
33.6	0.02946084144789111
33.7	0.02946084144788953
33.8	0.029460841447891007
33.9	0.029460841447891704
34.0	0.029460841447889335
34.1	0.029460841447888995
34.2	0.029460841447889206
34.3	0.029460841447890285
34.4	0.029460841447887853
34.5	0.02946084144788574
34.6	0.029460841447889057
34.7	0.02946084144788666
34.8	0.029460841447889997
34.9	0.0294608414478892
35.0	0.029460841447888565
35.1	0.02946084144788961
35.2	0.029460841447889383
35.3	0.029460841447889553
35.4	0.0294608414478874
35.5	0.029460841447887843
35.6	0.029460841447889647
35.7	0.02946084144788882
35.8	0.029460841447890383
35.9	0.029460841447887336
36.0	0.02946084144789231
36.1	0.029460841447888277
36.2	0.029460841447891267
36.3	0.02946084144788699
36.4	0.029460841447889217
36.5	0.02946084144789245
36.6	0.02946084144789065
36.7	0.029460841447891444
36.8	0.02946084144788888
36.9	0.029460841447886712
37.0	0.029460841447892575
37.1	0.0294608414478908
37.2	0.029460841447891507
37.3	0.02946084144788943
37.4	0.029460841447891035
37.5	0.029460841447889113
37.6	0.029460841447885657
37.7	0.029460841447889328
37.8	0.029460841447889186
37.9	0.029460841447888915
38.0	0.02946084144789012
38.1	0.0294608414478886
38.2	0.029460841447887087
38.3	0.029460841447887975
38.4	0.02946084144789056
38.5	0.02946084144789038
38.6	0.029460841447886098
38.7	0.029460841447886122
38.8	0.029460841447888807
38.9	0.029460841447887506
39.0	0.02946084144789125
39.1	0.029460841447891007
39.2	0.02946084144788942
39.3	0.029460841447888235
39.4	0.029460841447888488
39.5	0.029460841447890195
39.6	0.029460841447888065
39.7	0.02946084144789151
39.8	0.029460841447889626
39.9	0.029460841447890285
40.0	0.029460841447887912
40.1	0.029460841447888114
40.2	0.02946084144789195
40.3	0.029460841447892638
40.4	0.02946084144788953
40.5	0.029460841447891902
40.6	0.029460841447889144
40.7	0.02946084144789109
40.8	0.029460841447888745
40.9	0.02946084144788768
41.0	0.029460841447888478
41.1	0.029460841447888856
41.2	0.029460841447890587
41.3	0.029460841447891153
41.4	0.029460841447891475
41.5	0.029460841447887163
41.6	0.029460841447889383
41.7	0.029460841447887826
41.8	0.02946084144788853
41.9	0.029460841447890945
42.0	0.029460841447890265
42.1	0.029460841447885664
42.2	0.02946084144788942
42.3	0.02946084144788832
42.4	0.029460841447888752
42.5	0.029460841447888134
42.6	0.029460841447890046
42.7	0.029460841447888866
42.8	0.02946084144788878
42.9	0.029460841447892305
43.0	0.029460841447888648
43.1	0.029460841447889533
43.2	0.029460841447887583
43.3	0.029460841447888457
43.4	0.029460841447891
43.5	0.02946084144788632
43.6	0.029460841447891288
43.7	0.029460841447886806
43.8	0.029460841447890462
43.9	0.029460841447891187
44.0	0.029460841447889016
44.1	0.029460841447888377
44.2	0.029460841447890313
44.3	0.029460841447891965
44.4	0.02946084144789241
44.5	0.029460841447888738
44.6	0.029460841447889633
44.7	0.02946084144789053
44.8	0.029460841447890053
44.9	0.029460841447886573
45.0	0.029460841447889793
45.1	0.029460841447888252
45.2	0.029460841447890414
45.3	0.029460841447888835
45.4	0.029460841447890806
45.5	0.029460841447890313
45.6	0.029460841447886476
45.7	0.029460841447886982
45.8	0.02946084144788858
45.9	0.029460841447888606
46.0	0.029460841447889276
46.1	0.029460841447892322
46.2	0.029460841447889238
46.3	0.029460841447892485
46.4	0.029460841447890046
46.5	0.02946084144788871
46.6	0.029460841447889925
46.7	0.029460841447889494
46.8	0.029460841447890383
46.9	0.02946084144788565
47.0	0.029460841447888207
47.1	0.029460841447889987
47.2	0.029460841447891763
47.3	0.02946084144788768
47.4	0.029460841447891867
47.5	0.029460841447889286
47.6	0.029460841447886053
47.7	0.02946084144789185
47.8	0.029460841447889328
47.9	0.02946084144788747
48.0	0.029460841447890063
48.1	0.02946084144789149
48.2	0.029460841447888023
48.3	0.02946084144788667
48.4	0.029460841447888818
48.5	0.02946084144788889
48.6	0.029460841447888523
48.7	0.02946084144788721
48.8	0.029460841447890525
48.9	0.02946084144788943
49.0	0.029460841447888315
49.1	0.02946084144788782
49.2	0.029460841447892388
49.3	0.02946084144788547
49.4	0.029460841447890237
49.5	0.029460841447889078
49.6	0.029460841447887163
49.7	0.029460841447888724
49.8	0.029460841447887437
49.9	0.02946084144789111
50.0	0.029460841447889793
50.1	0.02946084144788946
50.2	0.02946084144789357
50.3	0.02946084144788945
50.4	0.029460841447893328
50.5	0.029460841447888537
50.6	0.029460841447889782
50.7	0.029460841447890105
50.8	0.029460841447888467
50.9	0.02946084144789037
51.0	0.029460841447890455
51.1	0.029460841447887482
51.2	0.02946084144788944
51.3	0.02946084144788789
51.4	0.029460841447886105
51.5	0.02946084144788876
51.6	0.029460841447887295
51.7	0.029460841447888353
51.8	0.029460841447889626
51.9	0.029460841447888922
52.0	0.029460841447890223
52.1	0.029460841447891125
52.2	0.02946084144788672
52.3	0.029460841447890566
52.4	0.02946084144788887
52.5	0.02946084144788934
52.6	0.029460841447891035
52.7	0.029460841447886736
52.8	0.02946084144789178
52.9	0.029460841447890258
53.0	0.029460841447892638
53.1	0.029460841447888544
53.2	0.029460841447888964
53.3	0.02946084144788741
53.4	0.02946084144789064
53.5	0.029460841447892485
53.6	0.0294608414478908
53.7	0.029460841447885387
53.8	0.02946084144788624
53.9	0.029460841447889626
54.0	0.029460841447889706
54.1	0.0294608414478893
54.2	0.029460841447891253
54.3	0.029460841447891028
54.4	0.029460841447883957
54.5	0.02946084144788798
54.6	0.029460841447889186
54.7	0.02946084144788823
54.8	0.029460841447888964
54.9	0.029460841447889408
55.0	0.029460841447889814
55.1	0.02946084144788859
55.2	0.029460841447889626
55.3	0.0294608414478859
55.4	0.029460841447887375
55.5	0.029460841447887767
55.6	0.029460841447888415
55.7	0.029460841447889977
55.8	0.029460841447886573
55.9	0.029460841447889814
56.0	0.029460841447887416
56.1	0.029460841447889706
56.2	0.02946084144789105
56.3	0.029460841447889373
56.4	0.02946084144789064
56.5	0.029460841447888044
56.6	0.02946084144788548
56.7	0.0294608414478903
56.8	0.02946084144788812
56.9	0.029460841447890775
57.0	0.02946084144788904
57.1	0.029460841447888315
57.2	0.029460841447890292
57.3	0.029460841447888766
57.4	0.029460841447888807
57.5	0.02946084144789069
57.6	0.029460841447889977
57.7	0.02946084144788866
57.8	0.029460841447884936
57.9	0.029460841447890847
58.0	0.029460841447888724
58.1	0.029460841447888162
58.2	0.029460841447888197
58.3	0.029460841447888877
58.4	0.02946084144789061
58.5	0.029460841447889317
58.6	0.029460841447889016
58.7	0.02946084144788766
58.8	0.029460841447888342
58.9	0.029460841447884807
59.0	0.029460841447886903
59.1	0.029460841447891288
59.2	0.02946084144788928
59.3	0.029460841447888172
59.4	0.02946084144788798
59.5	0.029460841447888228
59.6	0.029460841447891965
59.7	0.02946084144789034
59.8	0.029460841447888856
59.9	0.029460841447890563
60.0	0.029460841447888773
60.1	0.029460841447889633
60.2	0.029460841447887853
60.3	0.029460841447885206
60.4	0.02946084144788588
60.5	0.029460841447888488
60.6	0.02946084144788871
60.7	0.029460841447888218
60.8	0.029460841447890365
60.9	0.02946084144788759
61.0	0.029460841447888696
61.1	0.029460841447891354
61.2	0.029460841447887076
61.3	0.02946084144788778
61.4	0.02946084144788927
61.5	0.02946084144788753
61.6	0.029460841447889647
61.7	0.029460841447888294
61.8	0.02946084144788882
61.9	0.02946084144788666
62.0	0.029460841447887912
62.1	0.029460841447888995
62.2	0.02946084144788882
62.3	0.0294608414478898
62.4	0.02946084144788916
62.5	0.029460841447890244
62.6	0.029460841447889286
62.7	0.029460841447890587
62.8	0.02946084144788795
62.9	0.029460841447887225
63.0	0.029460841447887482
63.1	0.02946084144789116
63.2	0.029460841447886795
63.3	0.029460841447884453
63.4	0.029460841447889782
63.5	0.02946084144788773
63.6	0.029460841447889408
63.7	0.029460841447890195
63.8	0.02946084144788845
63.9	0.029460841447887902
64.0	0.029460841447886837
64.1	0.029460841447890504
64.2	0.029460841447885307
64.3	0.029460841447889217
64.4	0.029460841447889383
64.5	0.0294608414478881
64.6	0.02946084144788956
64.7	0.029460841447888676
64.8	0.029460841447891
64.9	0.02946084144788668
65.0	0.02946084144788649
65.1	0.02946084144788788
65.2	0.029460841447886438
65.3	0.02946084144788752
65.4	0.029460841447886677
65.5	0.029460841447887992
65.6	0.029460841447886958
65.7	0.029460841447889553
65.8	0.029460841447888634
65.9	0.029460841447888207
66.0	0.029460841447888193
66.1	0.02946084144788968
66.2	0.029460841447887638
66.3	0.029460841447888072
66.4	0.02946084144788782
66.5	0.029460841447889824
66.6	0.029460841447891753
66.7	0.029460841447890077
66.8	0.029460841447886858
66.9	0.029460841447889262
67.0	0.02946084144789051
67.1	0.029460841447886976
67.2	0.029460841447890195
67.3	0.02946084144788719
67.4	0.029460841447888745
67.5	0.02946084144788781
67.6	0.02946084144788948
67.7	0.029460841447890383
67.8	0.029460841447888523
67.9	0.029460841447888332
68.0	0.029460841447887715
68.1	0.029460841447889633
68.2	0.029460841447887638
68.3	0.02946084144788939
68.4	0.02946084144788869
68.5	0.029460841447891743
68.6	0.02946084144788848
68.7	0.02946084144788676
68.8	0.029460841447886736
68.9	0.02946084144788547
69.0	0.029460841447888752
69.1	0.029460841447891926
69.2	0.029460841447889144
69.3	0.029460841447890063
69.4	0.02946084144789047
69.5	0.0294608414478901
69.6	0.029460841447885504
69.7	0.029460841447889144
69.8	0.02946084144788721
69.9	0.029460841447887826
70.0	0.029460841447890813
70.1	0.029460841447890587
70.2	0.029460841447886296
70.3	0.029460841447886587
70.4	0.029460841447892638
70.5	0.02946084144789032
70.6	0.029460841447888516
70.7	0.029460841447886976
70.8	0.02946084144788673
70.9	0.029460841447888072
71.0	0.029460841447887583
71.1	0.02946084144788692
71.2	0.029460841447889578
71.3	0.029460841447890518
71.4	0.029460841447886438
71.5	0.029460841447888332
71.6	0.029460841447889168
71.7	0.02946084144788782
71.8	0.029460841447888717
71.9	0.02946084144789071
72.0	0.029460841447890504
72.1	0.02946084144789311
72.2	0.0294608414478893
72.3	0.02946084144788885
72.4	0.029460841447889366
72.5	0.029460841447886025
72.6	0.029460841447889928
72.7	0.029460841447887975
72.8	0.029460841447889814
72.9	0.029460841447889793
73.0	0.029460841447889824
73.1	0.0294608414478901
73.2	0.0294608414478901
73.3	0.02946084144788858
73.4	0.029460841447890445
73.5	0.029460841447885213
73.6	0.02946084144788883
73.7	0.029460841447889963
73.8	0.029460841447886518
73.9	0.029460841447889855
74.0	0.02946084144788706
74.1	0.029460841447891448
74.2	0.029460841447886944
74.3	0.0294608414478874
74.4	0.029460841447887572
74.5	0.029460841447888356
74.6	0.029460841447889807
74.7	0.029460841447889987
74.8	0.029460841447886042
74.9	0.029460841447890827
75.0	0.02946084144788826
75.1	0.029460841447886105
75.2	0.0294608414478881
75.3	0.02946084144788984
75.4	0.029460841447887937
75.5	0.029460841447886858
75.6	0.02946084144788962
75.7	0.029460841447888284
75.8	0.029460841447886976
75.9	0.02946084144788845
76.0	0.029460841447890147
76.1	0.029460841447889515
76.2	0.02946084144788801
76.3	0.0294608414478892
76.4	0.029460841447888162
76.5	0.02946084144788882
76.6	0.02946084144788778
76.7	0.0294608414478906
76.8	0.029460841447886476
76.9	0.02946084144788962
77.0	0.029460841447889737
77.1	0.029460841447889224
77.2	0.0294608414478847
77.3	0.029460841447888558
77.4	0.02946084144788948
77.5	0.02946084144788762
77.6	0.02946084144788747
77.7	0.029460841447890938
77.8	0.02946084144788719
77.9	0.029460841447884543
78.0	0.029460841447890334
78.1	0.02946084144788772
78.2	0.029460841447887482
78.3	0.029460841447887076
78.4	0.029460841447889855
78.5	0.029460841447890518
78.6	0.029460841447886518
78.7	0.02946084144788934
78.8	0.029460841447886712
78.9	0.02946084144788357
79.0	0.029460841447886306
79.1	0.0294608414478903
79.2	0.029460841447888353
79.3	0.029460841447889647
79.4	0.029460841447886684
79.5	0.02946084144788709
79.6	0.029460841447887597
79.7	0.02946084144788651
79.8	0.029460841447888676
79.9	0.029460841447888218
80.0	0.029460841447889602
80.1	0.02946084144788786
80.2	0.029460841447890216
80.3	0.0294608414478898
80.4	0.029460841447889113
80.5	0.029460841447888523
80.6	0.02946084144788592
80.7	0.029460841447887225
80.8	0.029460841447887902
80.9	0.02946084144788708
81.0	0.0294608414478859
81.1	0.029460841447890834
81.2	0.029460841447888835
81.3	0.029460841447885584
81.4	0.02946084144788894
81.5	0.02946084144789174
81.6	0.029460841447886476
81.7	0.029460841447888634
81.8	0.029460841447888818
81.9	0.029460841447889633
82.0	0.029460841447888745
82.1	0.0294608414478881
82.2	0.029460841447888773
82.3	0.029460841447885983
82.4	0.029460841447888554
82.5	0.029460841447885775
82.6	0.02946084144789204
82.7	0.02946084144788786
82.8	0.029460841447890428
82.9	0.02946084144789018
83.0	0.02946084144788736
83.1	0.029460841447887805
83.2	0.029460841447887853
83.3	0.029460841447889206
83.4	0.029460841447889633
83.5	0.029460841447887052
83.6	0.029460841447892672
83.7	0.029460841447887944
83.8	0.029460841447889193
83.9	0.02946084144788959
84.0	0.029460841447889807
84.1	0.029460841447884627
84.2	0.02946084144788984
84.3	0.02946084144788768
84.4	0.029460841447888086
84.5	0.029460841447886396
84.6	0.029460841447887836
84.7	0.029460841447888315
84.8	0.029460841447885716
84.9	0.02946084144788803
85.0	0.029460841447886747
85.1	0.029460841447888315
85.2	0.029460841447887458
85.3	0.029460841447889005
85.4	0.02946084144788772
85.5	0.029460841447889054
85.6	0.029460841447887458
85.7	0.029460841447888738
85.8	0.02946084144788845
85.9	0.02946084144788691
86.0	0.029460841447885865
86.1	0.029460841447886552
86.2	0.02946084144789169
86.3	0.029460841447887614
86.4	0.029460841447886025
86.5	0.029460841447890535
86.6	0.029460841447889904
86.7	0.029460841447889057
86.8	0.029460841447889997
86.9	0.02946084144788942
87.0	0.02946084144789146
87.1	0.029460841447890355
87.2	0.029460841447885983
87.3	0.029460841447887482
87.4	0.029460841447889005
87.5	0.02946084144788766
87.6	0.029460841447887826
87.7	0.02946084144788948
87.8	0.029460841447885643
87.9	0.029460841447887996
88.0	0.029460841447887975
88.1	0.029460841447886892
88.2	0.029460841447887787
88.3	0.029460841447888818
88.4	0.029460841447888866
88.5	0.02946084144789084
88.6	0.0294608414478874
88.7	0.029460841447886795
88.8	0.029460841447891118
88.9	0.029460841447888703
89.0	0.029460841447886552
89.1	0.029460841447889925
89.2	0.029460841447888426
89.3	0.029460841447891625
89.4	0.029460841447889217
89.5	0.02946084144788619
89.6	0.029460841447886132
89.7	0.02946084144788497
89.8	0.029460841447889366
89.9	0.02946084144788968
90.0	0.02946084144788925
90.1	0.029460841447888977
90.2	0.029460841447886976
90.3	0.029460841447888426
90.4	0.029460841447887763
90.5	0.029460841447886903
90.6	0.029460841447886903
90.7	0.029460841447889533
90.8	0.029460841447887205
90.9	0.029460841447890306
91.0	0.029460841447889848
91.1	0.02946084144788575
91.2	0.029460841447889168
91.3	0.029460841447888984
91.4	0.02946084144788619
91.5	0.02946084144788462
91.6	0.02946084144788532
91.7	0.029460841447890306
91.8	0.02946084144789016
91.9	0.029460841447889043
92.0	0.02946084144788781
92.1	0.029460841447890605
92.2	0.029460841447886327
92.3	0.029460841447888183
92.4	0.029460841447884644
92.5	0.02946084144788942
92.6	0.029460841447887787
92.7	0.029460841447887604
92.8	0.02946084144789016
92.9	0.02946084144788681
93.0	0.029460841447888988
93.1	0.02946084144789059
93.2	0.029460841447890036
93.3	0.02946084144788817
93.4	0.029460841447886712
93.5	0.02946084144788772
93.6	0.029460841447885754
93.7	0.02946084144788597
93.8	0.02946084144788989
93.9	0.0294608414478858
94.0	0.029460841447890403
94.1	0.029460841447890334
94.2	0.02946084144788697
94.3	0.029460841447888426
94.4	0.029460841447892284
94.5	0.02946084144788642
94.6	0.029460841447885553
94.7	0.029460841447886903
94.8	0.029460841447888915
94.9	0.029460841447890122
95.0	0.02946084144788783
95.1	0.029460841447885768
95.2	0.029460841447887357
95.3	0.029460841447888315
95.4	0.029460841447886982
95.5	0.02946084144788717
95.6	0.029460841447889113
95.7	0.029460841447886712
95.8	0.029460841447886462
95.9	0.029460841447888172
96.0	0.029460841447885595
96.1	0.029460841447889324
96.2	0.029460841447888752
96.3	0.02946084144788893
96.4	0.02946084144789069
96.5	0.029460841447888898
96.6	0.02946084144788781
96.7	0.029460841447887205
96.8	0.029460841447888086
96.9	0.029460841447889016
97.0	0.02946084144788859
97.1	0.029460841447886247
97.2	0.02946084144788951
97.3	0.0294608414478871
97.4	0.029460841447888072
97.5	0.02946084144788629
97.6	0.029460841447888415
97.7	0.029460841447885817
97.8	0.02946084144789007
97.9	0.029460841447889262
98.0	0.029460841447891208
98.1	0.029460841447889862
98.2	0.02946084144788897
98.3	0.02946084144788866
98.4	0.029460841447885865
98.5	0.029460841447891576
98.6	0.029460841447888984
98.7	0.029460841447887926
98.8	0.029460841447888353
98.9	0.029460841447889168
99.0	0.029460841447890667
99.1	0.029460841447889977
99.2	0.029460841447887253
99.3	0.029460841447886195
99.4	0.02946084144788796
99.5	0.029460841447885026
99.6	0.029460841447886143
99.7	0.029460841447887482
99.8	0.029460841447889415
99.9	0.029460841447889793
100.0	0.0294608414478885
