0.0	0.0
0.1	0.010435117555220145
0.2	0.02884974410464561
0.3	0.04683779963341631
0.4	0.060501332441407395
0.5	0.06820886235962136
0.6	0.06980702720314964
0.7	0.06617493225030711
0.8	0.05889323509011498
0.9	0.04992479891373684
1.0	0.04126889865432378
1.1	0.03459670052225399
1.2	0.030908850461581285
1.3	0.03032048886948261
1.4	0.032145111717347685
1.5	0.035287184567717234
1.6	0.03867368652142918
1.7	0.04150637449123645
1.8	0.04333715479384674
1.9	0.04404365454814897
2.0	0.04375841190122467
2.1	0.04277841991482562
2.2	0.04147018582385695
2.3	0.04018263192086105
2.4	0.03917980637182521
2.5	0.03860343963368985
2.6	0.03846963506486731
2.7	0.03869509029728429
2.8	0.03914029514425067
2.9	0.03965461656388476
3.0	0.04011168229335538
3.1	0.04042972065589187
3.2	0.04057694292319615
3.3	0.04056523484985968
3.4	0.04043664730401178
3.5	0.04024718802916637
3.6	0.04005174547556166
3.7	0.03989288425041438
3.8	0.03979491120865455
3.9	0.039763236713984594
4.0	0.039787918057833334
4.1	0.03984960560980535
4.2	0.03992600530525322
4.3	0.03999733164135937
4.4	0.04004984373923772
4.5	0.04007720979659339
4.6	0.04007997173036504
4.7	0.04006370623146744
4.8	0.04003659400948904
4.9	0.040007051134957214
5.0	0.039981901216703336
5.1	0.039965337241524825
5.2	0.039958695806760404
5.3	0.03996088977756457
5.4	0.0399692440070778
5.5	0.03998045670104165
5.6	0.039991451796438114
5.7	0.03999996987162246
5.8	0.040004838846839766
5.9	0.04000594803576357
6.0	0.04000400551638595
6.1	0.04000018414259276
6.2	0.039995758453586
6.3	0.0399918110610564
6.4	0.03998905287811222
6.5	0.03998776655063879
6.6	0.039987854190000914
6.7	0.039988953262040716
6.8	0.03999057916691278
6.9	0.039992257801665335
7.0	0.03999362270630861
7.1	0.03999446522010104
7.2	0.0399947388679565
7.3	0.039994528521587455
7.4	0.039993999647273466
7.5	0.039993343304934564
7.6	0.039992729534137655
7.7	0.03999227683518704
7.8	0.03999204013775393
7.9	0.03999201516031528
8.0	0.03999215413882669
8.1	0.03999238676755339
8.2	0.039992640639514035
8.3	0.039992857010112154
8.4	0.039992999737829
8.5	0.03999305722926691
8.6	0.03999303873129412
8.7	0.03999296716620288
8.8	0.03999287088334679
8.9	0.039992776334320614
9.0	0.03999270298173247
9.1	0.039992660953732974
9.2	0.039992651250197714
9.3	0.03999266781827451
9.4	0.039992700592303254
9.5	0.03999273861695707
9.6	0.03999277257547121
9.7	0.039992796339900084
9.8	0.03999280746214336
9.9	0.039992806767564
10.0	0.039992797361556205
10.1	0.03999278340506809
10.2	0.03999276897465342
10.3	0.03999275722571004
10.4	0.039992749959172555
10.5	0.03999274758169814
10.6	0.03999274936925188
10.7	0.03999275390264541
10.8	0.039992759540232216
10.9	0.039992764819140776
11.0	0.03999276871828979
11.1	0.03999277076268168
11.2	0.039992770986575825
11.3	0.03999276979874751
11.4	0.03999276780269364
11.5	0.039992765620866955
11.6	0.03999276375892787
11.7	0.039992762528593656
11.8	0.039992762030606886
11.9	0.03999276218636456
12.0	0.039992762799373825
12.1	0.03999276362612724
12.2	0.0399927644391179
12.3	0.03999276507070387
12.4	0.03999276543340595
12.5	0.039992765518231735
12.6	0.03999276537691839
12.7	0.039992765095831335
12.8	0.039992764769128164
12.9	0.03999276447698869
13.0	0.039992764272219934
13.1	0.03999276417605096
13.2	0.03999276418150977
13.3	0.03999276426200535
13.4	0.039992764381805296
13.5	0.03999276450585483
13.6	0.03999276460698257
13.7	0.03999276466965149
13.8	0.03999276469030696
13.9	0.0399927646751189
14.0	0.0399927646362602
14.1	0.03999276458783196
14.2	0.03999276454243375
14.3	0.03999276450884941
14.4	0.03999276449119595
14.5	0.03999276448918771
14.6	0.03999276449933818
14.7	0.03999276451646644
14.8	0.03999276453521964
14.9	0.03999276455124131
15.0	0.03999276456184663
15.1	0.039992764566158474
15.2	0.039992764564847204
15.3	0.03999276455959702
15.4	0.039992764552497666
15.5	0.0399927645455047
15.6	0.03999276454006851
15.7	0.03999276453693994
15.8	0.039992764536201306
15.9	0.039992764537400416
16.0	0.039992764539813486
16.1	0.0399927645426214
16.2	0.03999276454513563
16.3	0.03999276454689514
16.4	0.03999276454773482
16.5	0.03999276454769017
16.6	0.03999276454700155
16.7	0.03999276454597179
16.8	0.039992764544909076
16.9	0.03999276454403569
17.0	0.039992764543492695
17.1	0.03999276454331492
17.2	0.039992764543444206
17.3	0.03999276454377532
17.4	0.03999276454419147
17.5	0.03999276454458289
17.6	0.03999276454487601
17.7	0.03999276454502341
17.8	0.03999276454504231
17.9	0.03999276454495542
18.0	0.039992764544804514
18.1	0.03999276454464827
18.2	0.039992764544513636
18.3	0.03999276454441709
18.4	0.039992764544381054
18.5	0.03999276454439283
18.6	0.03999276454443437
18.7	0.039992764544499654
18.8	0.039992764544554894
18.9	0.03999276454460517
19.0	0.03999276454462949
19.1	0.0399927645446379
19.2	0.03999276454462792
19.3	0.03999276454460767
19.4	0.039992764544579784
19.5	0.03999276454455968
19.6	0.03999276454454458
19.7	0.03999276454453442
19.8	0.03999276454453724
19.9	0.03999276454454603
20.0	0.039992764544555234
20.1	0.03999276454455987
20.2	0.03999276454457235
20.3	0.039992764544575586
20.4	0.039992764544577473
20.5	0.039992764544575586
20.6	0.03999276454457159
20.7	0.039992764544568925
20.8	0.039992764544566746
20.9	0.03999276454456332
21.0	0.039992764544565455
21.1	0.03999276454456465
21.2	0.03999276454456241
21.3	0.039992764544565726
21.4	0.039992764544567946
21.5	0.03999276454456725
21.6	0.03999276454456633
21.7	0.03999276454456556
21.8	0.03999276454456933
21.9	0.039992764544566746
22.0	0.03999276454456711
22.1	0.03999276454456638
22.2	0.03999276454456652
22.3	0.03999276454456515
22.4	0.03999276454456426
22.5	0.039992764544565816
22.6	0.039992764544566066
22.7	0.03999276454456684
22.8	0.03999276454456327
22.9	0.039992764544566635
23.0	0.03999276454456667
23.1	0.03999276454456786
23.2	0.03999276454456602
23.3	0.03999276454456342
23.4	0.03999276454456807
23.5	0.03999276454456305
23.6	0.03999276454456216
23.7	0.03999276454456456
23.8	0.03999276454456663
23.9	0.039992764544567995
24.0	0.03999276454456742
24.1	0.03999276454456609
24.2	0.03999276454456712
24.3	0.03999276454456417
24.4	0.03999276454456576
24.5	0.03999276454456907
24.6	0.039992764544566094
24.7	0.039992764544568196
24.8	0.0399927645445632
24.9	0.03999276454456729
25.0	0.039992764544567995
25.1	0.039992764544567745
25.2	0.039992764544566003
25.3	0.03999276454456701
25.4	0.03999276454456787
25.5	0.039992764544564643
25.6	0.03999276454456508
25.7	0.03999276454456412
25.8	0.039992764544564956
25.9	0.039992764544562825
26.0	0.03999276454456337
26.1	0.03999276454456603
26.2	0.039992764544566115
26.3	0.03999276454456548
26.4	0.03999276454456714
26.5	0.03999276454456726
26.6	0.03999276454456785
26.7	0.03999276454456635
26.8	0.039992764544563505
26.9	0.03999276454456409
27.0	0.039992764544563804
27.1	0.039992764544566455
27.2	0.03999276454456653
27.3	0.03999276454456655
27.4	0.039992764544566475
27.5	0.0399927645445675
27.6	0.03999276454456531
27.7	0.039992764544565906
27.8	0.03999276454456653
27.9	0.039992764544566094
28.0	0.03999276454456199
28.1	0.03999276454456462
28.2	0.03999276454456618
28.3	0.03999276454456543
28.4	0.03999276454456361
28.5	0.03999276454456685
28.6	0.03999276454456592
28.7	0.03999276454456431
28.8	0.03999276454456388
28.9	0.03999276454456625
29.0	0.03999276454456809
29.1	0.03999276454456481
29.2	0.039992764544562874
29.3	0.03999276454456767
29.4	0.03999276454456467
29.5	0.03999276454456474
29.6	0.0399927645445642
29.7	0.03999276454456588
29.8	0.03999276454456507
29.9	0.03999276454456555
30.0	0.039992764544565934
30.1	0.03999276454456666
30.2	0.039992764544568536
30.3	0.03999276454456437
30.4	0.03999276454456364
30.5	0.039992764544565934
30.6	0.03999276454456544
30.7	0.03999276454456648
30.8	0.03999276454456409
30.9	0.03999276454456539
31.0	0.03999276454456525
31.1	0.039992764544567065
31.2	0.039992764544561264
31.3	0.039992764544563186
31.4	0.03999276454456746
31.5	0.03999276454456424
31.6	0.039992764544566566
31.7	0.03999276454456739
31.8	0.039992764544563394
31.9	0.03999276454456729
32.0	0.03999276454456272
32.1	0.039992764544566795
32.2	0.03999276454456445
32.3	0.03999276454456207
32.4	0.03999276454456515
32.5	0.039992764544566066
32.6	0.039992764544564026
32.7	0.0399927645445668
32.8	0.03999276454456537
32.9	0.03999276454456364
33.0	0.039992764544562805
33.1	0.03999276454456472
33.2	0.03999276454456504
33.3	0.0399927645445654
33.4	0.03999276454456203
33.5	0.039992764544566524
33.6	0.03999276454456537
33.7	0.03999276454456427
33.8	0.039992764544566205
33.9	0.03999276454456547
34.0	0.03999276454456755
34.1	0.03999276454456545
34.2	0.039992764544564366
34.3	0.039992764544564546
34.4	0.039992764544565594
34.5	0.03999276454456698
34.6	0.03999276454456739
34.7	0.03999276454456278
34.8	0.03999276454456736
34.9	0.0399927645445668
35.0	0.0399927645445628
35.1	0.039992764544564643
35.2	0.039992764544565476
35.3	0.039992764544563644
35.4	0.039992764544566184
35.5	0.03999276454456588
35.6	0.03999276454456357
35.7	0.03999276454456364
35.8	0.03999276454456558
35.9	0.039992764544563325
36.0	0.039992764544566115
36.1	0.039992764544564574
36.2	0.03999276454456555
36.3	0.03999276454456875
36.4	0.03999276454456529
36.5	0.039992764544564643
36.6	0.039992764544563644
36.7	0.0399927645445641
36.8	0.039992764544565906
36.9	0.039992764544566496
37.0	0.039992764544564664
37.1	0.03999276454456739
37.2	0.03999276454456743
37.3	0.0399927645445643
37.4	0.03999276454456473
37.5	0.039992764544566156
37.6	0.039992764544561445
37.7	0.03999276454456427
37.8	0.03999276454456462
37.9	0.039992764544565906
38.0	0.039992764544565025
38.1	0.03999276454456591
38.2	0.039992764544564414
38.3	0.039992764544566954
38.4	0.03999276454456727
38.5	0.039992764544565455
38.6	0.03999276454456495
38.7	0.03999276454456601
38.8	0.03999276454456605
38.9	0.039992764544562784
39.0	0.03999276454456631
39.1	0.03999276454456482
39.2	0.03999276454456605
39.3	0.039992764544563665
39.4	0.03999276454456607
39.5	0.03999276454456597
39.6	0.039992764544564526
39.7	0.03999276454456338
39.8	0.039992764544566725
39.9	0.03999276454456561
40.0	0.03999276454456252
40.1	0.03999276454456763
40.2	0.039992764544562846
40.3	0.039992764544565004
40.4	0.03999276454456136
40.5	0.03999276454456591
40.6	0.03999276454456617
40.7	0.039992764544559745
40.8	0.03999276454456237
40.9	0.03999276454456323
41.0	0.039992764544567246
41.1	0.03999276454456303
41.2	0.0399927645445677
41.3	0.03999276454456261
41.4	0.03999276454456827
41.5	0.03999276454456461
41.6	0.039992764544566024
41.7	0.0399927645445672
41.8	0.03999276454456634
41.9	0.039992764544568564
42.0	0.03999276454456538
42.1	0.039992764544561875
42.2	0.03999276454456357
42.3	0.039992764544566684
42.4	0.03999276454456742
42.5	0.03999276454456613
42.6	0.03999276454456354
42.7	0.03999276454456705
42.8	0.03999276454456513
42.9	0.039992764544566316
43.0	0.039992764544565185
43.1	0.03999276454456391
43.2	0.03999276454456183
43.3	0.03999276454456575
43.4	0.03999276454456493
43.5	0.03999276454456202
43.6	0.039992764544567176
43.7	0.03999276454456464
43.8	0.03999276454456089
43.9	0.03999276454456842
44.0	0.039992764544564643
44.1	0.039992764544569445
44.2	0.039992764544564414
44.3	0.03999276454456546
44.4	0.039992764544565004
44.5	0.03999276454456352
44.6	0.039992764544566954
44.7	0.039992764544563325
44.8	0.0399927645445651
44.9	0.03999276454456292
45.0	0.039992764544565435
45.1	0.039992764544566475
45.2	0.03999276454456603
45.3	0.039992764544566246
45.4	0.039992764544564706
45.5	0.03999276454456358
45.6	0.03999276454456591
45.7	0.03999276454456463
45.8	0.039992764544561674
45.9	0.03999276454456461
46.0	0.03999276454456547
46.1	0.03999276454456391
46.2	0.03999276454456416
46.3	0.03999276454456526
46.4	0.03999276454456508
46.5	0.039992764544563325
46.6	0.0399927645445657
46.7	0.03999276454456466
46.8	0.03999276454456514
46.9	0.03999276454456838
47.0	0.03999276454456436
47.1	0.039992764544565185
47.2	0.03999276454456374
47.3	0.03999276454456463
47.4	0.03999276454456765
47.5	0.03999276454456361
47.6	0.03999276454456335
47.7	0.039992764544564435
47.8	0.0399927645445651
47.9	0.039992764544565546
48.0	0.0399927645445643
48.1	0.039992764544566045
48.2	0.039992764544565164
48.3	0.039992764544564595
48.4	0.039992764544563006
48.5	0.039992764544564394
48.6	0.039992764544567495
48.7	0.039992764544567065
48.8	0.03999276454456308
48.9	0.03999276454456619
49.0	0.039992764544568085
49.1	0.039992764544564
49.2	0.039992764544567606
49.3	0.039992764544563124
49.4	0.039992764544562034
49.5	0.03999276454456552
49.6	0.0399927645445647
49.7	0.03999276454456313
49.8	0.03999276454456228
49.9	0.039992764544564366
50.0	0.03999276454456569
50.1	0.03999276454456375
50.2	0.039992764544564144
50.3	0.0399927645445647
50.4	0.039992764544569216
50.5	0.03999276454456598
50.6	0.039992764544564005
50.7	0.03999276454456222
50.8	0.03999276454456543
50.9	0.039992764544563686
51.0	0.0399927645445656
51.1	0.039992764544562534
51.2	0.039992764544565365
51.3	0.03999276454456555
51.4	0.039992764544564824
51.5	0.039992764544565886
51.6	0.03999276454456651
51.7	0.0399927645445664
51.8	0.03999276454456491
51.9	0.03999276454456286
52.0	0.039992764544566906
52.1	0.03999276454456533
52.2	0.039992764544564526
52.3	0.039992764544563304
52.4	0.03999276454456544
52.5	0.03999276454456426
52.6	0.03999276454456171
52.7	0.0399927645445635
52.8	0.039992764544565934
52.9	0.03999276454456373
53.0	0.039992764544563394
53.1	0.039992764544569924
53.2	0.039992764544564914
53.3	0.03999276454456621
53.4	0.03999276454456623
53.5	0.0399927645445641
53.6	0.03999276454456182
53.7	0.039992764544568675
53.8	0.03999276454456548
53.9	0.039992764544563
54.0	0.039992764544566003
54.1	0.0399927645445671
54.2	0.03999276454456442
54.3	0.039992764544564595
54.4	0.0399927645445653
54.5	0.039992764544564
54.6	0.039992764544566045
54.7	0.039992764544565004
54.8	0.03999276454456354
54.9	0.039992764544564983
55.0	0.03999276454456482
55.1	0.03999276454456379
55.2	0.03999276454456793
55.3	0.039992764544566455
55.4	0.03999276454456673
55.5	0.039992764544565594
55.6	0.03999276454456735
55.7	0.03999276454456463
55.8	0.039992764544564
55.9	0.03999276454456535
56.0	0.03999276454456394
56.1	0.039992764544563915
56.2	0.03999276454456302
56.3	0.03999276454456544
56.4	0.03999276454456611
56.5	0.039992764544563596
56.6	0.03999276454456498
56.7	0.03999276454456731
56.8	0.03999276454456339
56.9	0.03999276454456217
57.0	0.03999276454456793
57.1	0.039992764544566003
57.2	0.03999276454456633
57.3	0.03999276454456358
57.4	0.03999276454456051
57.5	0.03999276454456291
57.6	0.03999276454456234
57.7	0.03999276454456467
57.8	0.03999276454456374
57.9	0.03999276454456512
58.0	0.039992764544564754
58.1	0.039992764544561486
58.2	0.039992764544564935
58.3	0.03999276454456414
58.4	0.03999276454456471
58.5	0.03999276454456204
58.6	0.039992764544564345
58.7	0.03999276454456467
58.8	0.03999276454456729
58.9	0.03999276454456534
59.0	0.03999276454456537
59.1	0.039992764544565275
59.2	0.039992764544564234
59.3	0.039992764544563325
59.4	0.03999276454456332
59.5	0.03999276454456722
59.6	0.03999276454456382
59.7	0.039992764544563845
59.8	0.03999276454456248
59.9	0.03999276454456588
60.0	0.03999276454456592
60.1	0.039992764544563686
60.2	0.039992764544563526
60.3	0.03999276454456517
60.4	0.03999276454456146
60.5	0.03999276454456595
60.6	0.03999276454456295
60.7	0.03999276454456104
60.8	0.0399927645445628
60.9	0.039992764544564054
61.0	0.03999276454456419
61.1	0.03999276454456489
61.2	0.039992764544566066
61.3	0.03999276454456523
61.4	0.03999276454456389
61.5	0.03999276454456577
61.6	0.03999276454456482
61.7	0.03999276454456537
61.8	0.03999276454456439
61.9	0.03999276454456462
62.0	0.039992764544565275
62.1	0.03999276454456479
62.2	0.03999276454456505
62.3	0.03999276454456479
62.4	0.03999276454456464
62.5	0.03999276454456701
62.6	0.03999276454456325
62.7	0.03999276454456772
62.8	0.039992764544565566
62.9	0.03999276454456609
63.0	0.03999276454456302
63.1	0.039992764544566836
63.2	0.03999276454456256
63.3	0.039992764544565566
63.4	0.03999276454456273
63.5	0.03999276454456523
63.6	0.03999276454456392
63.7	0.03999276454456472
63.8	0.03999276454456389
63.9	0.03999276454456504
64.0	0.03999276454456592
64.1	0.039992764544563936
64.2	0.039992764544564345
64.3	0.03999276454456677
64.4	0.039992764544567516
64.5	0.03999276454456611
64.6	0.03999276454456848
64.7	0.03999276454456351
64.8	0.039992764544562624
64.9	0.039992764544563505
65.0	0.03999276454456325
65.1	0.03999276454456298
65.2	0.03999276454456545
65.3	0.03999276454456404
65.4	0.0399927645445627
65.5	0.039992764544566434
65.6	0.03999276454456547
65.7	0.039992764544563596
65.8	0.03999276454456513
65.9	0.039992764544563
66.0	0.03999276454456431
66.1	0.039992764544566246
66.2	0.0399927645445647
66.3	0.039992764544568266
66.4	0.039992764544564845
66.5	0.0399927645445608
66.6	0.03999276454456559
66.7	0.03999276454456364
66.8	0.03999276454456368
66.9	0.039992764544567655
67.0	0.0399927645445676
67.1	0.03999276454456161
67.2	0.03999276454456621
67.3	0.039992764544562236
67.4	0.03999276454456415
67.5	0.039992764544563644
67.6	0.039992764544563145
67.7	0.039992764544563596
67.8	0.0399927645445631
67.9	0.03999276454456544
68.0	0.039992764544564546
68.1	0.03999276454456208
68.2	0.03999276454456856
68.3	0.039992764544565004
68.4	0.039992764544566406
68.5	0.03999276454456337
68.6	0.03999276454456172
68.7	0.039992764544563145
68.8	0.039992764544564186
68.9	0.03999276454456235
69.0	0.03999276454456458
69.1	0.03999276454456273
69.2	0.03999276454456647
69.3	0.03999276454456454
69.4	0.03999276454456336
69.5	0.03999276454456667
69.6	0.03999276454456523
69.7	0.039992764544567745
69.8	0.03999276454456563
69.9	0.03999276454456528
70.0	0.03999276454456404
70.1	0.039992764544564935
70.2	0.039992764544562756
70.3	0.039992764544563665
70.4	0.039992764544566364
70.5	0.03999276454456396
70.6	0.03999276454456407
70.7	0.03999276454456659
70.8	0.03999276454456421
70.9	0.03999276454456609
71.0	0.039992764544566274
71.1	0.03999276454456722
71.2	0.03999276454456496
71.3	0.039992764544561535
71.4	0.03999276454456622
71.5	0.039992764544565795
71.6	0.039992764544564324
71.7	0.03999276454456393
71.8	0.0399927645445644
71.9	0.039992764544563145
72.0	0.03999276454456728
72.1	0.03999276454456409
72.2	0.039992764544567065
72.3	0.039992764544564754
72.4	0.03999276454456449
72.5	0.03999276454456371
72.6	0.03999276454456496
72.7	0.03999276454456412
72.8	0.03999276454456696
72.9	0.03999276454456486
73.0	0.039992764544565934
73.1	0.03999276454456437
73.2	0.03999276454456353
73.3	0.03999276454456634
73.4	0.03999276454456188
73.5	0.03999276454456666
73.6	0.039992764544564706
73.7	0.03999276454456387
73.8	0.03999276454456492
73.9	0.03999276454456442
74.0	0.03999276454456244
74.1	0.03999276454456519
74.2	0.03999276454456588
74.3	0.03999276454456661
74.4	0.03999276454456738
74.5	0.03999276454456156
74.6	0.03999276454456248
74.7	0.03999276454456583
74.8	0.03999276454456685
74.9	0.039992764544566815
75.0	0.0399927645445648
75.1	0.039992764544562215
75.2	0.039992764544560515
75.3	0.039992764544560334
75.4	0.03999276454456466
75.5	0.039992764544563096
75.6	0.039992764544563165
75.7	0.03999276454456165
75.8	0.03999276454456425
75.9	0.03999276454456316
76.0	0.03999276454456143
76.1	0.039992764544562465
76.2	0.03999276454456126
76.3	0.03999276454456838
76.4	0.039992764544563686
76.5	0.03999276454456562
76.6	0.039992764544565004
76.7	0.03999276454456634
76.8	0.03999276454456473
76.9	0.039992764544567565
77.0	0.039992764544566545
77.1	0.03999276454456514
77.2	0.03999276454456499
77.3	0.03999276454456542
77.4	0.03999276454456848
77.5	0.03999276454456458
77.6	0.03999276454456416
77.7	0.039992764544565004
77.8	0.039992764544564664
77.9	0.03999276454456214
78.0	0.03999276454456351
78.1	0.0399927645445624
78.2	0.03999276454456529
78.3	0.03999276454456466
78.4	0.03999276454456629
78.5	0.0399927645445644
78.6	0.039992764544561896
78.7	0.0399927645445653
78.8	0.039992764544564706
78.9	0.0399927645445649
79.0	0.03999276454456789
79.1	0.039992764544563575
79.2	0.03999276454456743
79.3	0.039992764544563714
79.4	0.03999276454456614
79.5	0.03999276454456571
79.6	0.03999276454456694
79.7	0.03999276454456367
79.8	0.03999276454456356
79.9	0.0399927645445629
80.0	0.039992764544562937
80.1	0.03999276454456479
80.2	0.0399927645445641
80.3	0.03999276454456519
80.4	0.0399927645445622
80.5	0.03999276454456325
80.6	0.0399927645445647
80.7	0.03999276454456826
80.8	0.039992764544568314
80.9	0.039992764544564914
81.0	0.0399927645445683
81.1	0.03999276454456334
81.2	0.039992764544561576
81.3	0.03999276454456597
81.4	0.03999276454456349
81.5	0.03999276454456437
81.6	0.03999276454456478
81.7	0.039992764544568335
81.8	0.03999276454456475
81.9	0.03999276454456479
82.0	0.03999276454456494
82.1	0.039992764544562
82.2	0.03999276454456408
82.3	0.039992764544563464
82.4	0.03999276454456497
82.5	0.03999276454456585
82.6	0.03999276454456479
82.7	0.039992764544561944
82.8	0.03999276454456523
82.9	0.03999276454456543
83.0	0.03999276454456382
83.1	0.039992764544567364
83.2	0.039992764544562166
83.3	0.03999276454456242
83.4	0.03999276454456576
83.5	0.03999276454456364
83.6	0.03999276454456324
83.7	0.03999276454456746
83.8	0.039992764544566205
83.9	0.0399927645445664
84.0	0.03999276454456512
84.1	0.03999276454456237
84.2	0.03999276454456343
84.3	0.03999276454456464
84.4	0.03999276454456408
84.5	0.03999276454456609
84.6	0.039992764544561354
84.7	0.03999276454456372
84.8	0.03999276454456241
84.9	0.03999276454456429
85.0	0.03999276454456516
85.1	0.03999276454456278
85.2	0.03999276454456182
85.3	0.03999276454456497
85.4	0.039992764544564664
85.5	0.03999276454456313
85.6	0.039992764544563984
85.7	0.03999276454456529
85.8	0.03999276454456228
85.9	0.039992764544560355
86.0	0.039992764544564643
86.1	0.039992764544563165
86.2	0.039992764544566524
86.3	0.03999276454456431
86.4	0.03999276454456724
86.5	0.03999276454456405
86.6	0.039992764544564
86.7	0.03999276454456613
86.8	0.039992764544566836
86.9	0.03999276454456266
87.0	0.03999276454456497
87.1	0.039992764544563596
87.2	0.03999276454456324
87.3	0.03999276454456142
87.4	0.03999276454456279
87.5	0.03999276454456451
87.6	0.03999276454456511
87.7	0.039992764544563124
87.8	0.03999276454456362
87.9	0.039992764544563804
88.0	0.03999276454456583
88.1	0.039992764544562326
88.2	0.03999276454456299
88.3	0.03999276454456412
88.4	0.039992764544565414
88.5	0.039992764544564886
88.6	0.03999276454456341
88.7	0.039992764544565684
88.8	0.039992764544564734
88.9	0.03999276454456406
89.0	0.039992764544566906
89.1	0.03999276454456391
89.2	0.03999276454456362
89.3	0.03999276454456542
89.4	0.039992764544564643
89.5	0.03999276454456324
89.6	0.03999276454456562
89.7	0.039992764544565525
89.8	0.03999276454456226
89.9	0.039992764544564886
90.0	0.039992764544563686
90.1	0.03999276454456222
90.2	0.039992764544561445
90.3	0.03999276454456186
90.4	0.03999276454456446
90.5	0.03999276454456192
90.6	0.0399927645445642
90.7	0.03999276454456386
90.8	0.0399927645445662
90.9	0.03999276454456466
91.0	0.039992764544562784
91.1	0.03999276454456255
91.2	0.03999276454456478
91.3	0.039992764544566184
91.4	0.03999276454456478
91.5	0.03999276454456414
91.6	0.03999276454456198
91.7	0.03999276454456591
91.8	0.03999276454456176
91.9	0.03999276454456636
92.0	0.03999276454456461
92.1	0.03999276454456461
92.2	0.03999276454456565
92.3	0.03999276454456057
92.4	0.03999276454456658
92.5	0.039992764544563984
92.6	0.03999276454456554
92.7	0.03999276454456493
92.8	0.03999276454456396
92.9	0.03999276454456651
93.0	0.03999276454456312
93.1	0.03999276454455946
93.2	0.039992764544563804
93.3	0.03999276454456188
93.4	0.039992764544563936
93.5	0.03999276454456222
93.6	0.0399927645445653
93.7	0.039992764544563596
93.8	0.03999276454456404
93.9	0.03999276454456189
94.0	0.039992764544563145
94.1	0.03999276454456291
94.2	0.039992764544562645
94.3	0.03999276454456152
94.4	0.03999276454456268
94.5	0.039992764544563346
94.6	0.03999276454456623
94.7	0.039992764544564005
94.8	0.03999276454456254
94.9	0.03999276454456674
95.0	0.03999276454456299
95.1	0.039992764544563165
95.2	0.03999276454456431
95.3	0.039992764544564054
95.4	0.03999276454456434
95.5	0.03999276454456802
95.6	0.03999276454456122
95.7	0.03999276454456589
95.8	0.039992764544567745
95.9	0.039992764544562256
96.0	0.03999276454456951
96.1	0.03999276454456324
96.2	0.039992764544561854
96.3	0.039992764544565344
96.4	0.039992764544565886
96.5	0.03999276454456497
96.6	0.039992764544564546
96.7	0.039992764544565254
96.8	0.03999276454456521
96.9	0.03999276454456481
97.0	0.0399927645445675
97.1	0.03999276454456592
97.2	0.03999276454456224
97.3	0.03999276454456322
97.4	0.03999276454456385
97.5	0.0399927645445661
97.6	0.03999276454456335
97.7	0.039992764544563866
97.8	0.039992764544565323
97.9	0.03999276454456919
98.0	0.03999276454456699
98.1	0.03999276454456604
98.2	0.03999276454456026
98.3	0.039992764544562735
98.4	0.03999276454456124
98.5	0.03999276454456356
98.6	0.03999276454456336
98.7	0.03999276454456151
98.8	0.039992764544563304
98.9	0.03999276454456466
99.0	0.03999276454456426
99.1	0.03999276454456294
99.2	0.03999276454456488
99.3	0.0399927645445664
99.4	0.03999276454456344
99.5	0.039992764544566115
99.6	0.03999276454456455
99.7	0.03999276454456214
99.8	0.03999276454456313
99.9	0.03999276454456403
100.0	0.03999276454456242
