0.0	0.0
0.1	0.003088548873088155
0.2	0.008962657730930006
0.3	0.015302145104238225
0.4	0.02092421727561712
0.5	0.025216641370594022
0.6	0.02794025124472275
0.7	0.029113248513107245
0.8	0.028928823470167182
0.9	0.027689782616676754
1.0	0.025753453568561055
1.1	0.02348439293145327
1.2	0.021214628079716163
1.3	0.019212274763389284
1.4	0.017660019485977115
1.5	0.016645539159891247
1.6	0.01616591862985361
1.7	0.016146004145444332
1.8	0.016466239675913593
1.9	0.01699209238651088
2.0	0.017597938065403284
2.1	0.018182176707986296
2.2	0.018673962993843406
2.3	0.019033608775233597
2.4	0.019248895479842976
2.5	0.019329130167948908
2.6	0.019298308337040417
2.7	0.01918836602941232
2.8	0.019033213364336648
2.9	0.018864005192904768
3.0	0.01870589319560165
3.1	0.018576305807798864
3.2	0.01848462315586089
3.3	0.01843297056849734
3.4	0.018417765420601924
3.5	0.01843162920832699
3.6	0.01846531616456853
3.7	0.018509393579480386
3.8	0.01855551243570723
3.9	0.018597206876499947
4.0	0.018630241791989816
4.1	0.018652582651485047
4.2	0.01866409077001063
4.3	0.018666054613145997
4.4	0.018660659187942602
4.5	0.01865047674526003
4.6	0.018638037972429543
4.7	0.01862551772861067
4.8	0.01861454635667786
4.9	0.01860613891024008
5.0	0.01860072150740953
5.1	0.01859822678084972
5.2	0.018598228555643803
5.3	0.01860008838080148
5.4	0.018603091970532597
5.5	0.018606560523843164
5.6	0.018609928993745282
5.7	0.01861278968481701
5.8	0.018614904448893483
5.9	0.018616191954438005
6.0	0.018616698049500474
6.1	0.018616557354065363
6.2	0.018615953259961474
6.3	0.01861508188465848
6.4	0.01861412360016476
6.5	0.01861322386094306
6.6	0.01861248342020819
6.7	0.01861195679471473
6.8	0.01861165706860745
6.9	0.018611564799029874
7.0	0.018611638829889827
7.1	0.01861182713494949
7.2	0.01861207628779566
7.3	0.018612338691398972
7.4	0.018612577209939852
7.5	0.018612767271168618
7.6	0.01861289681555927
7.7	0.018612964649125777
7.8	0.018612977819856952
7.9	0.01861294860472363
8.0	0.018612891594279563
8.1	0.01861282122481684
8.2	0.0186127499611236
8.3	0.018612687197218036
8.4	0.018612638832984377
8.5	0.018612607408403887
8.6	0.018612592635593714
8.7	0.018612592158621245
8.8	0.01861260238502392
8.9	0.018612619263923817
9.0	0.018612638924186405
9.1	0.018612658126356624
9.2	0.018612674517842816
9.3	0.01861268670884531
9.4	0.018612694205013644
9.5	0.0186126972421635
9.6	0.018612696569323038
9.7	0.018612693221257096
9.8	0.01861268831230635
9.9	0.01861268287277184
10.0	0.018612677737860985
10.1	0.01861267349013969
10.2	0.01861267044916818
10.3	0.018612668697629373
10.4	0.018612668131243754
10.5	0.018612668519941394
10.6	0.018612669569628443
10.7	0.018612670976365323
10.8	0.018612672467964376
10.9	0.018612673830903304
11.0	0.018612674922768333
11.1	0.018612675672409436
11.2	0.018612676070889175
11.3	0.0186126761567001
11.4	0.01861267599872245
11.5	0.018612675679583753
11.6	0.01861267528151553
11.7	0.018612674875892247
11.8	0.01861267451681158
11.9	0.018612674238563044
12.0	0.018612674056271917
12.1	0.018612673968859905
12.2	0.01861267396331578
12.3	0.018612674019430522
12.4	0.018612674114231224
12.5	0.018612674225632054
12.6	0.01861267433506699
12.7	0.01861267442896272
12.8	0.018612674499210183
12.9	0.018612674542824007
13.0	0.018612674561002886
13.1	0.018612674557904305
13.2	0.018612674539368542
13.3	0.018612674511724447
13.4	0.018612674480853592
13.5	0.018612674451557135
13.6	0.01861267442719373
13.7	0.01861267440963501
13.8	0.01861267439941001
13.9	0.01861267439594701
14.0	0.018612674397973473
14.1	0.018612674403818728
14.2	0.018612674411758026
14.3	0.01861267442023706
14.4	0.01861267442802357
14.5	0.01861267443429523
14.6	0.0186126744386277
14.7	0.0186126744409691
14.8	0.01861267444151695
14.9	0.018612674440669663
15.0	0.01861267443888269
15.1	0.018612674436632993
15.2	0.018612674434321574
15.3	0.018612674432268574
15.4	0.01861267443066751
15.5	0.018612674429611717
15.6	0.018612674429094988
15.7	0.018612674429047404
15.8	0.018612674429350187
15.9	0.018612674429884703
16.0	0.018612674430517496
16.1	0.01861267443114218
16.2	0.01861267443167647
16.3	0.018612674432083757
16.4	0.01861267443233584
16.5	0.01861267443244487
16.6	0.018612674432430774
16.7	0.018612674432330684
16.8	0.018612674432171978
16.9	0.018612674432000823
17.0	0.018612674431834286
17.1	0.018612674431691997
17.2	0.01861267443159387
17.3	0.01861267443153429
17.4	0.0186126744315082
17.5	0.01861267443152186
17.6	0.0186126744315524
17.7	0.018612674431598968
17.8	0.018612674431646197
17.9	0.018612674431692452
18.0	0.01861267443172356
18.1	0.01861267443175412
18.2	0.018612674431767548
18.3	0.01861267443176851
18.4	0.018612674431765404
18.5	0.01861267443175707
18.6	0.018612674431744948
18.7	0.018612674431727802
18.8	0.01861267443171684
18.9	0.01861267443170651
19.0	0.018612674431700185
19.1	0.018612674431696744
19.2	0.018612674431697073
19.3	0.01861267443170223
19.4	0.018612674431705337
19.5	0.01861267443170759
19.6	0.01861267443171022
19.7	0.01861267443171662
19.8	0.018612674431714434
19.9	0.018612674431714278
20.0	0.018612674431717505
20.1	0.01861267443171715
20.2	0.018612674431717074
20.3	0.0186126744317177
20.4	0.018612674431715978
20.5	0.018612674431715638
20.6	0.01861267443171426
20.7	0.018612674431713095
20.8	0.018612674431713203
20.9	0.018612674431711686
21.0	0.018612674431711287
21.1	0.01861267443171257
21.2	0.018612674431709345
21.3	0.01861267443171395
21.4	0.018612674431714313
21.5	0.018612674431713654
21.6	0.018612674431713973
21.7	0.0186126744317115
21.8	0.018612674431711544
21.9	0.018612674431716266
22.0	0.018612674431713314
22.1	0.018612674431716027
22.2	0.01861267443171212
22.3	0.01861267443171301
22.4	0.01861267443171359
22.5	0.018612674431712314
22.6	0.018612674431713244
22.7	0.018612674431717262
22.8	0.01861267443171294
22.9	0.018612674431714982
23.0	0.01861267443171368
23.1	0.018612674431712654
23.2	0.018612674431714746
23.3	0.018612674431714018
23.4	0.018612674431714122
23.5	0.018612674431715045
23.6	0.018612674431715572
23.7	0.018612674431714226
23.8	0.01861267443171556
23.9	0.018612674431713973
24.0	0.018612674431710503
24.1	0.018612674431714413
24.2	0.018612674431711513
24.3	0.01861267443171346
24.4	0.01861267443171407
24.5	0.01861267443171323
24.6	0.01861267443171202
24.7	0.018612674431710902
24.8	0.018612674431713515
24.9	0.018612674431710736
25.0	0.018612674431712807
25.1	0.018612674431716644
25.2	0.01861267443171236
25.3	0.018612674431711388
25.4	0.018612674431712446
25.5	0.018612674431712804
25.6	0.018612674431717522
25.7	0.01861267443171437
25.8	0.01861267443171105
25.9	0.01861267443171244
26.0	0.018612674431716755
26.1	0.018612674431710993
26.2	0.018612674431712873
26.3	0.018612674431713477
26.4	0.01861267443171412
26.5	0.01861267443171203
26.6	0.01861267443171253
26.7	0.018612674431715256
26.8	0.018612674431716197
26.9	0.018612674431714972
27.0	0.018612674431715458
27.1	0.018612674431712543
27.2	0.018612674431712155
27.3	0.01861267443171517
27.4	0.018612674431716672
27.5	0.01861267443171306
27.6	0.018612674431715825
27.7	0.018612674431713067
27.8	0.018612674431707936
27.9	0.01861267443171049
28.0	0.018612674431712748
28.1	0.018612674431712477
28.2	0.018612674431713463
28.3	0.018612674431711745
28.4	0.018612674431713497
28.5	0.018612674431711093
28.6	0.01861267443171472
28.7	0.018612674431709695
28.8	0.01861267443171148
28.9	0.01861267443171409
29.0	0.018612674431711575
29.1	0.018612674431715225
29.2	0.018612674431715413
29.3	0.018612674431711076
29.4	0.018612674431712852
29.5	0.018612674431709643
29.6	0.018612674431715045
29.7	0.018612674431712724
29.8	0.01861267443171108
29.9	0.0186126744317106
30.0	0.0186126744317133
30.1	0.01861267443171362
30.2	0.01861267443171192
30.3	0.018612674431711863
30.4	0.018612674431712297
30.5	0.018612674431714667
30.6	0.018612674431713574
30.7	0.01861267443171415
30.8	0.018612674431713824
30.9	0.018612674431712523
31.0	0.01861267443171345
31.1	0.018612674431712585
31.2	0.018612674431713678
31.3	0.01861267443171301
31.4	0.01861267443171236
31.5	0.018612674431712335
31.6	0.018612674431712852
31.7	0.018612674431713192
31.8	0.018612674431717303
31.9	0.018612674431710465
32.0	0.018612674431712203
32.1	0.018612674431712127
32.2	0.018612674431713126
32.3	0.018612674431715406
32.4	0.018612674431712974
32.5	0.018612674431710687
32.6	0.01861267443171409
32.7	0.018612674431714587
32.8	0.018612674431712974
32.9	0.01861267443171253
33.0	0.018612674431713203
33.1	0.01861267443171305
33.2	0.01861267443171298
33.3	0.01861267443171343
33.4	0.018612674431711367
33.5	0.01861267443171092
33.6	0.018612674431715055
33.7	0.01861267443171608
33.8	0.01861267443171309
33.9	0.018612674431709882
34.0	0.018612674431712516
34.1	0.01861267443171358
34.2	0.018612674431711246
34.3	0.018612674431712557
34.4	0.01861267443171486
34.5	0.01861267443171354
34.6	0.01861267443171477
34.7	0.018612674431714826
34.8	0.01861267443171566
34.9	0.01861267443171309
35.0	0.018612674431712155
35.1	0.018612674431710493
35.2	0.01861267443171572
35.3	0.018612674431711156
35.4	0.018612674431711662
35.5	0.018612674431713147
35.6	0.018612674431711336
35.7	0.018612674431713314
35.8	0.018612674431711912
35.9	0.01861267443171425
36.0	0.018612674431713418
36.1	0.018612674431714597
36.2	0.018612674431710483
36.3	0.01861267443171414
36.4	0.018612674431713678
36.5	0.018612674431716877
36.6	0.018612674431711655
36.7	0.01861267443171277
36.8	0.018612674431713473
36.9	0.018612674431714337
37.0	0.01861267443171436
37.1	0.018612674431713248
37.2	0.0186126744317123
37.3	0.018612674431711742
37.4	0.01861267443171169
37.5	0.018612674431712172
37.6	0.018612674431713105
37.7	0.01861267443171272
37.8	0.018612674431713404
37.9	0.018612674431713744
38.0	0.01861267443171194
38.1	0.01861267443171366
38.2	0.018612674431711922
38.3	0.0186126744317133
38.4	0.01861267443171372
38.5	0.01861267443171729
38.6	0.01861267443171377
38.7	0.018612674431712693
38.8	0.018612674431713536
38.9	0.018612674431715704
39.0	0.018612674431712165
39.1	0.0186126744317146
39.2	0.01861267443171446
39.3	0.018612674431713497
39.4	0.018612674431716575
39.5	0.01861267443171233
39.6	0.01861267443171514
39.7	0.018612674431713442
39.8	0.01861267443171111
39.9	0.01861267443171174
40.0	0.01861267443171353
40.1	0.018612674431713404
40.2	0.01861267443171131
40.3	0.018612674431711874
40.4	0.018612674431715718
40.5	0.01861267443171466
40.6	0.01861267443171171
40.7	0.018612674431712276
40.8	0.01861267443171128
40.9	0.018612674431714733
41.0	0.018612674431716516
41.1	0.018612674431716925
41.2	0.01861267443171429
41.3	0.018612674431714854
41.4	0.01861267443171262
41.5	0.018612674431709823
41.6	0.018612674431715732
41.7	0.01861267443171039
41.8	0.018612674431710226
41.9	0.018612674431715565
42.0	0.01861267443171259
42.1	0.018612674431712262
42.2	0.018612674431711638
42.3	0.018612674431715683
42.4	0.018612674431713883
42.5	0.01861267443171353
42.6	0.018612674431711582
42.7	0.018612674431712335
42.8	0.018612674431712762
42.9	0.018612674431712665
43.0	0.01861267443171496
43.1	0.018612674431712956
43.2	0.018612674431714486
43.3	0.018612674431715614
43.4	0.018612674431715524
43.5	0.018612674431713255
43.6	0.018612674431714556
43.7	0.01861267443171448
43.8	0.018612674431711364
43.9	0.018612674431714556
44.0	0.01861267443171276
44.1	0.018612674431713327
44.2	0.01861267443171188
44.3	0.01861267443171142
44.4	0.018612674431717453
44.5	0.018612674431712842
44.6	0.018612674431712575
44.7	0.018612674431713886
44.8	0.018612674431710618
44.9	0.01861267443171501
45.0	0.018612674431712724
45.1	0.018612674431714573
45.2	0.0186126744317132
45.3	0.018612674431713223
45.4	0.018612674431711704
45.5	0.018612674431714698
45.6	0.018612674431712488
45.7	0.018612674431712117
45.8	0.01861267443171359
45.9	0.018612674431711423
46.0	0.01861267443171415
46.1	0.018612674431713667
46.2	0.018612674431714188
46.3	0.01861267443171491
46.4	0.018612674431714073
46.5	0.018612674431714542
46.6	0.01861267443171553
46.7	0.01861267443171641
46.8	0.018612674431713647
46.9	0.018612674431711492
47.0	0.018612674431714254
47.1	0.018612674431710018
47.2	0.01861267443170994
47.3	0.018612674431712117
47.4	0.01861267443171479
47.5	0.018612674431713973
47.6	0.01861267443171304
47.7	0.018612674431713924
47.8	0.018612674431712575
47.9	0.018612674431717265
48.0	0.01861267443171518
48.1	0.018612674431712096
48.2	0.01861267443171445
48.3	0.018612674431712738
48.4	0.018612674431715704
48.5	0.018612674431711964
48.6	0.018612674431712852
48.7	0.018612674431712845
48.8	0.018612674431714427
48.9	0.018612674431714007
49.0	0.018612674431714472
49.1	0.01861267443171241
49.2	0.018612674431712738
49.3	0.018612674431715458
49.4	0.018612674431712467
49.5	0.01861267443171429
49.6	0.018612674431714497
49.7	0.018612674431712915
49.8	0.018612674431714972
49.9	0.018612674431712262
50.0	0.018612674431715753
50.1	0.018612674431713397
50.2	0.01861267443170994
50.3	0.01861267443171175
50.4	0.018612674431712092
50.5	0.018612674431709893
50.6	0.018612674431712602
50.7	0.018612674431712106
50.8	0.018612674431713147
50.9	0.0186126744317145
51.0	0.01861267443171318
51.1	0.018612674431715815
51.2	0.018612674431714125
51.3	0.018612674431709463
51.4	0.018612674431713012
51.5	0.01861267443171325
51.6	0.018612674431712842
51.7	0.018612674431712876
51.8	0.01861267443171229
51.9	0.018612674431712127
52.0	0.018612674431712335
52.1	0.018612674431715992
52.2	0.018612674431713716
52.3	0.018612674431715517
52.4	0.018612674431713667
52.5	0.01861267443171069
52.6	0.018612674431714743
52.7	0.01861267443171368
52.8	0.018612674431713452
52.9	0.018612674431715825
53.0	0.018612674431711936
53.1	0.01861267443171305
53.2	0.01861267443171259
53.3	0.018612674431715763
53.4	0.01861267443171307
53.5	0.01861267443171012
53.6	0.018612674431711936
53.7	0.018612674431711624
53.8	0.018612674431712186
53.9	0.018612674431711048
54.0	0.018612674431713744
54.1	0.018612674431714327
54.2	0.01861267443171221
54.3	0.018612674431712762
54.4	0.018612674431713522
54.5	0.01861267443171368
54.6	0.018612674431711624
54.7	0.018612674431712307
54.8	0.018612674431712398
54.9	0.01861267443171208
55.0	0.018612674431712748
55.1	0.01861267443171173
55.2	0.01861267443171138
55.3	0.018612674431715055
55.4	0.018612674431713903
55.5	0.018612674431717997
55.6	0.018612674431714583
55.7	0.018612674431712904
55.8	0.01861267443171253
55.9	0.018612674431710725
56.0	0.018612674431711457
56.1	0.018612674431715333
56.2	0.018612674431712148
56.3	0.01861267443171253
56.4	0.018612674431709796
56.5	0.018612674431711326
56.6	0.018612674431713126
56.7	0.018612674431715395
56.8	0.01861267443171507
56.9	0.018612674431713057
57.0	0.018612674431714122
57.1	0.018612674431711315
57.2	0.018612674431715028
57.3	0.01861267443170972
57.4	0.018612674431713012
57.5	0.018612674431715215
57.6	0.018612674431713577
57.7	0.018612674431712276
57.8	0.018612674431715524
57.9	0.018612674431712255
58.0	0.018612674431712984
58.1	0.018612674431713775
58.2	0.018612674431711444
58.3	0.01861267443171356
58.4	0.018612674431711527
58.5	0.01861267443171238
58.6	0.01861267443171194
58.7	0.01861267443171477
58.8	0.018612674431716016
58.9	0.018612674431715336
59.0	0.018612674431714632
59.1	0.018612674431713896
59.2	0.018612674431715773
59.3	0.018612674431710427
59.4	0.018612674431709806
59.5	0.018612674431712866
59.6	0.01861267443171171
59.7	0.018612674431711492
59.8	0.018612674431709858
59.9	0.018612674431713074
60.0	0.018612674431711537
60.1	0.01861267443171539
60.2	0.01861267443171435
60.3	0.01861267443171216
60.4	0.018612674431713324
60.5	0.018612674431712686
60.6	0.018612674431713033
60.7	0.018612674431713407
60.8	0.018612674431713265
60.9	0.018612674431714656
61.0	0.018612674431711315
61.1	0.01861267443171369
61.2	0.018612674431713296
61.3	0.018612674431712252
61.4	0.018612674431712762
61.5	0.01861267443170981
61.6	0.018612674431711985
61.7	0.018612674431713827
61.8	0.018612674431713126
61.9	0.018612674431713418
62.0	0.01861267443171206
62.1	0.018612674431712897
62.2	0.018612674431710458
62.3	0.01861267443171324
62.4	0.01861267443171123
62.5	0.018612674431714618
62.6	0.0186126744317105
62.7	0.018612674431715596
62.8	0.018612674431714785
62.9	0.018612674431713563
63.0	0.018612674431713373
63.1	0.018612674431713314
63.2	0.01861267443171545
63.3	0.01861267443171355
63.4	0.018612674431711867
63.5	0.018612674431716263
63.6	0.018612674431716422
63.7	0.01861267443171175
63.8	0.018612674431712682
63.9	0.018612674431711176
64.0	0.018612674431713112
64.1	0.01861267443171321
64.2	0.018612674431716374
64.3	0.018612674431716728
64.4	0.01861267443171299
64.5	0.01861267443171174
64.6	0.018612674431716575
64.7	0.018612674431712672
64.8	0.018612674431713647
64.9	0.018612674431714726
65.0	0.01861267443171003
65.1	0.018612674431715492
65.2	0.018612674431715256
65.3	0.018612674431712335
65.4	0.0186126744317105
65.5	0.01861267443171076
65.6	0.018612674431714434
65.7	0.01861267443171528
65.8	0.01861267443171359
65.9	0.018612674431712002
66.0	0.01861267443171023
66.1	0.018612674431716453
66.2	0.018612674431714212
66.3	0.0186126744317133
66.4	0.01861267443171244
66.5	0.018612674431715128
66.6	0.018612674431715413
66.7	0.018612674431714327
66.8	0.018612674431711954
66.9	0.01861267443171278
67.0	0.018612674431712984
67.1	0.018612674431713848
67.2	0.018612674431714986
67.3	0.018612674431711617
67.4	0.018612674431713765
67.5	0.018612674431712297
67.6	0.018612674431712585
67.7	0.018612674431712196
67.8	0.01861267443171164
67.9	0.018612674431714278
68.0	0.018612674431711565
68.1	0.018612674431713418
68.2	0.018612674431714004
68.3	0.018612674431712193
68.4	0.01861267443171235
68.5	0.0186126744317153
68.6	0.018612674431712793
68.7	0.01861267443170924
68.8	0.018612674431714576
68.9	0.01861267443171176
69.0	0.018612674431713532
69.1	0.01861267443171582
69.2	0.018612674431712918
69.3	0.018612674431711586
69.4	0.01861267443171372
69.5	0.01861267443171668
69.6	0.018612674431714153
69.7	0.01861267443171573
69.8	0.01861267443171396
69.9	0.018612674431712904
70.0	0.01861267443171266
70.1	0.018612674431713928
70.2	0.018612674431710705
70.3	0.018612674431711548
70.4	0.01861267443171311
70.5	0.018612674431714396
70.6	0.018612674431708987
70.7	0.0186126744317145
70.8	0.01861267443171514
70.9	0.01861267443171089
71.0	0.018612674431711516
71.1	0.0186126744317116
71.2	0.018612674431711357
71.3	0.01861267443171462
71.4	0.018612674431713234
71.5	0.0186126744317129
71.6	0.018612674431711856
71.7	0.018612674431714417
71.8	0.018612674431712013
71.9	0.01861267443171014
72.0	0.01861267443171239
72.1	0.01861267443171402
72.2	0.01861267443171216
72.3	0.018612674431714365
72.4	0.018612674431712255
72.5	0.01861267443171356
72.6	0.01861267443171503
72.7	0.018612674431713265
72.8	0.018612674431714618
72.9	0.01861267443171242
73.0	0.01861267443170983
73.1	0.018612674431708887
73.2	0.01861267443171531
73.3	0.018612674431713546
73.4	0.018612674431714143
73.5	0.018612674431711298
73.6	0.01861267443171656
73.7	0.01861267443171173
73.8	0.018612674431713928
73.9	0.018612674431714896
74.0	0.018612674431713567
74.1	0.018612674431709973
74.2	0.01861267443171188
74.3	0.01861267443171343
74.4	0.018612674431713848
74.5	0.018612674431712925
74.6	0.018612674431712776
74.7	0.018612674431715548
74.8	0.01861267443171029
74.9	0.018612674431713404
75.0	0.01861267443171449
75.1	0.018612674431715198
75.2	0.018612674431713213
75.3	0.018612674431716374
75.4	0.018612674431715385
75.5	0.018612674431712748
75.6	0.018612674431714212
75.7	0.018612674431712585
75.8	0.018612674431712054
75.9	0.01861267443171235
76.0	0.01861267443171255
76.1	0.018612674431713196
76.2	0.018612674431715413
76.3	0.018612674431713792
76.4	0.01861267443170997
76.5	0.018612674431711818
76.6	0.018612674431710968
76.7	0.018612674431715562
76.8	0.01861267443171287
76.9	0.018612674431717404
77.0	0.01861267443171435
77.1	0.018612674431714403
77.2	0.018612674431711666
77.3	0.01861267443171155
77.4	0.018612674431715024
77.5	0.018612674431712467
77.6	0.018612674431710614
77.7	0.018612674431713522
77.8	0.01861267443171316
77.9	0.018612674431711725
78.0	0.018612674431714195
78.1	0.018612674431713508
78.2	0.018612674431712096
78.3	0.01861267443171335
78.4	0.018612674431712863
78.5	0.0186126744317121
78.6	0.018612674431711485
78.7	0.018612674431713213
78.8	0.01861267443171197
78.9	0.0186126744317137
79.0	0.018612674431712044
79.1	0.01861267443171319
79.2	0.018612674431714923
79.3	0.01861267443171121
79.4	0.018612674431714014
79.5	0.018612674431710816
79.6	0.018612674431714
79.7	0.018612674431715544
79.8	0.01861267443171111
79.9	0.01861267443171282
80.0	0.018612674431712908
80.1	0.018612674431713844
80.2	0.018612674431714077
80.3	0.018612674431713515
80.4	0.018612674431713463
80.5	0.018612674431712932
80.6	0.018612674431711898
80.7	0.018612674431709397
80.8	0.01861267443171164
80.9	0.018612674431713404
81.0	0.01861267443171181
81.1	0.018612674431714844
81.2	0.01861267443171411
81.3	0.018612674431710993
81.4	0.018612674431713924
81.5	0.01861267443171625
81.6	0.018612674431711985
81.7	0.018612674431713355
81.8	0.018612674431713706
81.9	0.018612674431713508
82.0	0.018612674431713123
82.1	0.018612674431713477
82.2	0.018612674431712696
82.3	0.018612674431711693
82.4	0.018612674431713758
82.5	0.01861267443171006
82.6	0.01861267443171177
82.7	0.018612674431713876
82.8	0.01861267443171041
82.9	0.018612674431713456
83.0	0.018612674431710812
83.1	0.018612674431712387
83.2	0.018612674431714864
83.3	0.018612674431711145
83.4	0.01861267443171206
83.5	0.018612674431713414
83.6	0.018612674431713844
83.7	0.018612674431715555
83.8	0.018612674431710566
83.9	0.018612674431714882
84.0	0.01861267443171222
84.1	0.018612674431711062
84.2	0.018612674431713563
84.3	0.018612674431712026
84.4	0.018612674431713792
84.5	0.018612674431716294
84.6	0.018612674431711166
84.7	0.018612674431714885
84.8	0.01861267443171478
84.9	0.0186126744317117
85.0	0.018612674431713327
85.1	0.01861267443171302
85.2	0.018612674431709345
85.3	0.01861267443171135
85.4	0.018612674431710566
85.5	0.018612674431715024
85.6	0.018612674431713154
85.7	0.018612674431715
85.8	0.018612674431714615
85.9	0.018612674431710163
86.0	0.01861267443171359
86.1	0.018612674431714382
86.2	0.01861267443171565
86.3	0.018612674431714757
86.4	0.018612674431716682
86.5	0.018612674431714635
86.6	0.01861267443171521
86.7	0.018612674431713
86.8	0.018612674431711038
86.9	0.01861267443171432
87.0	0.018612674431710885
87.1	0.018612674431714764
87.2	0.018612674431710382
87.3	0.01861267443171165
87.4	0.018612674431714077
87.5	0.01861267443171063
87.6	0.0186126744317121
87.7	0.018612674431714868
87.8	0.018612674431711818
87.9	0.018612674431714736
88.0	0.018612674431710895
88.1	0.018612674431711884
88.2	0.018612674431711867
88.3	0.018612674431712616
88.4	0.018612674431713355
88.5	0.018612674431712762
88.6	0.01861267443171179
88.7	0.018612674431713976
88.8	0.018612674431715152
88.9	0.01861267443171497
89.0	0.018612674431715458
89.1	0.018612674431712575
89.2	0.01861267443171387
89.3	0.018612674431713126
89.4	0.018612674431716637
89.5	0.01861267443171412
89.6	0.018612674431714455
89.7	0.018612674431712224
89.8	0.018612674431711298
89.9	0.018612674431713865
90.0	0.018612674431714115
90.1	0.018612674431712026
90.2	0.018612674431710552
90.3	0.01861267443171386
90.4	0.018612674431711083
90.5	0.018612674431714486
90.6	0.0186126744317126
90.7	0.018612674431714736
90.8	0.0186126744317138
90.9	0.018612674431716613
91.0	0.018612674431716193
91.1	0.018612674431711718
91.2	0.018612674431712675
91.3	0.01861267443171213
91.4	0.018612674431715777
91.5	0.01861267443171588
91.6	0.018612674431712904
91.7	0.018612674431710264
91.8	0.01861267443171136
91.9	0.01861267443171649
92.0	0.01861267443171282
92.1	0.018612674431711503
92.2	0.018612674431712457
92.3	0.018612674431712616
92.4	0.018612674431713105
92.5	0.018612674431714195
92.6	0.018612674431715288
92.7	0.01861267443170856
92.8	0.018612674431712606
92.9	0.018612674431710472
93.0	0.01861267443171404
93.1	0.018612674431711246
93.2	0.018612674431709712
93.3	0.018612674431711537
93.4	0.01861267443171387
93.5	0.018612674431715083
93.6	0.018612674431714188
93.7	0.01861267443171136
93.8	0.018612674431711423
93.9	0.018612674431713078
94.0	0.018612674431714993
94.1	0.018612674431711964
94.2	0.01861267443171222
94.3	0.018612674431711797
94.4	0.0186126744317123
94.5	0.018612674431714767
94.6	0.018612674431713327
94.7	0.018612674431714462
94.8	0.01861267443171126
94.9	0.018612674431711447
95.0	0.018612674431711346
95.1	0.018612674431713563
95.2	0.018612674431713955
95.3	0.018612674431711374
95.4	0.018612674431711478
95.5	0.018612674431710875
95.6	0.01861267443171126
95.7	0.018612674431710875
95.8	0.018612674431711662
95.9	0.018612674431714292
96.0	0.018612674431711548
96.1	0.018612674431714785
96.2	0.018612674431711565
96.3	0.018612674431713605
96.4	0.018612674431712793
96.5	0.018612674431713386
96.6	0.018612674431711634
96.7	0.0186126744317132
96.8	0.018612674431713674
96.9	0.018612674431714063
97.0	0.018612674431712453
97.1	0.018612674431711197
97.2	0.018612674431715808
97.3	0.018612674431713237
97.4	0.01861267443171124
97.5	0.018612674431713896
97.6	0.01861267443171883
97.7	0.018612674431714195
97.8	0.01861267443171134
97.9	0.018612674431709383
98.0	0.018612674431713043
98.1	0.01861267443171251
98.2	0.018612674431711673
98.3	0.018612674431711145
98.4	0.0186126744317144
98.5	0.01861267443171223
98.6	0.018612674431713574
98.7	0.0186126744317085
98.8	0.01861267443171125
98.9	0.018612674431710954
99.0	0.01861267443171194
99.1	0.018612674431713747
99.2	0.01861267443171408
99.3	0.01861267443171279
99.4	0.01861267443171183
99.5	0.0186126744317146
99.6	0.018612674431713026
99.7	0.018612674431714576
99.8	0.01861267443171073
99.9	0.018612674431711402
100.0	0.018612674431714524
