0.0	0.0
0.1	0.029264221570563423
0.2	0.07291572887182023
0.3	0.10650716624787528
0.4	0.12246223061952158
0.5	0.1205590495787063
0.6	0.10515830664048087
0.7	0.08369707748071381
0.8	0.06458099925902352
0.9	0.05416707330952899
1.0	0.05397538201406603
1.1	0.060657325437647965
1.2	0.06922592281879172
1.3	0.07591053983450963
1.4	0.0789922329987891
1.5	0.07852760642422252
1.6	0.07572622457440646
1.7	0.07223971383143803
1.8	0.06949777912007189
1.9	0.06825717856534565
2.0	0.06850183767280149
2.1	0.06967631589819953
2.2	0.07106471084846748
2.3	0.07210477768320597
2.4	0.07253669759895386
2.5	0.07239575564156407
2.6	0.07190756874317576
2.7	0.0713513839312709
2.8	0.07094559319324466
2.9	0.07078829118480534
3.0	0.07085864738988344
3.1	0.07106097846621762
3.2	0.07128230335364415
3.3	0.07143804349865374
3.4	0.07149318054881894
3.5	0.07145923238806526
3.6	0.071375764861173
3.7	0.071287719969149
3.8	0.07122780493419544
3.9	0.07120862772481833
4.0	0.07122440835824095
4.1	0.07125872015116905
4.2	0.0712936311631179
4.3	0.07131654689589312
4.4	0.07132303266225216
4.5	0.07131586341047794
4.6	0.07130180845531746
4.7	0.07128799189790554
4.8	0.07127925109826053
4.9	0.0712771236777982
5.0	0.07128032081563776
5.1	0.0712860594424962
5.2	0.07129151378477712
5.3	0.07129483302939753
5.4	0.07129549760301782
5.5	0.07129409214052125
5.6	0.07129175626216777
5.7	0.07128960793000994
5.8	0.0712883527730489
5.9	0.0712881607545044
6.0	0.07128877138503042
6.1	0.07128971942018286
6.2	0.07129056355013627
6.3	0.0712910358611814
6.4	0.07129108344489878
6.5	0.07129082071978894
6.6	0.07129043702224008
6.7	0.07129010614264762
6.8	0.07128992935915555
6.9	0.07128992186006804
7.0	0.07129003396538808
7.1	0.07129018884386706
7.2	0.07129031821821878
7.3	0.07129038398901882
7.4	0.0712903824454758
7.5	0.07129033495089455
7.6	0.07129027259585487
7.7	0.07129022213935717
7.8	0.07129019783679344
7.9	0.07129020023922951
8.0	0.07129022023511203
8.1	0.07129024527678628
8.2	0.0712902649030196
8.3	0.07129027381226698
8.4	0.07129027215163154
8.5	0.07129026377975116
8.6	0.07129025374761437
8.7	0.07129024613448537
8.8	0.07129024289844146
8.9	0.07129024383625257
9.0	0.07129024732395649
9.1	0.07129025133339391
9.2	0.0712902542780911
9.3	0.07129025544059975
9.4	0.07129025495879128
9.5	0.07129025351237075
9.6	0.07129025191374222
9.7	0.07129025077819265
9.8	0.07129025036616034
9.9	0.07129025060037476
10.0	0.07129025119776544
10.1	0.07129025183368314
10.2	0.07129025227017745
10.3	0.071290252413769
10.4	0.0712902523039878
10.5	0.0712902520581997
10.6	0.07129025180582385
10.7	0.07129025163860658
10.8	0.07129025158964941
10.9	0.07129025163979057
11.0	0.071290251740563
11.1	0.07129025184048902
11.2	0.0712902519043106
11.3	0.0712902519205136
11.4	0.07129025189805813
11.5	0.07129025185688236
11.6	0.07129025181740752
11.7	0.0712902517931395
11.8	0.07129025178800724
11.9	0.07129025179790907
12.0	0.07129025181468439
12.1	0.07129025183023988
12.2	0.07129025183942567
12.3	0.07129025184094592
12.4	0.07129025183663022
12.5	0.07129025182981724
12.6	0.07129025182370335
12.7	0.07129025182024203
12.8	0.07129025181984501
12.9	0.07129025182170708
13.0	0.07129025182446637
13.1	0.07129025182686337
13.2	0.07129025182816048
13.3	0.07129025182823637
13.4	0.07129025182743877
13.5	0.07129025182632752
13.6	0.07129025182538794
13.7	0.07129025182490259
13.8	0.07129025182490693
13.9	0.07129025182524444
14.0	0.07129025182569476
14.1	0.07129025182606126
14.2	0.0712902518262351
14.3	0.0712902518262254
14.4	0.07129025182608255
14.5	0.07129025182590293
14.6	0.07129025182575968
14.7	0.07129025182569534
14.8	0.07129025182570406
14.9	0.07129025182576101
15.0	0.07129025182583676
15.1	0.07129025182588895
15.2	0.07129025182591454
15.3	0.07129025182591343
15.4	0.07129025182588584
15.5	0.07129025182585759
15.6	0.07129025182583461
15.7	0.07129025182582566
15.8	0.07129025182583151
15.9	0.07129025182584037
16.0	0.0712902518258535
16.1	0.07129025182585966
16.2	0.07129025182586532
16.3	0.0712902518258586
16.4	0.07129025182585737
16.5	0.07129025182585445
16.6	0.07129025182584833
16.7	0.07129025182584499
16.8	0.07129025182584955
16.9	0.07129025182585322
17.0	0.07129025182585284
17.1	0.07129025182584917
17.2	0.07129025182585377
17.3	0.07129025182585184
17.4	0.07129025182585175
17.5	0.07129025182584951
17.6	0.07129025182584779
17.7	0.07129025182585189
17.8	0.07129025182585229
17.9	0.07129025182585164
18.0	0.0712902518258531
18.1	0.07129025182585068
18.2	0.07129025182585091
18.3	0.07129025182585554
18.4	0.0712902518258536
18.5	0.07129025182585212
18.6	0.07129025182585623
18.7	0.07129025182585401
18.8	0.0712902518258502
18.9	0.07129025182585234
19.0	0.07129025182584994
19.1	0.07129025182584857
19.2	0.07129025182585114
19.3	0.07129025182584987
19.4	0.07129025182585
19.5	0.07129025182585126
19.6	0.07129025182584972
19.7	0.07129025182585363
19.8	0.07129025182584703
19.9	0.07129025182585214
20.0	0.07129025182584646
20.1	0.07129025182585345
20.2	0.07129025182584929
20.3	0.07129025182584935
20.4	0.07129025182585401
20.5	0.07129025182585168
20.6	0.07129025182584893
20.7	0.0712902518258501
20.8	0.07129025182585107
20.9	0.0712902518258514
21.0	0.07129025182585078
21.1	0.07129025182585186
21.2	0.07129025182585187
21.3	0.07129025182585273
21.4	0.07129025182585172
21.5	0.07129025182585016
21.6	0.07129025182585218
21.7	0.07129025182585019
21.8	0.0712902518258477
21.9	0.07129025182585404
22.0	0.07129025182584953
22.1	0.07129025182585141
22.2	0.07129025182585415
22.3	0.071290251825852
22.4	0.07129025182585273
22.5	0.07129025182585336
22.6	0.07129025182585431
22.7	0.07129025182585089
22.8	0.07129025182584939
22.9	0.07129025182585336
23.0	0.07129025182584943
23.1	0.07129025182585161
23.2	0.0712902518258524
23.3	0.07129025182585277
23.4	0.071290251825851
23.5	0.0712902518258511
23.6	0.07129025182585026
23.7	0.07129025182584929
23.8	0.07129025182585172
23.9	0.0712902518258541
24.0	0.07129025182585061
24.1	0.07129025182585147
24.2	0.071290251825852
24.3	0.0712902518258526
24.4	0.07129025182585015
24.5	0.07129025182585198
24.6	0.07129025182584958
24.7	0.07129025182585473
24.8	0.07129025182585255
24.9	0.07129025182585347
25.0	0.07129025182585588
25.1	0.07129025182585044
25.2	0.07129025182585291
25.3	0.07129025182584903
25.4	0.07129025182585225
25.5	0.0712902518258535
25.6	0.0712902518258498
25.7	0.07129025182584835
25.8	0.0712902518258519
25.9	0.0712902518258496
26.0	0.07129025182585211
26.1	0.0712902518258541
26.2	0.07129025182585116
26.3	0.07129025182585069
26.4	0.07129025182585494
26.5	0.07129025182585003
26.6	0.07129025182585083
26.7	0.07129025182585418
26.8	0.07129025182584871
26.9	0.07129025182584922
27.0	0.07129025182585298
27.1	0.07129025182585191
27.2	0.07129025182585053
27.3	0.07129025182585233
27.4	0.07129025182585064
27.5	0.07129025182584756
27.6	0.07129025182584857
27.7	0.07129025182585032
27.8	0.07129025182585046
27.9	0.07129025182585268
28.0	0.07129025182585148
28.1	0.07129025182585365
28.2	0.07129025182585517
28.3	0.07129025182585114
28.4	0.07129025182585172
28.5	0.07129025182585327
28.6	0.07129025182585266
28.7	0.07129025182585332
28.8	0.07129025182585108
28.9	0.07129025182585084
29.0	0.0712902518258499
29.1	0.07129025182585048
29.2	0.07129025182585225
29.3	0.07129025182585141
29.4	0.07129025182585326
29.5	0.07129025182585477
29.6	0.07129025182585054
29.7	0.07129025182585376
29.8	0.0712902518258501
29.9	0.07129025182584829
30.0	0.07129025182585222
30.1	0.07129025182585204
30.2	0.07129025182585365
30.3	0.07129025182585152
30.4	0.07129025182585155
30.5	0.07129025182585066
30.6	0.07129025182585214
30.7	0.0712902518258514
30.8	0.07129025182585447
30.9	0.07129025182584937
31.0	0.07129025182584968
31.1	0.07129025182585243
31.2	0.07129025182584688
31.3	0.07129025182585252
31.4	0.07129025182585211
31.5	0.07129025182585366
31.6	0.07129025182585105
31.7	0.07129025182585168
31.8	0.0712902518258514
31.9	0.07129025182585183
32.0	0.07129025182585241
32.1	0.07129025182585257
32.2	0.07129025182585409
32.3	0.07129025182585036
32.4	0.07129025182585308
32.5	0.07129025182585265
32.6	0.07129025182585039
32.7	0.07129025182584979
32.8	0.0712902518258505
32.9	0.07129025182584792
33.0	0.07129025182585089
33.1	0.0712902518258531
33.2	0.0712902518258508
33.3	0.07129025182585429
33.4	0.07129025182585165
33.5	0.07129025182585227
33.6	0.0712902518258501
33.7	0.07129025182585084
33.8	0.07129025182585087
33.9	0.07129025182584796
34.0	0.07129025182585116
34.1	0.07129025182585147
34.2	0.0712902518258491
34.3	0.07129025182585193
34.4	0.07129025182585205
34.5	0.07129025182585301
34.6	0.07129025182584742
34.7	0.07129025182585069
34.8	0.07129025182585048
34.9	0.07129025182585227
35.0	0.07129025182585097
35.1	0.0712902518258542
35.2	0.07129025182584967
35.3	0.07129025182585258
35.4	0.07129025182585219
35.5	0.07129025182585223
35.6	0.07129025182585148
35.7	0.07129025182585469
35.8	0.07129025182585015
35.9	0.07129025182584883
36.0	0.0712902518258495
36.1	0.07129025182585069
36.2	0.07129025182584965
36.3	0.07129025182585702
36.4	0.0712902518258533
36.5	0.07129025182585225
36.6	0.07129025182584864
36.7	0.07129025182585463
36.8	0.07129025182584962
36.9	0.0712902518258517
37.0	0.0712902518258538
37.1	0.07129025182584812
37.2	0.07129025182585313
37.3	0.0712902518258506
37.4	0.07129025182585083
37.5	0.07129025182584943
37.6	0.07129025182585047
37.7	0.07129025182585016
37.8	0.07129025182585236
37.9	0.07129025182584973
38.0	0.07129025182585484
38.1	0.07129025182585008
38.2	0.07129025182585387
38.3	0.07129025182585443
38.4	0.07129025182585244
38.5	0.07129025182585039
38.6	0.07129025182585187
38.7	0.07129025182585247
38.8	0.0712902518258536
38.9	0.07129025182585219
39.0	0.07129025182585635
39.1	0.07129025182585202
39.2	0.07129025182585064
39.3	0.07129025182585244
39.4	0.07129025182585394
39.5	0.0712902518258501
39.6	0.07129025182584942
39.7	0.07129025182584939
39.8	0.07129025182585157
39.9	0.07129025182585355
40.0	0.07129025182585022
40.1	0.07129025182585244
40.2	0.07129025182585019
40.3	0.0712902518258522
40.4	0.07129025182585216
40.5	0.07129025182585289
40.6	0.07129025182585247
40.7	0.07129025182585548
40.8	0.07129025182585236
40.9	0.0712902518258536
41.0	0.0712902518258505
41.1	0.07129025182585012
41.2	0.0712902518258515
41.3	0.07129025182585538
41.4	0.07129025182585097
41.5	0.07129025182585172
41.6	0.07129025182585164
41.7	0.07129025182585474
41.8	0.07129025182585239
41.9	0.07129025182585239
42.0	0.0712902518258503
42.1	0.0712902518258515
42.2	0.07129025182585112
42.3	0.0712902518258509
42.4	0.07129025182585241
42.5	0.07129025182585265
42.6	0.07129025182585437
42.7	0.07129025182585147
42.8	0.07129025182585129
42.9	0.07129025182585141
43.0	0.07129025182585032
43.1	0.07129025182585148
43.2	0.07129025182584584
43.3	0.07129025182585229
43.4	0.07129025182585219
43.5	0.07129025182585345
43.6	0.07129025182585323
43.7	0.07129025182584965
43.8	0.07129025182585136
43.9	0.0712902518258501
44.0	0.07129025182585282
44.1	0.07129025182585125
44.2	0.07129025182585243
44.3	0.07129025182585422
44.4	0.0712902518258501
44.5	0.07129025182585078
44.6	0.07129025182585305
44.7	0.07129025182585688
44.8	0.07129025182585441
44.9	0.07129025182585248
45.0	0.0712902518258536
45.1	0.07129025182585454
45.2	0.07129025182585053
45.3	0.0712902518258501
45.4	0.07129025182585386
45.5	0.07129025182584862
45.6	0.07129025182585103
45.7	0.07129025182585283
45.8	0.0712902518258499
45.9	0.07129025182585132
46.0	0.07129025182585341
46.1	0.07129025182585536
46.2	0.07129025182585236
46.3	0.07129025182585098
46.4	0.07129025182585108
46.5	0.0712902518258529
46.6	0.07129025182585333
46.7	0.07129025182585316
46.8	0.07129025182585068
46.9	0.07129025182584725
47.0	0.07129025182585029
47.1	0.07129025182585126
47.2	0.07129025182585363
47.3	0.07129025182585193
47.4	0.07129025182585333
47.5	0.0712902518258535
47.6	0.07129025182585114
47.7	0.07129025182585315
47.8	0.07129025182585028
47.9	0.0712902518258501
48.0	0.07129025182585132
48.1	0.07129025182585486
48.2	0.07129025182585252
48.3	0.07129025182585141
48.4	0.07129025182585039
48.5	0.0712902518258522
48.6	0.07129025182584897
48.7	0.07129025182585036
48.8	0.0712902518258486
48.9	0.07129025182585505
49.0	0.07129025182585656
49.1	0.07129025182585141
49.2	0.07129025182585433
49.3	0.07129025182585394
49.4	0.07129025182585279
49.5	0.07129025182585375
49.6	0.07129025182585062
49.7	0.07129025182585161
49.8	0.07129025182585542
49.9	0.07129025182585075
50.0	0.07129025182585132
50.1	0.07129025182585368
50.2	0.07129025182585055
50.3	0.07129025182585198
50.4	0.07129025182585479
50.5	0.07129025182584982
50.6	0.07129025182585001
50.7	0.07129025182585268
50.8	0.07129025182585473
50.9	0.07129025182584904
51.0	0.07129025182584697
51.1	0.07129025182585227
51.2	0.07129025182584849
51.3	0.0712902518258511
51.4	0.07129025182585282
51.5	0.07129025182585141
51.6	0.0712902518258515
51.7	0.07129025182584933
51.8	0.07129025182585572
51.9	0.07129025182585347
52.0	0.07129025182585387
52.1	0.07129025182585236
52.2	0.07129025182585322
52.3	0.07129025182585477
52.4	0.07129025182585032
52.5	0.07129025182585265
52.6	0.07129025182585133
52.7	0.0712902518258515
52.8	0.07129025182584929
52.9	0.07129025182584968
53.0	0.07129025182585468
53.1	0.07129025182585448
53.2	0.07129025182585336
53.3	0.07129025182585443
53.4	0.07129025182585022
53.5	0.07129025182585058
53.6	0.071290251825852
53.7	0.07129025182585141
53.8	0.07129025182585419
53.9	0.07129025182584948
54.0	0.07129025182585301
54.1	0.07129025182585266
54.2	0.07129025182585294
54.3	0.0712902518258482
54.4	0.07129025182585212
54.5	0.07129025182585222
54.6	0.071290251825857
54.7	0.0712902518258491
54.8	0.07129025182585097
54.9	0.07129025182585047
55.0	0.07129025182585302
55.1	0.07129025182585287
55.2	0.07129025182585078
55.3	0.0712902518258536
55.4	0.0712902518258553
55.5	0.07129025182585405
55.6	0.07129025182585193
55.7	0.07129025182585311
55.8	0.07129025182584828
55.9	0.07129025182585054
56.0	0.07129025182585057
56.1	0.07129025182585047
56.2	0.07129025182585404
56.3	0.07129025182585236
56.4	0.07129025182585338
56.5	0.07129025182585368
56.6	0.07129025182585094
56.7	0.07129025182585125
56.8	0.07129025182585375
56.9	0.0712902518258528
57.0	0.07129025182585394
57.1	0.0712902518258499
57.2	0.07129025182585479
57.3	0.07129025182585737
57.4	0.07129025182585132
57.5	0.0712902518258531
57.6	0.07129025182585316
57.7	0.07129025182585244
57.8	0.071290251825853
57.9	0.07129025182585572
58.0	0.07129025182585354
58.1	0.07129025182585401
58.2	0.07129025182585394
58.3	0.0712902518258535
58.4	0.07129025182585355
58.5	0.07129025182585212
58.6	0.07129025182585139
58.7	0.07129025182585284
58.8	0.07129025182585398
58.9	0.07129025182585239
59.0	0.07129025182585148
59.1	0.07129025182585325
59.2	0.07129025182585484
59.3	0.07129025182585352
59.4	0.07129025182585086
59.5	0.0712902518258511
59.6	0.0712902518258508
59.7	0.07129025182585247
59.8	0.07129025182585194
59.9	0.07129025182584847
60.0	0.07129025182585304
60.1	0.0712902518258527
60.2	0.07129025182585286
60.3	0.0712902518258529
60.4	0.07129025182585152
60.5	0.07129025182585146
60.6	0.07129025182585086
60.7	0.07129025182585277
60.8	0.07129025182585222
60.9	0.0712902518258511
61.0	0.07129025182584917
61.1	0.07129025182585243
61.2	0.07129025182585404
61.3	0.07129025182585524
61.4	0.07129025182585276
61.5	0.07129025182585172
61.6	0.07129025182585223
61.7	0.07129025182585355
61.8	0.07129025182585189
61.9	0.07129025182585143
62.0	0.07129025182585165
62.1	0.07129025182585537
62.2	0.07129025182585366
62.3	0.07129025182585193
62.4	0.07129025182585802
62.5	0.07129025182585168
62.6	0.07129025182585047
62.7	0.07129025182585468
62.8	0.0712902518258507
62.9	0.07129025182585222
63.0	0.07129025182585291
63.1	0.07129025182585463
63.2	0.0712902518258538
63.3	0.0712902518258528
63.4	0.0712902518258553
63.5	0.07129025182585262
63.6	0.07129025182585563
63.7	0.07129025182585352
63.8	0.07129025182585039
63.9	0.07129025182585473
64.0	0.07129025182585562
64.1	0.07129025182585441
64.2	0.07129025182585508
64.3	0.07129025182585372
64.4	0.07129025182585232
64.5	0.07129025182584936
64.6	0.0712902518258541
64.7	0.07129025182585126
64.8	0.07129025182585229
64.9	0.07129025182585186
65.0	0.071290251825853
65.1	0.07129025182585168
65.2	0.07129025182585233
65.3	0.07129025182585359
65.4	0.07129025182585323
65.5	0.07129025182585169
65.6	0.07129025182585186
65.7	0.07129025182585386
65.8	0.0712902518258537
65.9	0.07129025182585398
66.0	0.0712902518258526
66.1	0.07129025182585143
66.2	0.07129025182584993
66.3	0.07129025182585097
66.4	0.07129025182585083
66.5	0.07129025182585363
66.6	0.07129025182585554
66.7	0.07129025182585555
66.8	0.07129025182585497
66.9	0.07129025182585552
67.0	0.07129025182585418
67.1	0.0712902518258544
67.2	0.07129025182585089
67.3	0.07129025182585118
67.4	0.07129025182585215
67.5	0.07129025182585443
67.6	0.07129025182585304
67.7	0.07129025182585388
67.8	0.07129025182585322
67.9	0.07129025182585265
68.0	0.07129025182585026
68.1	0.07129025182585291
68.2	0.07129025182585425
68.3	0.07129025182585155
68.4	0.07129025182585383
68.5	0.07129025182585495
68.6	0.07129025182585036
68.7	0.0712902518258507
68.8	0.07129025182585175
68.9	0.07129025182585409
69.0	0.07129025182585462
69.1	0.07129025182585454
69.2	0.07129025182585334
69.3	0.07129025182585387
69.4	0.07129025182585395
69.5	0.07129025182585075
69.6	0.07129025182585079
69.7	0.07129025182585051
69.8	0.07129025182585222
69.9	0.07129025182585713
70.0	0.0712902518258499
70.1	0.0712902518258535
70.2	0.07129025182584867
70.3	0.07129025182585237
70.4	0.07129025182585559
70.5	0.07129025182584982
70.6	0.07129025182585542
70.7	0.07129025182585383
70.8	0.07129025182585584
70.9	0.0712902518258547
71.0	0.07129025182585445
71.1	0.07129025182585141
71.2	0.07129025182585202
71.3	0.07129025182585116
71.4	0.07129025182585283
71.5	0.0712902518258536
71.6	0.07129025182585264
71.7	0.0712902518258561
71.8	0.07129025182585207
71.9	0.07129025182585508
72.0	0.0712902518258519
72.1	0.07129025182585391
72.2	0.07129025182585345
72.3	0.07129025182585229
72.4	0.07129025182585426
72.5	0.07129025182585036
72.6	0.0712902518258524
72.7	0.07129025182585266
72.8	0.0712902518258517
72.9	0.07129025182585257
73.0	0.07129025182585304
73.1	0.07129025182585508
73.2	0.07129025182585189
73.3	0.07129025182585541
73.4	0.07129025182585434
73.5	0.07129025182585197
73.6	0.07129025182585175
73.7	0.0712902518258507
73.8	0.07129025182585308
73.9	0.0712902518258566
74.0	0.07129025182585551
74.1	0.07129025182585272
74.2	0.07129025182585212
74.3	0.07129025182585251
74.4	0.07129025182585542
74.5	0.0712902518258562
74.6	0.07129025182585015
74.7	0.07129025182585134
74.8	0.07129025182585036
74.9	0.07129025182585431
75.0	0.07129025182585838
75.1	0.07129025182585558
75.2	0.07129025182585401
75.3	0.07129025182585201
75.4	0.07129025182585362
75.5	0.07129025182585205
75.6	0.07129025182585313
75.7	0.07129025182585616
75.8	0.07129025182585079
75.9	0.07129025182584785
76.0	0.07129025182585409
76.1	0.07129025182585166
76.2	0.07129025182585269
76.3	0.07129025182585219
76.4	0.07129025182585332
76.5	0.0712902518258528
76.6	0.07129025182585134
76.7	0.07129025182585541
76.8	0.0712902518258525
76.9	0.07129025182585261
77.0	0.07129025182585032
77.1	0.07129025182585069
77.2	0.07129025182585383
77.3	0.07129025182585166
77.4	0.07129025182585133
77.5	0.07129025182585406
77.6	0.07129025182585196
77.7	0.07129025182585165
77.8	0.07129025182585541
77.9	0.07129025182585089
78.0	0.07129025182585103
78.1	0.07129025182585096
78.2	0.0712902518258536
78.3	0.07129025182584886
78.4	0.0712902518258558
78.5	0.07129025182585065
78.6	0.07129025182585118
78.7	0.07129025182585542
78.8	0.07129025182585376
78.9	0.07129025182585386
79.0	0.07129025182585194
79.1	0.07129025182585373
79.2	0.07129025182585454
79.3	0.07129025182585626
79.4	0.07129025182585269
79.5	0.07129025182585381
79.6	0.0712902518258536
79.7	0.07129025182585104
79.8	0.07129025182585552
79.9	0.07129025182585375
80.0	0.07129025182585559
80.1	0.0712902518258541
80.2	0.07129025182585644
80.3	0.07129025182585358
80.4	0.07129025182585039
80.5	0.07129025182585336
80.6	0.07129025182585644
80.7	0.07129025182585055
80.8	0.07129025182585368
80.9	0.07129025182585542
81.0	0.07129025182585284
81.1	0.07129025182585551
81.2	0.07129025182585459
81.3	0.071290251825853
81.4	0.07129025182585301
81.5	0.07129025182585119
81.6	0.0712902518258546
81.7	0.07129025182585307
81.8	0.07129025182585236
81.9	0.07129025182585633
82.0	0.07129025182585565
82.1	0.0712902518258526
82.2	0.07129025182585404
82.3	0.07129025182585375
82.4	0.07129025182585431
82.5	0.07129025182585187
82.6	0.07129025182585366
82.7	0.07129025182585484
82.8	0.07129025182585622
82.9	0.07129025182584982
83.0	0.07129025182585166
83.1	0.07129025182585498
83.2	0.07129025182585004
83.3	0.07129025182585141
83.4	0.07129025182585298
83.5	0.07129025182585498
83.6	0.07129025182585097
83.7	0.07129025182585247
83.8	0.07129025182585316
83.9	0.07129025182585313
84.0	0.07129025182585609
84.1	0.07129025182585073
84.2	0.07129025182585345
84.3	0.07129025182585369
84.4	0.07129025182585264
84.5	0.07129025182585097
84.6	0.07129025182585534
84.7	0.07129025182585141
84.8	0.07129025182585413
84.9	0.07129025182585229
85.0	0.07129025182585344
85.1	0.0712902518258539
85.2	0.07129025182585107
85.3	0.07129025182585486
85.4	0.07129025182585191
85.5	0.07129025182585398
85.6	0.07129025182585474
85.7	0.07129025182585313
85.8	0.07129025182585222
85.9	0.07129025182585376
86.0	0.07129025182585462
86.1	0.0712902518258511
86.2	0.07129025182585072
86.3	0.07129025182585053
86.4	0.07129025182585277
86.5	0.07129025182585245
86.6	0.07129025182584987
86.7	0.07129025182585631
86.8	0.07129025182585386
86.9	0.0712902518258547
87.0	0.0712902518258499
87.1	0.07129025182584955
87.2	0.07129025182585162
87.3	0.07129025182585443
87.4	0.07129025182585308
87.5	0.07129025182585326
87.6	0.07129025182584807
87.7	0.0712902518258515
87.8	0.07129025182585542
87.9	0.07129025182585116
88.0	0.07129025182585264
88.1	0.07129025182585338
88.2	0.07129025182585319
88.3	0.07129025182585559
88.4	0.07129025182585448
88.5	0.07129025182585388
88.6	0.07129025182585662
88.7	0.07129025182585134
88.8	0.07129025182585681
88.9	0.07129025182585569
89.0	0.07129025182585498
89.1	0.0712902518258531
89.2	0.07129025182585011
89.3	0.07129025182585345
89.4	0.07129025182585366
89.5	0.07129025182585182
89.6	0.07129025182585132
89.7	0.07129025182585508
89.8	0.07129025182585401
89.9	0.07129025182585585
90.0	0.07129025182585186
90.1	0.07129025182585454
90.2	0.07129025182585015
90.3	0.07129025182585298
90.4	0.07129025182585454
90.5	0.07129025182585173
90.6	0.07129025182585359
90.7	0.07129025182585334
90.8	0.07129025182585404
90.9	0.07129025182585139
91.0	0.07129025182585372
91.1	0.07129025182585368
91.2	0.07129025182584973
91.3	0.07129025182585585
91.4	0.07129025182585513
91.5	0.07129025182585459
91.6	0.07129025182585072
91.7	0.07129025182585107
91.8	0.07129025182585236
91.9	0.07129025182585491
92.0	0.07129025182585265
92.1	0.07129025182585232
92.2	0.07129025182585157
92.3	0.07129025182585293
92.4	0.0712902518258531
92.5	0.07129025182585241
92.6	0.07129025182585386
92.7	0.07129025182585352
92.8	0.07129025182585172
92.9	0.07129025182585118
93.0	0.07129025182585272
93.1	0.07129025182585197
93.2	0.07129025182585426
93.3	0.07129025182585175
93.4	0.07129025182585355
93.5	0.07129025182585201
93.6	0.0712902518258555
93.7	0.0712902518258536
93.8	0.07129025182585158
93.9	0.07129025182585419
94.0	0.07129025182585402
94.1	0.07129025182585683
94.2	0.07129025182585352
94.3	0.07129025182585108
94.4	0.07129025182585186
94.5	0.0712902518258533
94.6	0.07129025182585251
94.7	0.07129025182585122
94.8	0.07129025182585255
94.9	0.07129025182585248
95.0	0.07129025182585741
95.1	0.07129025182585229
95.2	0.07129025182585245
95.3	0.07129025182585326
95.4	0.07129025182585336
95.5	0.07129025182585232
95.6	0.0712902518258572
95.7	0.07129025182585087
95.8	0.07129025182585172
95.9	0.07129025182585313
96.0	0.07129025182585505
96.1	0.07129025182585366
96.2	0.0712902518258556
96.3	0.0712902518258508
96.4	0.07129025182585344
96.5	0.07129025182585544
96.6	0.07129025182585579
96.7	0.07129025182585068
96.8	0.0712902518258522
96.9	0.07129025182585327
97.0	0.07129025182585119
97.1	0.07129025182585465
97.2	0.07129025182585194
97.3	0.07129025182585264
97.4	0.07129025182585576
97.5	0.07129025182585468
97.6	0.07129025182585447
97.7	0.07129025182585397
97.8	0.07129025182585338
97.9	0.07129025182585362
98.0	0.07129025182585659
98.1	0.07129025182585459
98.2	0.07129025182585187
98.3	0.07129025182585272
98.4	0.07129025182585333
98.5	0.07129025182585243
98.6	0.07129025182585175
98.7	0.07129025182585035
98.8	0.07129025182585104
98.9	0.07129025182585214
99.0	0.07129025182585019
99.1	0.07129025182585287
99.2	0.07129025182585512
99.3	0.07129025182585486
99.4	0.07129025182585448
99.5	0.07129025182585613
99.6	0.07129025182585258
99.7	0.0712902518258557
99.8	0.07129025182584998
99.9	0.07129025182585207
100.0	0.07129025182585154
