0.0	0.0
0.1	0.004016558893788245
0.2	0.01028835234922915
0.3	0.01570918475228893
0.4	0.019443779202997974
0.5	0.021491026265774836
0.6	0.022185283726028994
0.7	0.0219602999978456
0.8	0.021227602805672558
0.9	0.02031646590136134
1.0	0.019452219662244696
1.1	0.018759787947233885
1.2	0.01828262943850064
1.3	0.018008537321272042
1.4	0.01789518573576064
1.5	0.01789064557486611
1.6	0.017946891130601328
1.7	0.018026647704806414
1.8	0.018105214130773793
1.9	0.018169194095578635
2.0	0.018213782152290525
2.1	0.018239753394727228
2.2	0.018250825101032254
2.3	0.018251685312872384
2.4	0.018246733101489117
2.5	0.018239432081274494
2.6	0.018232116699570963
2.7	0.01822608366059551
2.8	0.01822182554924645
2.9	0.01821930224079643
3.0	0.018218185406738172
3.1	0.01821804493286419
3.2	0.018218470207681248
3.3	0.018219133890521728
3.4	0.01821981254562181
3.5	0.018220379735479103
3.6	0.01822078507616027
3.7	0.01822102921222364
3.8	0.018221140947351975
3.9	0.018221159604608628
4.0	0.018221123396701275
4.1	0.018221063178139662
4.2	0.018221000281814625
4.3	0.018220947000471832
4.4	0.01822090844864028
4.5	0.018220884861023617
4.6	0.018220873727089755
4.7	0.018220871458201886
4.8	0.01822087450164083
4.9	0.018220879951489938
5.0	0.01822088577299856
5.1	0.018220890773177137
5.2	0.018220894435934276
5.3	0.01822089671131451
5.4	0.018220897816471113
5.5	0.01822089807820052
5.6	0.018220897826421882
5.7	0.018220897334552656
5.8	0.018220896796441406
5.9	0.018220896327669905
6.0	0.018220895980033944
6.1	0.01822089576086352
6.2	0.018220895651548184
6.3	0.01822089562238888
6.4	0.018220895642789968
6.5	0.0182208956870514
6.6	0.018220895736722535
6.7	0.018220895780622415
6.8	0.018220895813587382
6.9	0.01822089583467377
7.0	0.018220895845444757
7.1	0.018220895848619044
7.2	0.018220895847008117
7.3	0.018220895843036915
7.4	0.018220895838458945
7.5	0.01822089583435132
7.6	0.018220895831231775
7.7	0.01822089582920617
7.8	0.018220895828143173
7.9	0.018220895827809405
8.0	0.018220895827930926
8.1	0.018220895828282683
8.2	0.018220895828706122
8.3	0.018220895829089544
8.4	0.018220895829384975
8.5	0.018220895829576363
8.6	0.018220895829680787
8.7	0.018220895829714555
8.8	0.018220895829711897
8.9	0.018220895829680492
9.0	0.01822089582964003
9.1	0.018220895829601687
9.2	0.018220895829574292
9.3	0.018220895829556577
9.4	0.018220895829548743
9.5	0.018220895829544847
9.6	0.01822089582954805
9.7	0.018220895829550714
9.8	0.018220895829549277
9.9	0.018220895829554676
10.0	0.01822089582955646
10.1	0.018220895829556848
10.2	0.018220895829561018
10.3	0.018220895829561823
10.4	0.018220895829560466
10.5	0.018220895829557687
10.6	0.018220895829559526
10.7	0.018220895829560695
10.8	0.018220895829560574
10.9	0.018220895829558856
11.0	0.018220895829559595
11.1	0.018220895829556483
11.2	0.018220895829554554
11.3	0.01822089582955998
11.4	0.018220895829557274
11.5	0.018220895829558922
11.6	0.018220895829558065
11.7	0.018220895829557045
11.8	0.018220895829560897
11.9	0.01822089582955878
12.0	0.018220895829554874
12.1	0.018220895829555876
12.2	0.01822089582955684
12.3	0.018220895829555286
12.4	0.018220895829559273
12.5	0.018220895829554495
12.6	0.01822089582955771
12.7	0.018220895829551872
12.8	0.01822089582955943
12.9	0.018220895829559686
13.0	0.01822089582955372
13.1	0.018220895829555443
13.2	0.018220895829557528
13.3	0.018220895829555626
13.4	0.018220895829558263
13.5	0.018220895829554593
13.6	0.018220895829557437
13.7	0.018220895829557045
13.8	0.018220895829553843
13.9	0.018220895829555588
14.0	0.018220895829558208
14.1	0.018220895829558624
14.2	0.01822089582955935
14.3	0.018220895829558596
14.4	0.01822089582956009
14.5	0.01822089582955899
14.6	0.018220895829558215
14.7	0.01822089582955847
14.8	0.01822089582955761
14.9	0.018220895829556657
15.0	0.018220895829555408
15.1	0.018220895829556164
15.2	0.01822089582955423
15.3	0.01822089582955847
15.4	0.01822089582955606
15.5	0.018220895829559554
15.6	0.018220895829557805
15.7	0.018220895829558544
15.8	0.018220895829557618
15.9	0.018220895829556112
16.0	0.01822089582955891
16.1	0.01822089582955788
16.2	0.018220895829556175
16.3	0.018220895829556716
16.4	0.018220895829560615
16.5	0.018220895829558423
16.6	0.01822089582955869
16.7	0.01822089582955965
16.8	0.018220895829556202
16.9	0.018220895829557524
17.0	0.018220895829559845
17.1	0.018220895829557805
17.2	0.018220895829557947
17.3	0.018220895829559526
17.4	0.018220895829560046
17.5	0.0182208958295542
17.6	0.01822089582955423
17.7	0.01822089582955946
17.8	0.018220895829557493
17.9	0.01822089582955489
18.0	0.018220895829556136
18.1	0.018220895829557902
18.2	0.018220895829558787
18.3	0.018220895829555
18.4	0.018220895829563575
18.5	0.018220895829554176
18.6	0.018220895829559755
18.7	0.01822089582955882
18.8	0.018220895829555918
18.9	0.01822089582955501
19.0	0.01822089582955543
19.1	0.018220895829556653
19.2	0.018220895829557833
19.3	0.01822089582955999
19.4	0.018220895829556945
19.5	0.01822089582955939
19.6	0.018220895829556275
19.7	0.018220895829559512
19.8	0.018220895829557448
19.9	0.018220895829560706
20.0	0.018220895829559415
20.1	0.01822089582955831
20.2	0.018220895829556563
20.3	0.01822089582955972
20.4	0.018220895829556976
20.5	0.018220895829556584
20.6	0.018220895829557784
20.7	0.018220895829558444
20.8	0.018220895829559176
20.9	0.018220895829557687
21.0	0.018220895829553784
21.1	0.018220895829556254
21.2	0.018220895829556504
21.3	0.01822089582955822
21.4	0.01822089582955765
21.5	0.018220895829559356
21.6	0.01822089582955493
21.7	0.018220895829556168
21.8	0.01822089582955553
21.9	0.0182208958295577
22.0	0.018220895829556015
22.1	0.018220895829560074
22.2	0.018220895829555835
22.3	0.01822089582955585
22.4	0.018220895829556986
22.5	0.018220895829558978
22.6	0.018220895829556338
22.7	0.018220895829558343
22.8	0.01822089582955589
22.9	0.018220895829557833
23.0	0.01822089582955672
23.1	0.018220895829556154
23.2	0.018220895829555595
23.3	0.018220895829556376
23.4	0.018220895829556275
23.5	0.018220895829556386
23.6	0.018220895829557025
23.7	0.01822089582955975
23.8	0.018220895829557195
23.9	0.018220895829558884
24.0	0.01822089582955852
24.1	0.018220895829559172
24.2	0.018220895829558076
24.3	0.018220895829558277
24.4	0.018220895829559335
24.5	0.018220895829558853
24.6	0.018220895829556674
24.7	0.01822089582955549
24.8	0.018220895829557472
24.9	0.018220895829559956
25.0	0.018220895829555814
25.1	0.018220895829556785
25.2	0.018220895829559384
25.3	0.018220895829556633
25.4	0.018220895829559904
25.5	0.018220895829555356
25.6	0.018220895829560258
25.7	0.018220895829556886
25.8	0.01822089582955702
25.9	0.018220895829556112
26.0	0.018220895829559595
26.1	0.018220895829555564
26.2	0.01822089582955675
26.3	0.018220895829557323
26.4	0.01822089582955664
26.5	0.018220895829557528
26.6	0.01822089582955991
26.7	0.01822089582955438
26.8	0.01822089582955843
26.9	0.018220895829558277
27.0	0.018220895829559526
27.1	0.01822089582955972
27.2	0.01822089582955948
27.3	0.018220895829558978
27.4	0.0182208958295541
27.5	0.018220895829557986
27.6	0.01822089582956022
27.7	0.01822089582955877
27.8	0.018220895829559172
27.9	0.018220895829556525
28.0	0.018220895829559228
28.1	0.018220895829558152
28.2	0.01822089582955945
28.3	0.018220895829556567
28.4	0.018220895829555855
28.5	0.01822089582955758
28.6	0.018220895829557816
28.7	0.01822089582955769
28.8	0.018220895829558416
28.9	0.01822089582955657
29.0	0.018220895829557958
29.1	0.0182208958295595
29.2	0.018220895829557354
29.3	0.01822089582955801
29.4	0.018220895829556
29.5	0.01822089582955591
29.6	0.018220895829556757
29.7	0.01822089582955451
29.8	0.018220895829554728
29.9	0.018220895829557552
30.0	0.01822089582956122
30.1	0.018220895829556286
30.2	0.018220895829558922
30.3	0.018220895829556886
30.4	0.018220895829557056
30.5	0.018220895829558256
30.6	0.01822089582955662
30.7	0.018220895829560428
30.8	0.018220895829556234
30.9	0.018220895829561774
31.0	0.01822089582955968
31.1	0.018220895829556348
31.2	0.018220895829557455
31.3	0.018220895829556914
31.4	0.018220895829556022
31.5	0.018220895829560525
31.6	0.01822089582955814
31.7	0.018220895829564012
31.8	0.018220895829557774
31.9	0.018220895829554905
32.0	0.018220895829558853
32.1	0.01822089582955624
32.2	0.018220895829556983
32.3	0.018220895829558725
32.4	0.01822089582955662
32.5	0.018220895829557753
32.6	0.01822089582955788
32.7	0.018220895829560237
32.8	0.01822089582956052
32.9	0.018220895829557285
33.0	0.01822089582955446
33.1	0.01822089582956098
33.2	0.018220895829556345
33.3	0.018220895829561292
33.4	0.01822089582956173
33.5	0.018220895829558357
33.6	0.018220895829556903
33.7	0.01822089582955709
33.8	0.018220895829556417
33.9	0.018220895829556747
34.0	0.018220895829557583
34.1	0.01822089582955749
34.2	0.01822089582955976
34.3	0.018220895829557143
34.4	0.018220895829561965
34.5	0.0182208958295567
34.6	0.018220895829557354
34.7	0.018220895829559523
34.8	0.018220895829556695
34.9	0.018220895829555436
35.0	0.018220895829556397
35.1	0.018220895829559672
35.2	0.01822089582956382
35.3	0.018220895829561504
35.4	0.018220895829555956
35.5	0.01822089582955177
35.6	0.01822089582955868
35.7	0.018220895829559138
35.8	0.018220895829558294
35.9	0.01822089582956121
36.0	0.018220895829557826
36.1	0.018220895829557614
36.2	0.018220895829556473
36.3	0.01822089582955677
36.4	0.018220895829557434
36.5	0.01822089582956041
36.6	0.018220895829558357
36.7	0.018220895829556705
36.8	0.018220895829558863
36.9	0.018220895829556105
37.0	0.018220895829559155
37.1	0.018220895829556955
37.2	0.01822089582955464
37.3	0.018220895829554988
37.4	0.01822089582955899
37.5	0.018220895829558513
37.6	0.0182208958295582
37.7	0.018220895829561108
37.8	0.018220895829556136
37.9	0.018220895829559658
38.0	0.0182208958295566
38.1	0.018220895829559033
38.2	0.01822089582955748
38.3	0.01822089582955842
38.4	0.01822089582955786
38.5	0.01822089582955572
38.6	0.018220895829559165
38.7	0.0182208958295562
38.8	0.018220895829554155
38.9	0.01822089582955856
39.0	0.018220895829561795
39.1	0.018220895829558142
39.2	0.01822089582955869
39.3	0.018220895829558083
39.4	0.018220895829554336
39.5	0.018220895829553017
39.6	0.018220895829557156
39.7	0.018220895829558846
39.8	0.01822089582955732
39.9	0.018220895829555904
40.0	0.01822089582956046
40.1	0.01822089582955862
40.2	0.0182208958295575
40.3	0.018220895829557045
40.4	0.01822089582955936
40.5	0.01822089582955891
40.6	0.01822089582955913
40.7	0.018220895829560855
40.8	0.018220895829555408
40.9	0.01822089582955812
41.0	0.01822089582956027
41.1	0.01822089582955564
41.2	0.018220895829557677
41.3	0.018220895829557448
41.4	0.018220895829555557
41.5	0.018220895829556962
41.6	0.01822089582955964
41.7	0.01822089582955902
41.8	0.018220895829561008
41.9	0.0182208958295592
42.0	0.018220895829555373
42.1	0.018220895829554502
42.2	0.018220895829557677
42.3	0.01822089582955817
42.4	0.01822089582955714
42.5	0.0182208958295592
42.6	0.018220895829556567
42.7	0.018220895829556757
42.8	0.018220895829560612
42.9	0.018220895829555488
43.0	0.018220895829558378
43.1	0.018220895829556785
43.2	0.01822089582955746
43.3	0.01822089582955696
43.4	0.01822089582955609
43.5	0.018220895829559564
43.6	0.018220895829554096
43.7	0.018220895829555425
43.8	0.01822089582955519
43.9	0.018220895829560192
44.0	0.01822089582955739
44.1	0.018220895829555103
44.2	0.018220895829558884
44.3	0.01822089582955789
44.4	0.01822089582956026
44.5	0.018220895829555928
44.6	0.018220895829557035
44.7	0.018220895829555123
44.8	0.018220895829557597
44.9	0.018220895829560334
45.0	0.01822089582955864
45.1	0.01822089582955754
45.2	0.018220895829557535
45.3	0.01822089582955745
45.4	0.018220895829561802
45.5	0.01822089582955831
45.6	0.018220895829555023
45.7	0.018220895829558353
45.8	0.018220895829558208
45.9	0.018220895829560727
46.0	0.018220895829557413
46.1	0.018220895829559176
46.2	0.01822089582956
46.3	0.0182208958295552
46.4	0.018220895829557583
46.5	0.018220895829558156
46.6	0.018220895829559026
46.7	0.018220895829559124
46.8	0.01822089582956116
46.9	0.01822089582955596
47.0	0.01822089582955751
47.1	0.0182208958295579
47.2	0.01822089582955857
47.3	0.018220895829558624
47.4	0.01822089582955915
47.5	0.01822089582955655
47.6	0.018220895829555044
47.7	0.01822089582955637
47.8	0.018220895829556043
47.9	0.018220895829555904
48.0	0.018220895829555023
48.1	0.018220895829556
48.2	0.018220895829559693
48.3	0.018220895829560445
48.4	0.018220895829555408
48.5	0.0182208958295546
48.6	0.01822089582955946
48.7	0.018220895829561535
48.8	0.018220895829557958
48.9	0.018220895829554717
49.0	0.018220895829554842
49.1	0.01822089582955648
49.2	0.01822089582955775
49.3	0.018220895829558152
49.4	0.018220895829556095
49.5	0.018220895829556563
49.6	0.018220895829557455
49.7	0.018220895829558135
49.8	0.018220895829557517
49.9	0.01822089582955735
50.0	0.018220895829559228
50.1	0.018220895829559634
50.2	0.018220895829557555
50.3	0.018220895829557826
50.4	0.01822089582955846
50.5	0.01822089582956009
50.6	0.018220895829556407
50.7	0.01822089582955987
50.8	0.018220895829561188
50.9	0.01822089582956041
51.0	0.018220895829556084
51.1	0.018220895829560217
51.2	0.01822089582955811
51.3	0.01822089582955494
51.4	0.01822089582955823
51.5	0.018220895829557472
51.6	0.018220895829557743
51.7	0.01822089582955942
51.8	0.018220895829557777
51.9	0.01822089582955926
52.0	0.018220895829558506
52.1	0.018220895829558572
52.2	0.0182208958295553
52.3	0.018220895829555578
52.4	0.018220895829558242
52.5	0.018220895829558874
52.6	0.01822089582955743
52.7	0.018220895829559946
52.8	0.01822089582956074
52.9	0.018220895829561996
53.0	0.01822089582955888
53.1	0.018220895829554898
53.2	0.018220895829561757
53.3	0.01822089582955628
53.4	0.018220895829560605
53.5	0.0182208958295579
53.6	0.01822089582955457
53.7	0.01822089582955855
53.8	0.01822089582955781
53.9	0.018220895829554693
54.0	0.018220895829558003
54.1	0.018220895829556827
54.2	0.018220895829558225
54.3	0.01822089582955768
54.4	0.01822089582955847
54.5	0.018220895829557646
54.6	0.01822089582955857
54.7	0.018220895829558326
54.8	0.018220895829559165
54.9	0.018220895829553902
55.0	0.01822089582955697
55.1	0.01822089582955694
55.2	0.01822089582955778
55.3	0.018220895829557847
55.4	0.018220895829557337
55.5	0.018220895829559488
55.6	0.018220895829557982
55.7	0.018220895829556535
55.8	0.018220895829559068
55.9	0.018220895829555814
56.0	0.018220895829558246
56.1	0.018220895829553913
56.2	0.018220895829556605
56.3	0.018220895829556605
56.4	0.018220895829553628
56.5	0.01822089582955747
56.6	0.018220895829558527
56.7	0.01822089582955809
56.8	0.0182208958295555
56.9	0.01822089582955905
57.0	0.01822089582955826
57.1	0.018220895829556157
57.2	0.018220895829557566
57.3	0.018220895829557028
57.4	0.018220895829560883
57.5	0.01822089582955752
57.6	0.018220895829558836
57.7	0.01822089582955775
57.8	0.018220895829560897
57.9	0.018220895829558773
58.0	0.018220895829559887
58.1	0.018220895829556612
58.2	0.01822089582955941
58.3	0.018220895829558402
58.4	0.018220895829558173
58.5	0.018220895829558683
58.6	0.01822089582955956
58.7	0.018220895829558634
58.8	0.018220895829554815
58.9	0.018220895829560463
59.0	0.018220895829553944
59.1	0.01822089582955594
59.2	0.018220895829559602
59.3	0.01822089582955407
59.4	0.018220895829558718
59.5	0.018220895829560834
59.6	0.01822089582955669
59.7	0.018220895829555123
59.8	0.018220895829559103
59.9	0.018220895829556244
60.0	0.018220895829557125
60.1	0.018220895829557035
60.2	0.01822089582956012
60.3	0.018220895829556053
60.4	0.018220895829558076
60.5	0.01822089582955675
60.6	0.018220895829558874
60.7	0.018220895829560328
60.8	0.0182208958295578
60.9	0.018220895829555595
61.0	0.0182208958295578
61.1	0.018220895829558652
61.2	0.01822089582955893
61.3	0.018220895829557555
61.4	0.01822089582955922
61.5	0.018220895829559144
61.6	0.018220895829557816
61.7	0.018220895829556164
61.8	0.018220895829555175
61.9	0.018220895829557226
62.0	0.0182208958295575
62.1	0.018220895829555495
62.2	0.018220895829556414
62.3	0.018220895829561063
62.4	0.01822089582955798
62.5	0.018220895829559942
62.6	0.018220895829561257
62.7	0.018220895829558225
62.8	0.01822089582956201
62.9	0.018220895829559096
63.0	0.01822089582955941
63.1	0.018220895829556206
63.2	0.018220895829560036
63.3	0.01822089582955723
63.4	0.018220895829560383
63.5	0.018220895829559394
63.6	0.018220895829559693
63.7	0.018220895829558523
63.8	0.018220895829558183
63.9	0.01822089582955465
64.0	0.0182208958295599
64.1	0.01822089582955605
64.2	0.01822089582955766
64.3	0.018220895829558412
64.4	0.018220895829557618
64.5	0.01822089582955677
64.6	0.018220895829559356
64.7	0.018220895829559474
64.8	0.018220895829555574
64.9	0.018220895829559127
65.0	0.018220895829559547
65.1	0.018220895829557583
65.2	0.018220895829560033
65.3	0.018220895829558065
65.4	0.018220895829556247
65.5	0.018220895829560237
65.6	0.01822089582955676
65.7	0.018220895829560844
65.8	0.018220895829557854
65.9	0.018220895829560234
66.0	0.018220895829554856
66.1	0.01822089582956041
66.2	0.018220895829558374
66.3	0.01822089582956092
66.4	0.0182208958295557
66.5	0.018220895829557375
66.6	0.01822089582955834
66.7	0.01822089582956075
66.8	0.018220895829562864
66.9	0.01822089582955888
67.0	0.018220895829557528
67.1	0.018220895829555335
67.2	0.01822089582955899
67.3	0.01822089582956054
67.4	0.018220895829554645
67.5	0.018220895829559845
67.6	0.018220895829557986
67.7	0.018220895829561455
67.8	0.01822089582955843
67.9	0.01822089582955756
68.0	0.01822089582955644
68.1	0.018220895829556917
68.2	0.018220895829557708
68.3	0.018220895829558745
68.4	0.018220895829558412
68.5	0.018220895829559405
68.6	0.018220895829558093
68.7	0.01822089582955857
68.8	0.018220895829559138
68.9	0.018220895829559172
69.0	0.018220895829557836
69.1	0.018220895829560466
69.2	0.01822089582955813
69.3	0.01822089582955776
69.4	0.01822089582955966
69.5	0.018220895829559124
69.6	0.01822089582955719
69.7	0.018220895829558856
69.8	0.018220895829554818
69.9	0.018220895829557715
70.0	0.018220895829558693
70.1	0.018220895829559144
70.2	0.018220895829559165
70.3	0.018220895829555193
70.4	0.01822089582955399
70.5	0.018220895829556962
70.6	0.018220895829558912
70.7	0.018220895829561705
70.8	0.018220895829558156
70.9	0.01822089582955485
71.0	0.0182208958295577
71.1	0.018220895829557035
71.2	0.018220895829557653
71.3	0.018220895829559394
71.4	0.01822089582955856
71.5	0.018220895829558336
71.6	0.01822089582955747
71.7	0.01822089582955678
71.8	0.018220895829557007
71.9	0.018220895829559033
72.0	0.018220895829558305
72.1	0.01822089582955613
72.2	0.018220895829560206
72.3	0.018220895829559932
72.4	0.01822089582955538
72.5	0.018220895829557156
72.6	0.018220895829555824
72.7	0.018220895829560258
72.8	0.018220895829556383
72.9	0.01822089582955921
73.0	0.01822089582955606
73.1	0.018220895829558263
73.2	0.018220895829560244
73.3	0.01822089582955683
73.4	0.01822089582955899
73.5	0.018220895829561094
73.6	0.01822089582955943
73.7	0.01822089582955866
73.8	0.018220895829554915
73.9	0.018220895829557594
74.0	0.018220895829561972
74.1	0.018220895829557937
74.2	0.018220895829557625
74.3	0.018220895829559255
74.4	0.01822089582956069
74.5	0.01822089582955839
74.6	0.018220895829557233
74.7	0.01822089582955893
74.8	0.01822089582955656
74.9	0.018220895829558912
75.0	0.018220895829558662
75.1	0.018220895829558718
75.2	0.018220895829557035
75.3	0.018220895829560272
75.4	0.01822089582955733
75.5	0.018220895829555453
75.6	0.018220895829555928
75.7	0.018220895829558114
75.8	0.01822089582955813
75.9	0.018220895829560105
76.0	0.01822089582955786
76.1	0.018220895829557042
76.2	0.01822089582955768
76.3	0.01822089582955824
76.4	0.01822089582955797
76.5	0.018220895829559165
76.6	0.01822089582956114
76.7	0.01822089582955883
76.8	0.01822089582955855
76.9	0.018220895829558024
77.0	0.018220895829559165
77.1	0.018220895829558294
77.2	0.01822089582955502
77.3	0.018220895829557753
77.4	0.01822089582956043
77.5	0.01822089582955845
77.6	0.018220895829557507
77.7	0.018220895829554117
77.8	0.0182208958295589
77.9	0.01822089582955613
78.0	0.01822089582956027
78.1	0.018220895829557184
78.2	0.01822089582955798
78.3	0.018220895829556792
78.4	0.018220895829557878
78.5	0.018220895829557698
78.6	0.018220895829559675
78.7	0.018220895829557295
78.8	0.018220895829556803
78.9	0.018220895829559398
79.0	0.01822089582956071
79.1	0.01822089582955996
79.2	0.018220895829558638
79.3	0.018220895829557913
79.4	0.018220895829556563
79.5	0.018220895829557375
79.6	0.018220895829558277
79.7	0.01822089582955696
79.8	0.018220895829558124
79.9	0.018220895829556855
80.0	0.018220895829555966
80.1	0.018220895829555793
80.2	0.01822089582955585
80.3	0.018220895829560917
80.4	0.018220895829556688
80.5	0.018220895829556865
80.6	0.0182208958295561
80.7	0.018220895829557326
80.8	0.018220895829557864
80.9	0.01822089582955846
81.0	0.018220895829556882
81.1	0.01822089582955686
81.2	0.01822089582955974
81.3	0.018220895829560893
81.4	0.018220895829558808
81.5	0.01822089582956043
81.6	0.018220895829561223
81.7	0.01822089582956048
81.8	0.01822089582955733
81.9	0.018220895829555175
82.0	0.01822089582955442
82.1	0.018220895829556275
82.2	0.018220895829554128
82.3	0.01822089582955769
82.4	0.018220895829557493
82.5	0.018220895829559106
82.6	0.01822089582955788
82.7	0.018220895829554905
82.8	0.018220895829556015
82.9	0.01822089582955811
83.0	0.018220895829557767
83.1	0.018220895829558614
83.2	0.018220895829556643
83.3	0.018220895829558752
83.4	0.01822089582955893
83.5	0.018220895829558888
83.6	0.018220895829558707
83.7	0.018220895829557042
83.8	0.01822089582955659
83.9	0.018220895829557014
84.0	0.018220895829558412
84.1	0.01822089582956125
84.2	0.018220895829556275
84.3	0.01822089582955529
84.4	0.018220895829557805
84.5	0.018220895829554995
84.6	0.018220895829557927
84.7	0.01822089582955658
84.8	0.018220895829555876
84.9	0.018220895829556886
85.0	0.018220895829554228
85.1	0.01822089582955797
85.2	0.01822089582956041
85.3	0.01822089582955867
85.4	0.018220895829560657
85.5	0.01822089582955768
85.6	0.01822089582955705
85.7	0.018220895829555463
85.8	0.01822089582955732
85.9	0.018220895829557583
86.0	0.018220895829557656
86.1	0.018220895829556938
86.2	0.01822089582955948
86.3	0.018220895829557986
86.4	0.018220895829557566
86.5	0.018220895829558263
86.6	0.018220895829557205
86.7	0.01822089582956123
86.8	0.01822089582955777
86.9	0.01822089582955694
87.0	0.018220895829556553
87.1	0.01822089582956105
87.2	0.01822089582955523
87.3	0.01822089582955634
87.4	0.01822089582955877
87.5	0.018220895829556754
87.6	0.01822089582956303
87.7	0.018220895829558298
87.8	0.018220895829557538
87.9	0.018220895829559026
88.0	0.01822089582955662
88.1	0.018220895829558714
88.2	0.018220895829556473
88.3	0.01822089582955869
88.4	0.01822089582955914
88.5	0.01822089582955254
88.6	0.018220895829559332
88.7	0.018220895829555366
88.8	0.018220895829556872
88.9	0.01822089582955507
89.0	0.018220895829554953
89.1	0.018220895829556036
89.2	0.018220895829560362
89.3	0.01822089582955936
89.4	0.018220895829557625
89.5	0.018220895829554454
89.6	0.018220895829558506
89.7	0.018220895829562066
89.8	0.018220895829560775
89.9	0.018220895829558638
90.0	0.01822089582955854
90.1	0.018220895829554575
90.2	0.018220895829559037
90.3	0.018220895829555807
90.4	0.01822089582955712
90.5	0.01822089582955502
90.6	0.0182208958295579
90.7	0.018220895829561178
90.8	0.018220895829558
90.9	0.01822089582955806
91.0	0.01822089582955838
91.1	0.018220895829558298
91.2	0.018220895829557236
91.3	0.018220895829558024
91.4	0.018220895829555512
91.5	0.01822089582956078
91.6	0.018220895829556737
91.7	0.018220895829558065
91.8	0.01822089582955825
91.9	0.018220895829559006
92.0	0.018220895829556483
92.1	0.01822089582955808
92.2	0.0182208958295567
92.3	0.0182208958295589
92.4	0.01822089582955739
92.5	0.01822089582955732
92.6	0.018220895829559353
92.7	0.01822089582955817
92.8	0.018220895829562725
92.9	0.018220895829556792
93.0	0.01822089582955662
93.1	0.018220895829558614
93.2	0.018220895829556667
93.3	0.018220895829554704
93.4	0.018220895829556397
93.5	0.018220895829558843
93.6	0.018220895829556515
93.7	0.01822089582955529
93.8	0.01822089582955748
93.9	0.018220895829558353
94.0	0.018220895829555717
94.1	0.01822089582955698
94.2	0.01822089582955919
94.3	0.018220895829558097
94.4	0.018220895829558985
94.5	0.0182208958295556
94.6	0.01822089582955992
94.7	0.018220895829558402
94.8	0.01822089582955691
94.9	0.018220895829559346
95.0	0.018220895829557354
95.1	0.018220895829558048
95.2	0.01822089582955784
95.3	0.018220895829554443
95.4	0.018220895829559266
95.5	0.018220895829559044
95.6	0.018220895829559505
95.7	0.018220895829559276
95.8	0.018220895829559918
95.9	0.018220895829557434
96.0	0.01822089582955946
96.1	0.01822089582955438
96.2	0.01822089582956133
96.3	0.018220895829557777
96.4	0.018220895829557188
96.5	0.018220895829552806
96.6	0.018220895829555408
96.7	0.01822089582955428
96.8	0.018220895829558006
96.9	0.01822089582955528
97.0	0.018220895829557784
97.1	0.01822089582955654
97.2	0.018220895829557368
97.3	0.01822089582956052
97.4	0.01822089582955909
97.5	0.018220895829554974
97.6	0.01822089582955312
97.7	0.018220895829556872
97.8	0.01822089582955236
97.9	0.01822089582955965
98.0	0.01822089582955662
98.1	0.018220895829557132
98.2	0.018220895829560674
98.3	0.01822089582955427
98.4	0.01822089582955817
98.5	0.01822089582955865
98.6	0.018220895829557694
98.7	0.018220895829556476
98.8	0.01822089582955984
98.9	0.018220895829555675
99.0	0.018220895829556705
99.1	0.018220895829556286
99.2	0.01822089582956133
99.3	0.01822089582955783
99.4	0.0182208958295559
99.5	0.01822089582955556
99.6	0.018220895829560872
99.7	0.01822089582955605
99.8	0.018220895829557677
99.9	0.018220895829556317
100.0	0.018220895829555828
