0.0	0.0
0.1	0.0045849830258040715
0.2	0.013130187044432164
0.3	0.022118220376170727
0.4	0.02979608870215732
0.5	0.035298888776796156
0.6	0.0383420647920032
0.7	0.03904180029708356
0.8	0.03778573695043601
0.9	0.03512691940974445
1.0	0.0316899642094132
1.1	0.02808643172161501
1.2	0.024841016497776522
1.3	0.02233279525536041
1.4	0.020758392329054045
1.5	0.020126627141328478
1.6	0.02029077148200133
1.7	0.021011355287557494
1.8	0.022023490684767534
1.9	0.023090871782085694
2.0	0.02403539664920273
2.1	0.024746960142742587
2.2	0.02517974235453324
2.3	0.025340740872850372
2.4	0.025274637727863904
2.5	0.025047826484191533
2.6	0.02473361229198736
2.7	0.024400030339837564
2.8	0.024101226024045488
2.9	0.023872808165959762
3.0	0.023731019421464602
3.1	0.023675039494912144
3.2	0.023691361639587464
3.3	0.023759051657385594
3.4	0.023854821733861303
3.5	0.023957154202070615
3.6	0.024049077542981807
3.7	0.024119528560663364
3.8	0.02416347554458939
3.9	0.024181115328517612
4.0	0.024176506365728035
4.1	0.024155983435999364
4.2	0.024126640343509427
4.3	0.024095084496548087
4.4	0.024066577574542312
4.5	0.024044592510070704
4.6	0.024030748564861364
4.7	0.02402503955391111
4.8	0.024026247358671485
4.9	0.024032431860545524
5.0	0.02404140431337671
5.1	0.02405111731748889
5.2	0.02405993424535679
5.3	0.0240667686430591
5.4	0.02407110605096275
5.5	0.024072935042067582
5.6	0.02407262091487184
5.7	0.024070755443605058
5.8	0.024068011122739208
5.9	0.024065020442722934
6.0	0.024062291803518147
6.1	0.0240601652838702
6.2	0.024058804737711003
6.3	0.024058218170937257
6.4	0.024058296175907906
6.5	0.024058858101464905
6.6	0.024059697104500073
6.7	0.024060617647682633
6.8	0.024061461772854797
6.9	0.024062123088400906
7.0	0.02406254951170251
7.1	0.02406273721896349
7.2	0.02406271894116043
7.3	0.024062549788519426
7.4	0.024062293344712275
7.5	0.024062010034522026
7.6	0.02406174892047817
7.7	0.024061543279185207
7.8	0.02406140965568397
7.9	0.024061349652253722
8.0	0.024061353489803573
8.1	0.024061404360072328
8.2	0.024061482718778497
8.3	0.02406156989477745
8.4	0.024061650651129366
8.5	0.024061714582926604
8.6	0.024061756439357485
8.7	0.024061775595546807
8.8	0.024061774969246913
8.9	0.0240617596849276
9.0	0.02406173574871273
9.1	0.02406170892890537
9.2	0.0240616839566228
9.3	0.024061664084366538
9.4	0.02406165097725151
9.5	0.02406164486849572
9.6	0.02406164488884363
9.7	0.02406164947649303
9.8	0.02406165678603736
9.9	0.024061665035679705
10.0	0.024061672756642602
10.1	0.02406167893248865
10.2	0.024061683035603697
10.3	0.02406168498152039
10.4	0.024061685028804736
10.5	0.024061683653267656
10.6	0.024061681421802872
10.7	0.024061678884716053
10.8	0.024061676497908087
10.9	0.0240616745789372
11.0	0.024061673294873208
11.1	0.024061672675639974
11.2	0.024061672644453
11.3	0.0240616730564251
11.4	0.024061673737432693
11.5	0.02406167451753916
11.6	0.02406167525526579
11.7	0.02406167585142197
11.8	0.024061676253151858
11.9	0.024061676450014287
12.0	0.024061676464774615
12.1	0.024061676341539676
12.2	0.024061676133776157
12.3	0.024061675893951924
12.4	0.02406167566597207
12.5	0.024061675480797823
12.6	0.02406167535515097
12.7	0.02406167529261778
12.8	0.024061675286473377
12.9	0.024061675323289254
13.0	0.02406167538665247
13.1	0.024061675460368644
13.2	0.02406167553081541
13.3	0.024061675588321466
13.4	0.024061675627608227
13.5	0.024061675647450615
13.6	0.024061675649837987
13.7	0.024061675638854793
13.8	0.024061675619537076
13.9	0.02406167559688459
14.0	0.024061675575118985
14.1	0.02406167555726816
14.2	0.02406167554498426
14.3	0.024061675538695655
14.4	0.024061675537802224
14.5	0.024061675541076626
14.6	0.024061675546962393
14.7	0.024061675553923162
14.8	0.024061675560645066
14.9	0.02406167556618681
15.0	0.024061675570024095
15.1	0.024061675572021893
15.2	0.02406167557234173
15.3	0.02406167557136577
15.4	0.02406167556957291
15.5	0.0240616755674373
15.6	0.02406167556536277
15.7	0.02406167556364181
15.8	0.024061675562440713
15.9	0.024061675561809003
16.0	0.024061675561696545
16.1	0.024061675561983666
16.2	0.024061675562532442
16.3	0.024061675563184188
16.4	0.024061675563828308
16.5	0.024061675564364896
16.6	0.02406167556473761
16.7	0.024061675564938604
16.8	0.02406167556497799
16.9	0.024061675564889876
17.0	0.024061675564724404
17.1	0.024061675564523655
17.2	0.024061675564323502
17.3	0.024061675564158887
17.4	0.024061675564044586
17.5	0.024061675563979486
17.6	0.024061675563963703
17.7	0.024061675563992066
17.8	0.02406167556404579
17.9	0.024061675564099032
18.0	0.02406167556416689
18.1	0.024061675564216334
18.2	0.024061675564252493
18.3	0.024061675564273625
18.4	0.024061675564276307
18.5	0.024061675564268886
18.6	0.024061675564255158
18.7	0.02406167556423582
18.8	0.024061675564216962
18.9	0.02406167556420001
19.0	0.024061675564192076
19.1	0.024061675564183434
19.2	0.024061675564181106
19.3	0.024061675564185456
19.4	0.024061675564184842
19.5	0.02406167556419351
19.6	0.024061675564197693
19.7	0.024061675564204618
19.8	0.024061675564209767
19.9	0.02406167556421213
20.0	0.024061675564211297
20.1	0.024061675564206922
20.2	0.02406167556420902
20.3	0.0240616755642065
20.4	0.02406167556420377
20.5	0.024061675564202807
20.6	0.024061675564205475
20.7	0.024061675564200986
20.8	0.024061675564202446
20.9	0.02406167556420234
21.0	0.02406167556420143
21.1	0.024061675564202627
21.2	0.024061675564205375
21.3	0.024061675564207095
21.4	0.02406167556420298
21.5	0.024061675564203775
21.6	0.024061675564202266
21.7	0.02406167556420523
21.8	0.024061675564205062
21.9	0.024061675564205274
22.0	0.024061675564203064
22.1	0.02406167556419992
22.2	0.024061675564204934
22.3	0.024061675564204396
22.4	0.02406167556420532
22.5	0.024061675564205395
22.6	0.024061675564204344
22.7	0.02406167556420539
22.8	0.024061675564203158
22.9	0.024061675564204143
23.0	0.024061675564204472
23.1	0.02406167556420167
23.2	0.024061675564203445
23.3	0.0240616755642009
23.4	0.02406167556420276
23.5	0.024061675564202422
23.6	0.024061675564202106
23.7	0.024061675564202537
23.8	0.024061675564203435
23.9	0.024061675564204053
24.0	0.02406167556420441
24.1	0.02406167556420101
24.2	0.024061675564205798
24.3	0.02406167556420269
24.4	0.024061675564203508
24.5	0.024061675564206325
24.6	0.02406167556420337
24.7	0.024061675564204542
24.8	0.024061675564203088
24.9	0.02406167556420411
25.0	0.02406167556420409
25.1	0.024061675564204237
25.2	0.024061675564203182
25.3	0.024061675564200774
25.4	0.024061675564204226
25.5	0.02406167556420326
25.6	0.024061675564205298
25.7	0.02406167556420166
25.8	0.02406167556420808
25.9	0.024061675564201416
26.0	0.02406167556420569
26.1	0.024061675564207314
26.2	0.02406167556420237
26.3	0.024061675564203345
26.4	0.02406167556420316
26.5	0.024061675564201107
26.6	0.0240616755642058
26.7	0.02406167556420522
26.8	0.024061675564204126
26.9	0.024061675564204632
27.0	0.024061675564205468
27.1	0.024061675564201804
27.2	0.024061675564204084
27.3	0.0240616755642022
27.4	0.024061675564204524
27.5	0.024061675564204264
27.6	0.024061675564205114
27.7	0.024061675564206117
27.8	0.024061675564204868
27.9	0.02406167556420438
28.0	0.024061675564201232
28.1	0.02406167556420426
28.2	0.024061675564203553
28.3	0.024061675564203824
28.4	0.02406167556420726
28.5	0.02406167556420246
28.6	0.02406167556420541
28.7	0.02406167556420246
28.8	0.024061675564202977
28.9	0.024061675564203234
29.0	0.024061675564205458
29.1	0.024061675564205624
29.2	0.024061675564200857
29.3	0.024061675564202287
29.4	0.024061675564203376
29.5	0.02406167556420232
29.6	0.02406167556420409
29.7	0.02406167556420504
29.8	0.02406167556420313
29.9	0.024061675564205718
30.0	0.024061675564205083
30.1	0.02406167556420341
30.2	0.0240616755642044
30.3	0.024061675564202092
30.4	0.0240616755642041
30.5	0.024061675564203376
30.6	0.024061675564204268
30.7	0.02406167556420579
30.8	0.024061675564203744
30.9	0.02406167556420389
31.0	0.024061675564205718
31.1	0.024061675564203924
31.2	0.02406167556420516
31.3	0.02406167556420693
31.4	0.024061675564205225
31.5	0.024061675564206596
31.6	0.02406167556420486
31.7	0.024061675564204226
31.8	0.02406167556420595
31.9	0.02406167556420636
32.0	0.024061675564202446
32.1	0.02406167556420373
32.2	0.024061675564204948
32.3	0.024061675564204358
32.4	0.024061675564203352
32.5	0.0240616755642047
32.6	0.024061675564204188
32.7	0.024061675564205496
32.8	0.024061675564201208
32.9	0.02406167556420344
33.0	0.024061675564204774
33.1	0.024061675564203928
33.2	0.02406167556420181
33.3	0.024061675564203713
33.4	0.024061675564204646
33.5	0.024061675564205846
33.6	0.024061675564202627
33.7	0.024061675564200566
33.8	0.024061675564207876
33.9	0.02406167556420443
34.0	0.0240616755642046
34.1	0.024061675564201888
34.2	0.024061675564202446
34.3	0.024061675564204816
34.4	0.02406167556420146
34.5	0.024061675564205832
34.6	0.024061675564204396
34.7	0.02406167556420378
34.8	0.02406167556420064
34.9	0.024061675564204896
35.0	0.024061675564202554
35.1	0.02406167556420562
35.2	0.024061675564204323
35.3	0.024061675564202863
35.4	0.02406167556420644
35.5	0.024061675564203463
35.6	0.024061675564204188
35.7	0.024061675564203373
35.8	0.024061675564205336
35.9	0.024061675564203123
36.0	0.024061675564201718
36.1	0.024061675564203352
36.2	0.02406167556420416
36.3	0.024061675564201565
36.4	0.024061675564203952
36.5	0.024061675564201926
36.6	0.024061675564204896
36.7	0.024061675564204917
36.8	0.024061675564205423
36.9	0.02406167556420589
37.0	0.024061675564204705
37.1	0.02406167556420446
37.2	0.024061675564203317
37.3	0.02406167556420512
37.4	0.024061675564204875
37.5	0.024061675564202648
37.6	0.024061675564203418
37.7	0.02406167556420093
37.8	0.024061675564202856
37.9	0.02406167556420328
38.0	0.024061675564202016
38.1	0.02406167556420537
38.2	0.024061675564205385
38.3	0.024061675564203636
38.4	0.024061675564202654
38.5	0.024061675564206644
38.6	0.024061675564203217
38.7	0.024061675564207095
38.8	0.024061675564205975
38.9	0.024061675564205395
39.0	0.02406167556420231
39.1	0.02406167556420506
39.2	0.024061675564205055
39.3	0.02406167556420753
39.4	0.02406167556420443
39.5	0.02406167556420299
39.6	0.024061675564202436
39.7	0.024061675564204146
39.8	0.024061675564204313
39.9	0.02406167556420443
40.0	0.02406167556420306
40.1	0.024061675564205326
40.2	0.024061675564205524
40.3	0.024061675564207623
40.4	0.024061675564200746
40.5	0.024061675564203654
40.6	0.024061675564205364
40.7	0.024061675564202942
40.8	0.024061675564205232
40.9	0.02406167556420445
41.0	0.02406167556420502
41.1	0.024061675564203504
41.2	0.024061675564203952
41.3	0.0240616755642044
41.4	0.024061675564203213
41.5	0.024061675564201548
41.6	0.024061675564203848
41.7	0.02406167556420056
41.8	0.024061675564204105
41.9	0.024061675564208712
42.0	0.02406167556420234
42.1	0.02406167556420395
42.2	0.02406167556420647
42.3	0.024061675564205708
42.4	0.02406167556420477
42.5	0.02406167556420505
42.6	0.024061675564204625
42.7	0.024061675564201353
42.8	0.02406167556420548
42.9	0.024061675564202925
43.0	0.02406167556420532
43.1	0.024061675564204577
43.2	0.024061675564202165
43.3	0.024061675564203362
43.4	0.024061675564201534
43.5	0.024061675564204466
43.6	0.02406167556420457
43.7	0.024061675564200267
43.8	0.02406167556420417
43.9	0.024061675564203747
44.0	0.024061675564204917
44.1	0.02406167556420582
44.2	0.02406167556420418
44.3	0.02406167556420171
44.4	0.024061675564202228
44.5	0.024061675564204785
44.6	0.02406167556420299
44.7	0.024061675564204424
44.8	0.024061675564207168
44.9	0.024061675564201572
45.0	0.02406167556420169
45.1	0.024061675564205312
45.2	0.024061675564202186
45.3	0.024061675564204913
45.4	0.024061675564202502
45.5	0.024061675564202585
45.6	0.024061675564201114
45.7	0.024061675564203598
45.8	0.024061675564205038
45.9	0.02406167556420372
46.0	0.02406167556420202
46.1	0.02406167556420382
46.2	0.024061675564204722
46.3	0.0240616755642034
46.4	0.024061675564206093
46.5	0.024061675564203702
46.6	0.024061675564203334
46.7	0.024061675564202956
46.8	0.024061675564203345
46.9	0.024061675564205534
47.0	0.024061675564206613
47.1	0.02406167556420616
47.2	0.02406167556420314
47.3	0.024061675564205843
47.4	0.024061675564204358
47.5	0.024061675564202932
47.6	0.024061675564202297
47.7	0.02406167556420253
47.8	0.024061675564204254
47.9	0.024061675564203834
48.0	0.024061675564200725
48.1	0.024061675564204913
48.2	0.02406167556420181
48.3	0.024061675564205093
48.4	0.024061675564202394
48.5	0.024061675564204587
48.6	0.024061675564203078
48.7	0.024061675564203775
48.8	0.024061675564204472
48.9	0.024061675564202713
49.0	0.02406167556420467
49.1	0.02406167556420369
49.2	0.02406167556420278
49.3	0.024061675564203886
49.4	0.024061675564202988
49.5	0.02406167556420299
49.6	0.0240616755642052
49.7	0.024061675564203508
49.8	0.024061675564204098
49.9	0.02406167556420318
50.0	0.02406167556420398
50.1	0.02406167556420627
50.2	0.024061675564202977
50.3	0.024061675564202745
50.4	0.024061675564201756
50.5	0.024061675564203605
50.6	0.02406167556420676
50.7	0.024061675564204386
50.8	0.02406167556420444
50.9	0.024061675564203303
51.0	0.024061675564205423
51.1	0.024061675564205687
51.2	0.024061675564201634
51.3	0.02406167556420315
51.4	0.024061675564204885
51.5	0.024061675564203588
51.6	0.024061675564204535
51.7	0.024061675564202186
51.8	0.024061675564205635
51.9	0.024061675564205593
52.0	0.02406167556420381
52.1	0.024061675564202557
52.2	0.024061675564202096
52.3	0.024061675564201065
52.4	0.024061675564202956
52.5	0.02406167556420374
52.6	0.02406167556420226
52.7	0.02406167556420095
52.8	0.024061675564205385
52.9	0.024061675564206714
53.0	0.024061675564205243
53.1	0.024061675564204247
53.2	0.02406167556420216
53.3	0.0240616755642072
53.4	0.024061675564204153
53.5	0.024061675564204785
53.6	0.02406167556420498
53.7	0.024061675564203373
53.8	0.024061675564203217
53.9	0.024061675564202967
54.0	0.024061675564203966
54.1	0.024061675564205395
54.2	0.024061675564206256
54.3	0.024061675564203508
54.4	0.024061675564200722
54.5	0.024061675564203782
54.6	0.024061675564206415
54.7	0.024061675564206922
54.8	0.02406167556420113
54.9	0.02406167556420114
55.0	0.02406167556420222
55.1	0.024061675564202165
55.2	0.02406167556420443
55.3	0.02406167556420449
55.4	0.024061675564206398
55.5	0.024061675564205156
55.6	0.024061675564203282
55.7	0.024061675564205298
55.8	0.02406167556420173
55.9	0.024061675564205378
56.0	0.024061675564202883
56.1	0.024061675564203362
56.2	0.02406167556420202
56.3	0.024061675564204552
56.4	0.02406167556420313
56.5	0.024061675564200368
56.6	0.02406167556420167
56.7	0.02406167556420337
56.8	0.024061675564202727
56.9	0.024061675564206596
57.0	0.02406167556420929
57.1	0.02406167556420598
57.2	0.024061675564205923
57.3	0.024061675564206682
57.4	0.024061675564203633
57.5	0.024061675564202665
57.6	0.02406167556420783
57.7	0.024061675564203567
57.8	0.024061675564204243
57.9	0.024061675564204705
58.0	0.0240616755642035
58.1	0.02406167556420556
58.2	0.02406167556419881
58.3	0.024061675564206256
58.4	0.024061675564201926
58.5	0.024061675564202793
58.6	0.024061675564203494
58.7	0.02406167556420239
58.8	0.02406167556420556
58.9	0.02406167556420142
59.0	0.024061675564205454
59.1	0.0240616755642063
59.2	0.02406167556420302
59.3	0.024061675564206304
59.4	0.024061675564203352
59.5	0.024061675564203924
59.6	0.024061675564202346
59.7	0.024061675564204528
59.8	0.02406167556420562
59.9	0.024061675564202824
60.0	0.0240616755642054
60.1	0.02406167556420378
60.2	0.02406167556420112
60.3	0.02406167556420718
60.4	0.024061675564204302
60.5	0.024061675564201905
60.6	0.0240616755642064
60.7	0.02406167556420343
60.8	0.02406167556420488
60.9	0.024061675564203903
61.0	0.024061675564205142
61.1	0.024061675564209194
61.2	0.02406167556420394
61.3	0.02406167556420555
61.4	0.024061675564207397
61.5	0.02406167556420299
61.6	0.0240616755642038
61.7	0.024061675564205083
61.8	0.024061675564204722
61.9	0.02406167556420558
62.0	0.024061675564202453
62.1	0.02406167556420418
62.2	0.024061675564203144
62.3	0.024061675564205885
62.4	0.0240616755642055
62.5	0.024061675564204993
62.6	0.02406167556420513
62.7	0.02406167556420229
62.8	0.02406167556420536
62.9	0.024061675564205395
63.0	0.02406167556420471
63.1	0.024061675564204466
63.2	0.024061675564200833
63.3	0.024061675564201142
63.4	0.02406167556420529
63.5	0.024061675564204504
63.6	0.02406167556420282
63.7	0.024061675564202824
63.8	0.024061675564201412
63.9	0.024061675564202745
64.0	0.024061675564203213
64.1	0.024061675564203234
64.2	0.02406167556420553
64.3	0.024061675564201798
64.4	0.02406167556420516
64.5	0.024061675564205277
64.6	0.024061675564205208
64.7	0.024061675564205003
64.8	0.024061675564204316
64.9	0.024061675564204812
65.0	0.024061675564203494
65.1	0.024061675564204885
65.2	0.024061675564206086
65.3	0.024061675564204223
65.4	0.024061675564205763
65.5	0.024061675564206502
65.6	0.024061675564204833
65.7	0.02406167556420783
65.8	0.024061675564202013
65.9	0.024061675564202127
66.0	0.024061675564201364
66.1	0.024061675564203026
66.2	0.024061675564207498
66.3	0.024061675564200226
66.4	0.024061675564203282
66.5	0.024061675564202772
66.6	0.02406167556420384
66.7	0.02406167556420421
66.8	0.024061675564205638
66.9	0.024061675564205864
67.0	0.02406167556420581
67.1	0.024061675564206755
67.2	0.024061675564203067
67.3	0.024061675564202523
67.4	0.024061675564201447
67.5	0.024061675564205902
67.6	0.02406167556420482
67.7	0.024061675564202446
67.8	0.024061675564201065
67.9	0.024061675564205423
68.0	0.024061675564203418
68.1	0.02406167556420178
68.2	0.024061675564204046
68.3	0.024061675564202877
68.4	0.02406167556420553
68.5	0.024061675564202266
68.6	0.024061675564202897
68.7	0.024061675564203463
68.8	0.02406167556420295
68.9	0.02406167556420559
69.0	0.024061675564203293
69.1	0.024061675564205347
69.2	0.024061675564205548
69.3	0.02406167556420531
69.4	0.024061675564204698
69.5	0.024061675564200816
69.6	0.02406167556420231
69.7	0.024061675564205597
69.8	0.024061675564202547
69.9	0.024061675564202578
70.0	0.024061675564203792
70.1	0.02406167556420317
70.2	0.02406167556420364
70.3	0.024061675564205003
70.4	0.024061675564206252
70.5	0.024061675564203643
70.6	0.024061675564204563
70.7	0.024061675564202793
70.8	0.024061675564202502
70.9	0.024061675564206183
71.0	0.02406167556420466
71.1	0.024061675564204806
71.2	0.024061675564203588
71.3	0.024061675564199914
71.4	0.0240616755642058
71.5	0.024061675564203702
71.6	0.024061675564205225
71.7	0.024061675564202654
71.8	0.024061675564206457
71.9	0.02406167556420375
72.0	0.024061675564201992
72.1	0.02406167556420637
72.2	0.024061675564203088
72.3	0.024061675564201777
72.4	0.02406167556420467
72.5	0.0240616755642054
72.6	0.024061675564207564
72.7	0.024061675564205656
72.8	0.02406167556420207
72.9	0.02406167556420272
73.0	0.024061675564203813
73.1	0.024061675564203043
73.2	0.024061675564202738
73.3	0.024061675564205263
73.4	0.024061675564205263
73.5	0.024061675564206846
73.6	0.024061675564203897
73.7	0.02406167556420368
73.8	0.024061675564202918
73.9	0.024061675564205572
74.0	0.024061675564204375
74.1	0.024061675564202696
74.2	0.024061675564202432
74.3	0.024061675564203553
74.4	0.0240616755642024
74.5	0.024061675564203792
74.6	0.024061675564203775
74.7	0.024061675564203196
74.8	0.024061675564199556
74.9	0.024061675564203834
75.0	0.024061675564202127
75.1	0.02406167556420293
75.2	0.0240616755642041
75.3	0.02406167556420327
75.4	0.0240616755642018
75.5	0.02406167556420366
75.6	0.024061675564201298
75.7	0.024061675564206842
75.8	0.0240616755642015
75.9	0.024061675564201593
76.0	0.024061675564202235
76.1	0.024061675564202068
76.2	0.024061675564205603
76.3	0.024061675564202797
76.4	0.024061675564204202
76.5	0.02406167556420188
76.6	0.024061675564203525
76.7	0.024061675564204733
76.8	0.024061675564204153
76.9	0.024061675564203366
77.0	0.024061675564201822
77.1	0.024061675564205097
77.2	0.024061675564206034
77.3	0.02406167556420334
77.4	0.024061675564206506
77.5	0.02406167556420489
77.6	0.024061675564208098
77.7	0.024061675564202266
77.8	0.02406167556420645
77.9	0.02406167556420402
78.0	0.024061675564204788
78.1	0.024061675564201516
78.2	0.02406167556420337
78.3	0.02406167556420667
78.4	0.024061675564204573
78.5	0.0240616755642073
78.6	0.024061675564206107
78.7	0.024061675564203303
78.8	0.02406167556420249
78.9	0.024061675564203494
79.0	0.024061675564204507
79.1	0.024061675564201575
79.2	0.024061675564202165
79.3	0.024061675564203033
79.4	0.024061675564205687
79.5	0.024061675564204625
79.6	0.024061675564202765
79.7	0.02406167556420281
79.8	0.024061675564205756
79.9	0.02406167556420398
80.0	0.024061675564206117
80.1	0.024061675564203744
80.2	0.024061675564204396
80.3	0.02406167556420344
80.4	0.024061675564205864
80.5	0.024061675564204688
80.6	0.02406167556420106
80.7	0.024061675564201607
80.8	0.02406167556420274
80.9	0.024061675564204684
81.0	0.024061675564203244
81.1	0.024061675564203366
81.2	0.024061675564202703
81.3	0.024061675564202894
81.4	0.024061675564200167
81.5	0.024061675564203334
81.6	0.024061675564207297
81.7	0.024061675564203053
81.8	0.024061675564204046
81.9	0.024061675564202932
82.0	0.024061675564204212
82.1	0.024061675564202856
82.2	0.02406167556420346
82.3	0.024061675564201322
82.4	0.02406167556420178
82.5	0.024061675564205635
82.6	0.024061675564202387
82.7	0.02406167556420584
82.8	0.024061675564204778
82.9	0.024061675564204736
83.0	0.024061675564204434
83.1	0.02406167556420274
83.2	0.02406167556420402
83.3	0.02406167556420582
83.4	0.024061675564201877
83.5	0.024061675564203574
83.6	0.024061675564204202
83.7	0.024061675564202942
83.8	0.024061675564203105
83.9	0.02406167556420463
84.0	0.024061675564204466
84.1	0.02406167556420418
84.2	0.024061675564204486
84.3	0.024061675564203272
84.4	0.024061675564202196
84.5	0.024061675564202994
84.6	0.02406167556420341
84.7	0.02406167556420121
84.8	0.024061675564202384
84.9	0.024061675564202627
85.0	0.02406167556420429
85.1	0.02406167556420359
85.2	0.024061675564202745
85.3	0.024061675564204774
85.4	0.024061675564202033
85.5	0.024061675564203605
85.6	0.024061675564201728
85.7	0.024061675564204434
85.8	0.024061675564203897
85.9	0.024061675564204105
86.0	0.02406167556420505
86.1	0.024061675564203435
86.2	0.02406167556420496
86.3	0.024061675564206263
86.4	0.0240616755642106
86.5	0.024061675564205964
86.6	0.024061675564203324
86.7	0.024061675564205336
86.8	0.02406167556420087
86.9	0.024061675564204382
87.0	0.024061675564202942
87.1	0.024061675564203362
87.2	0.024061675564199934
87.3	0.02406167556420665
87.4	0.02406167556420402
87.5	0.02406167556420181
87.6	0.02406167556420303
87.7	0.02406167556420498
87.8	0.024061675564205617
87.9	0.024061675564204032
88.0	0.02406167556420546
88.1	0.024061675564201777
88.2	0.024061675564203692
88.3	0.024061675564200205
88.4	0.024061675564206766
88.5	0.024061675564202325
88.6	0.024061675564202092
88.7	0.024061675564201808
88.8	0.02406167556420384
88.9	0.024061675564204403
89.0	0.024061675564203442
89.1	0.024061675564202644
89.2	0.02406167556420369
89.3	0.024061675564205357
89.4	0.02406167556420622
89.5	0.02406167556420276
89.6	0.024061675564204507
89.7	0.02406167556420398
89.8	0.024061675564202436
89.9	0.024061675564205694
90.0	0.024061675564204715
90.1	0.024061675564201152
90.2	0.024061675564204008
90.3	0.024061675564203876
90.4	0.02406167556420274
90.5	0.02406167556420304
90.6	0.024061675564201555
90.7	0.02406167556420157
90.8	0.024061675564208386
90.9	0.02406167556420551
91.0	0.024061675564203987
91.1	0.024061675564205843
91.2	0.024061675564202627
91.3	0.02406167556420437
91.4	0.02406167556420503
91.5	0.024061675564202554
91.6	0.02406167556420251
91.7	0.024061675564203442
91.8	0.024061675564203383
91.9	0.024061675564205562
92.0	0.024061675564202245
92.1	0.024061675564204674
92.2	0.024061675564204923
92.3	0.024061675564205486
92.4	0.024061675564203508
92.5	0.02406167556420427
92.6	0.024061675564202103
92.7	0.02406167556420575
92.8	0.02406167556420337
92.9	0.02406167556420368
93.0	0.02406167556420094
93.1	0.024061675564201482
93.2	0.02406167556420298
93.3	0.02406167556420112
93.4	0.02406167556420585
93.5	0.024061675564206304
93.6	0.024061675564206717
93.7	0.02406167556420702
93.8	0.02406167556420491
93.9	0.02406167556420145
94.0	0.02406167556420359
94.1	0.024061675564205572
94.2	0.024061675564202367
94.3	0.02406167556420545
94.4	0.024061675564205378
94.5	0.024061675564202963
94.6	0.024061675564206138
94.7	0.024061675564205517
94.8	0.02406167556420147
94.9	0.02406167556420576
95.0	0.024061675564202113
95.1	0.024061675564206488
95.2	0.024061675564203213
95.3	0.024061675564202377
95.4	0.024061675564203255
95.5	0.0240616755642036
95.6	0.024061675564204806
95.7	0.02406167556420538
95.8	0.024061675564205156
95.9	0.024061675564203484
96.0	0.024061675564201853
96.1	0.02406167556420473
96.2	0.02406167556420342
96.3	0.02406167556420368
96.4	0.024061675564204518
96.5	0.02406167556420249
96.6	0.024061675564204497
96.7	0.024061675564201673
96.8	0.024061675564206818
96.9	0.024061675564206415
97.0	0.02406167556420264
97.1	0.02406167556420092
97.2	0.024061675564203994
97.3	0.024061675564206606
97.4	0.024061675564203584
97.5	0.024061675564205156
97.6	0.024061675564205975
97.7	0.024061675564198852
97.8	0.024061675564205895
97.9	0.024061675564201045
98.0	0.02406167556420444
98.1	0.02406167556420612
98.2	0.024061675564204105
98.3	0.02406167556420157
98.4	0.02406167556420829
98.5	0.024061675564202155
98.6	0.024061675564204694
98.7	0.024061675564204098
98.8	0.02406167556420339
98.9	0.024061675564203546
99.0	0.02406167556420405
99.1	0.024061675564203883
99.2	0.024061675564205284
99.3	0.024061675564205593
99.4	0.02406167556420273
99.5	0.02406167556420149
99.6	0.024061675564202287
99.7	0.024061675564204306
99.8	0.024061675564202425
99.9	0.024061675564202533
100.0	0.02406167556420471
