0.0 	 0.0 
0.1 	 0.0371128774983711 
0.2 	 0.10417367715423191 
0.3 	 0.16985216349643648 
0.4 	 0.22200615954604286 
0.5 	 0.2590341160849054 
0.6 	 0.2831632058170996 
0.7 	 0.29707899166823276 
0.8 	 0.30286774553782353 
0.9 	 0.3019035268024027 
1.0 	 0.2950059449998685 
1.1 	 0.28267146319818953 
1.2 	 0.2653500217693766 
1.3 	 0.24387180197664807 
1.4 	 0.21995190512346502 
1.5 	 0.19651641090990193 
1.6 	 0.17732603160241653 
1.7 	 0.16549515255680175 
1.8 	 0.16176335323855714 
1.9 	 0.16426816780959874 
2.0 	 0.1699830135582393 
2.1 	 0.17629005665179126 
2.2 	 0.18166345156520072 
2.3 	 0.18561030223218447 
2.4 	 0.18833540444083388 
2.5 	 0.1903898655785721 
2.6 	 0.19238073092727515 
2.7 	 0.1947660310800971 
2.8 	 0.19775731724771808 
2.9 	 0.201301378086158 
3.0 	 0.20511326540822417 
3.1 	 0.20875648469661556 
3.2 	 0.21174826294776258 
3.3 	 0.21368655696660602 
3.4 	 0.21443909878967954 
3.5 	 0.21442618608908315 
3.6 	 0.21505731372104953 
3.7 	 0.21933812584786702 
3.8 	 0.23255529335030456 
3.9 	 0.2631511899495154 
4.0 	 0.3265735003624116 
4.1 	 0.4658623929226626 
4.2 	 0.82234157032711 
4.3 	 1.415450941890146 
4.4 	 1.331311211958733 
4.5 	 1.1466962704824148 
4.6 	 1.0562896791691008 
4.7 	 0.9821726090374882 
4.8 	 0.9117599242687113 
4.9 	 0.8461797459402183 
5.0 	 0.7876705772019053 
5.1 	 0.7374371265259709 
5.2 	 0.6955146828997985 
5.3 	 0.6611378762175384 
5.4 	 0.6331592388948724 
5.5 	 0.610353760939993 
5.6 	 0.5915963363152189 
5.7 	 0.5759406933365917 
5.8 	 0.5626580550369128 
5.9 	 0.5511833997847918 
6.0 	 0.5410375055491968 
6.1 	 0.5318705571569509 
6.2 	 0.5234258656085492 
6.3 	 0.5155157968771124 
6.4 	 0.508006491349356 
6.5 	 0.500811923117574 
6.6 	 0.4938886744132498 
6.7 	 0.487233261705359 
6.8 	 0.4808773009327439 
6.9 	 0.47487905217437754 
7.0 	 0.4693118384989715 
7.1 	 0.4642511398491927 
7.2 	 0.45976344662596524 
7.3 	 0.4558979800310224 
7.4 	 0.45268221147772897 
7.5 	 0.450120600328224 
7.6 	 0.44819577850560666 
7.7 	 0.44687175334734386 
7.8 	 0.4460968550217314 
7.9 	 0.4458084155558809 
8.0 	 0.4459366942510642 
8.1 	 0.4464085073616651 
8.2 	 0.4471504890113998 
8.3 	 0.4480915884540136 
8.4 	 0.44916532428050554 
8.5 	 0.4503108808446257 
8.6 	 0.451474331145291 
8.7 	 0.45260610903352233 
8.8 	 0.45367000314464434 
8.9 	 0.4546394943253487 
9.0 	 0.4554879887723027 
9.1 	 0.456197871694867 
9.2 	 0.45675786753367753 
9.3 	 0.45716285322054323 
9.4 	 0.45740493714425645 
9.5 	 0.45750196862751924 
9.6 	 0.45745355776263064 
9.7 	 0.45727214002857125 
9.8 	 0.45697225497094723 
9.9 	 0.45657015158329123 
10.0 	 0.45608310338177915 
10.1 	 0.4555288163696458 
10.2 	 0.4549251544187434 
10.3 	 0.4542896242345549 
10.4 	 0.4536389986998017 
10.5 	 0.45298898900983475 
10.6 	 0.4523539677465109 
10.7 	 0.4517467444003144 
10.8 	 0.45117839415994715 
10.9 	 0.4506579829284059 
11.0 	 0.45018370116388745 
11.1 	 0.4497889194942511 
11.2 	 0.44946709086532466 
11.3 	 0.4492176551726476 
11.4 	 0.4490399644025066 
11.5 	 0.4489328075514432 
11.6 	 0.4488943239407829 
11.7 	 0.4489221016633281 
11.8 	 0.4490133817429193 
11.9 	 0.4491653269476897 
12.0 	 0.4493753326829497 
12.1 	 0.44964136710544794 
12.2 	 0.44996233336396996 
12.3 	 0.45033845088698515 
12.4 	 0.45077165600821545 
12.5 	 0.4512660257638918 
12.6 	 0.4518282342593141 
12.7 	 0.45246975702379283 
12.8 	 0.4532109952587723 
12.9 	 0.45406215229747793 
13.0 	 0.4549942603842924 
13.1 	 0.4559470566541388 
13.2 	 0.4568383434817157 
13.3 	 0.4575798783191313 
13.4 	 0.4580981665425522 
13.5 	 0.4583516983243093 
13.6 	 0.45833799429606786 
13.7 	 0.4580890855254789 
13.8 	 0.4576591149625718 
13.9 	 0.45710985175709234 
14.0 	 0.4564988675900203 
14.1 	 0.45587255708188695 
14.2 	 0.45526384127854536 
14.3 	 0.45469313336076733 
14.4 	 0.4541709313808729 
14.5 	 0.45370078204046743 
14.6 	 0.45328189376380124 
14.7 	 0.4529111172072734 
14.8 	 0.4525842830915739 
14.9 	 0.4522970135004873 
15.0 	 0.4520451552279053 
15.1 	 0.45182496847590287 
15.2 	 0.4516331718886837 
15.3 	 0.45146691223712654 
15.4 	 0.45132370104037056 
15.5 	 0.4512013423550997 
15.6 	 0.4510978645744774 
15.7 	 0.45101146235169154 
15.8 	 0.45094045094319823 
15.9 	 0.4508832331361012 
16.0 	 0.45083827774689755 
16.1 	 0.45080410804983867 
16.2 	 0.4507792982023314 
16.3 	 0.45076247566919203 
16.4 	 0.4507523277442283 
16.5 	 0.4507474547845472 
16.6 	 0.45073742806963846 
16.7 	 0.4507496109815519 
16.8 	 0.4507731884022342 
16.9 	 0.45080516982463353 
17.0 	 0.4508442339289874 
17.1 	 0.45089014253658527 
17.2 	 0.45094349230660635 
17.3 	 0.451005618441137 
17.4 	 0.45107858321100325 
17.5 	 0.4511652181716879 
17.6 	 0.4512692063222455 
17.7 	 0.4513951994686156 
17.8 	 0.4515489711635337 
17.9 	 0.4517376088399849 
18.0 	 0.45196975109854065 
18.1 	 0.4522558780407955 
18.2 	 0.4526086644718367 
18.3 	 0.4530462769596764 
18.4 	 0.45359457999105496 
18.5 	 0.454260946788018 
18.6 	 0.455009412765074 
18.7 	 0.455777026190543 
18.8 	 0.45648253196927674 
18.9 	 0.4570437156805418 
19.0 	 0.4573972763279248 
19.1 	 0.45751313738648003 
19.2 	 0.4573980541140984 
19.3 	 0.4570887405642885 
19.4 	 0.45663895134716065 
19.5 	 0.4561060271442507 
19.6 	 0.45554081721973944 
19.7 	 0.45498236458344005 
19.8 	 0.4544567568392357 
19.9 	 0.45397865207642535 
20.0 	 0.4535539869618339 
20.1 	 0.45318280762894775 
20.2 	 0.4528616608021531 
20.3 	 0.45258535843326314 
20.4 	 0.4523481465799315 
20.5 	 0.45214440171528436 
20.6 	 0.45196899405760127 
20.7 	 0.45181743748829317 
20.8 	 0.4516859143030008 
20.9 	 0.45157123352411893 
21.0 	 0.4514707588492947 
21.1 	 0.45138232699232755 
21.2 	 0.4513041676702747 
21.3 	 0.45123483090488464 
21.4 	 0.45117312410098154 
21.5 	 0.4511180595247344 
21.6 	 0.4510688117452664 
21.7 	 0.4510246840094869 
21.8 	 0.45098508222888745 
21.9 	 0.45094949517480665 
22.0 	 0.450917479555198 
22.1 	 0.4508885032751009 
22.2 	 0.4508533664337299 
22.3 	 0.45083905911484307 
22.4 	 0.4508356952969549 
22.5 	 0.45084110588371634 
22.6 	 0.4508545876585599 
22.7 	 0.4508763817951725 
22.8 	 0.4509074370689922 
22.9 	 0.45094931902734475 
23.0 	 0.45100420144362 
23.1 	 0.4510749104121737 
23.2 	 0.4511650078585788 
23.3 	 0.45127890976894924 
23.4 	 0.45142203930854796 
23.5 	 0.45160101812059184 
23.6 	 0.4518239013790891 
23.7 	 0.4521004640691091 
23.8 	 0.4524425477927391 
23.9 	 0.4528661005079896 
24.0 	 0.453395365488014 
24.1 	 0.4540449386416304 
24.2 	 0.4547906863659102 
24.3 	 0.45557612608363235 
24.4 	 0.4563230047980391 
24.5 	 0.45694663156416393 
24.6 	 0.45737592720426473 
24.7 	 0.45757009299247875 
24.8 	 0.4575255112143495 
24.9 	 0.457271535514107 
25.0 	 0.4568586855259359 
25.1 	 0.4563447879633655 
25.2 	 0.4557836248108539 
25.3 	 0.45521820324070844 
25.4 	 0.45467851882161425 
25.5 	 0.4541824679087574 
25.6 	 0.4537383487447052 
25.7 	 0.4533477447157188 
25.8 	 0.45300808758285455 
25.9 	 0.45271461769061494 
26.0 	 0.45246172191526035 
26.1 	 0.45224375591593524 
26.2 	 0.45205549168910736 
26.3 	 0.4518923186169399 
26.4 	 0.4517502961155534 
26.5 	 0.45162612499674654 
26.6 	 0.4515170797187029 
26.7 	 0.45142092627031905 
26.8 	 0.4513358393547744 
26.9 	 0.4512603259327647 
27.0 	 0.4511931583863291 
27.1 	 0.45113331839383214 
27.2 	 0.4510799513464851 
27.3 	 0.45103233040397467 
27.4 	 0.45098982889261857 
27.5 	 0.45095189959421894 
27.6 	 0.4509180594962537 
27.7 	 0.450887724824411 
27.8 	 0.4508513233469168 
27.9 	 0.45083671833240574 
28.0 	 0.450833847155124 
28.1 	 0.4508403424788055 
28.2 	 0.4508554151481747 
28.3 	 0.4508792671025823 
28.4 	 0.45091284249384544 
28.5 	 0.4509577322195165 
28.6 	 0.45101616475282236 
28.7 	 0.45109105200408967 
28.8 	 0.45118607623258505 
28.9 	 0.4513058129968719 
29.0 	 0.45145589023830895 
29.1 	 0.4516431868582127 
29.2 	 0.4518760765272964 
29.3 	 0.4521647244421176 
29.4 	 0.4525214467062068 
29.5 	 0.45296392967870847 
29.6 	 0.45351739723344237 
29.7 	 0.4541895183207696 
29.8 	 0.4549456595226798 
29.9 	 0.4557233308179039 
30.0 	 0.45644138904945564 
30.1 	 0.4570171722405479 
30.2 	 0.45738640053324214 
30.3 	 0.45751773593766865 
30.4 	 0.4574167271644538 
30.5 	 0.45711921527683225 
30.6 	 0.45667853909116557 
30.7 	 0.4561520384592666 
30.8 	 0.4555908379920068 
30.9 	 0.45503438065965185 
31.0 	 0.45450916503976524 
31.1 	 0.45403020885753453 
31.2 	 0.45360373648686403 
31.3 	 0.45323001434926563 
31.4 	 0.4529057571690658 
31.5 	 0.4526259091572611 
31.6 	 0.45238482643385564 
31.7 	 0.4521769826146911 
31.8 	 0.4519973375507557 
31.9 	 0.4518414897738569 
32.0 	 0.4517057018350864 
32.1 	 0.4515868581218877 
32.2 	 0.4514823918797176 
32.3 	 0.45139020234024146 
32.4 	 0.4513085733087433 
32.5 	 0.4512360992039875 
32.6 	 0.45117162128664884 
32.7 	 0.45111417478786003 
32.8 	 0.4510629464698625 
32.9 	 0.45101724151093925 
33.0 	 0.45097645830582833 
33.1 	 0.45094006969441325 
33.2 	 0.4509076092155099 
33.3 	 0.4508785149458991 
33.4 	 0.45084350422537695 
33.5 	 0.4508296810016007 
33.6 	 0.4508270629320022 
33.7 	 0.4508334286937715 
33.8 	 0.45084803170142657 
33.9 	 0.4508710761819547 
34.0 	 0.4509034796932063 
34.1 	 0.4509467824136628 
34.2 	 0.45100313909914774 
34.3 	 0.45107536385693214 
34.4 	 0.45116701441431994 
34.5 	 0.4512825111432813 
34.6 	 0.45142729100175527 
34.7 	 0.45160799969362847 
34.8 	 0.4518327276474325 
34.9 	 0.45211129732596095 
35.0 	 0.45245561122497324 
35.1 	 0.45288184283771943 
35.2 	 0.45341436504428123 
35.3 	 0.4540668848264666 
35.4 	 0.45481391399127147 
35.5 	 0.45559817884064685 
35.6 	 0.45634102791012426 
35.7 	 0.45695801700481514 
35.8 	 0.45737896210190193 
35.9 	 0.4575643433825131 
36.0 	 0.45751180264318697 
36.1 	 0.4572515961248377 
36.2 	 0.45683464952185177 
36.3 	 0.45631874787199855 
36.4 	 0.45575733214681813 
36.5 	 0.4551929346919719 
36.6 	 0.45465507371492225 
36.7 	 0.45416124477478 
36.8 	 0.4537194532134597 
36.9 	 0.45333109466705945 
37.0 	 0.4529934975940295 
37.1 	 0.45270185839408056 
37.2 	 0.4524505574935609 
37.3 	 0.45223396529942567 
37.4 	 0.4520468787466814 
37.5 	 0.4518847155278133 
37.6 	 0.45174356284591394 
37.7 	 0.4516201467720938 
37.8 	 0.4515117637358554 
37.9 	 0.45141619824786194 
38.0 	 0.4513316400295566 
38.1 	 0.4512566075816346 
38.2 	 0.4511898815793067 
38.3 	 0.4511304491968966 
38.4 	 0.4510774591060417 
38.5 	 0.4510301861425486 
38.6 	 0.4509880042688729 
38.7 	 0.4509503663371606 
38.8 	 0.4509167892078489 
38.9 	 0.45088669022561906 
39.0 	 0.450850547896457 
39.1 	 0.4508360702410877 
39.2 	 0.4508332485797414 
39.3 	 0.450839727535831 
39.4 	 0.450854722410666 
39.5 	 0.450878434765908 
39.6 	 0.45091180472320114 
39.7 	 0.4509564159225526 
39.8 	 0.4510144863484838 
39.9 	 0.451088913913602 
40.0 	 0.4511833628884155 
40.1 	 0.45130238619090807 
40.2 	 0.45145158363148136 
40.3 	 0.451637799458903 
40.4 	 0.45186936492161095 
40.5 	 0.4521563935251989 
40.6 	 0.4525111386056206 
40.7 	 0.4529510498139806 
40.8 	 0.45350131095101276 
40.9 	 0.4541704377450602 
41.0 	 0.45492476844851426 
41.1 	 0.4557024627204972 
41.2 	 0.45642270840363386 
41.3 	 0.45700267612375883 
41.4 	 0.45737744053055385 
41.5 	 0.4575147547444348 
41.6 	 0.45741928147578476 
41.7 	 0.4571262223486999 
41.8 	 0.45668861767124963 
41.9 	 0.4561638201615982 
42.0 	 0.4556031743277915 
42.1 	 0.4550464323214766 
42.2 	 0.4545204004469115 
42.3 	 0.45404035154146843 
42.4 	 0.4536126950825677 
42.5 	 0.4532378164670038 
42.6 	 0.4529124968602678 
42.7 	 0.452631709945653 
42.8 	 0.45238981790313626 
42.9 	 0.45218128717676465 
43.0 	 0.4520010640860832 
43.1 	 0.4518447315061146 
43.2 	 0.451708536587904 
43.3 	 0.45158934976648757 
43.4 	 0.45148459226684085 
43.5 	 0.4513921533251387 
43.6 	 0.45131030865672606 
43.7 	 0.45123764627101787 
43.8 	 0.45117300243650876 
43.9 	 0.4511154085464462 
44.0 	 0.45106404843744335 
44.1 	 0.45101822506339284 
44.2 	 0.45097733511961524 
44.3 	 0.45094085012996066 
44.4 	 0.45090830259013776 
44.5 	 0.45087912922089457 
44.6 	 0.45084402414728414 
44.7 	 0.4508301601726694 
44.8 	 0.45082752993187286 
44.9 	 0.45083390665982037 
45.0 	 0.4508485419755646 
45.1 	 0.45087164065301655 
45.2 	 0.4509041225432915 
45.3 	 0.4509475316312674 
45.4 	 0.4510040279622714 
45.5 	 0.4510764325144576 
45.6 	 0.45116831165932425 
45.7 	 0.45128409645865847 
45.8 	 0.45142923695667186 
45.9 	 0.4516103947750147 
46.0 	 0.4518356796208452 
46.1 	 0.4521149372345267 
46.2 	 0.45246009815592375 
46.3 	 0.45288744477006254 
46.4 	 0.45342140770465056 
46.5 	 0.45407524235499963 
46.6 	 0.45482278416849875 
46.7 	 0.45560637405486765 
46.8 	 0.45634717747500164 
46.9 	 0.45696088909234633 
47.0 	 0.45737777826407944 
47.1 	 0.4575589558103777 
47.2 	 0.4575026757380448 
47.3 	 0.457239627302108 
47.4 	 0.45682092125278556 
47.5 	 0.45630430304801706 
47.6 	 0.45574302660655824 
47.7 	 0.4551793763447197 
47.8 	 0.4546426285392957 
47.9 	 0.4541500804675695 
48.0 	 0.4537095952566341 
48.1 	 0.45332247877105925 
48.2 	 0.45298601116934467 
48.3 	 0.45269536960891865 
48.4 	 0.45244493354183446 
48.5 	 0.4522290825648674 
48.6 	 0.4520426274955618 
48.7 	 0.4518810012370255 
48.8 	 0.4517403056544566 
48.9 	 0.45161728001738877 
49.0 	 0.45150923214624133 
49.1 	 0.4514139561017708 
49.2 	 0.45132964944370474 
49.3 	 0.4512548370076166 
49.4 	 0.45118830453620645 
49.5 	 0.45112904323638225 
49.6 	 0.451076204989183 
49.7 	 0.45102906719954594 
49.8 	 0.4509870059099575 
49.9 	 0.4509494756837835 
50.0 	 0.45091599481665984 
50.1 	 0.450885982430075 
50.2 	 0.4508499445205293 
50.3 	 0.45083550886449797 
50.4 	 0.45083269565892475 
50.5 	 0.4508391562995606 
50.6 	 0.45085410837077805 
50.7 	 0.45087775290365745 
50.8 	 0.45091102739361355 
50.9 	 0.4509555110430451 
51.0 	 0.4510134156295917 
51.1 	 0.45108763097930066 
51.2 	 0.451181811174939 
51.3 	 0.4513004965288927 
51.4 	 0.4514492714183965 
51.5 	 0.4516349613224961 
51.6 	 0.45186587476276224 
51.7 	 0.452152097811968 
51.8 	 0.45250585076400257 
51.9 	 0.45294446364054614 
52.0 	 0.45349305209429197 
52.1 	 0.4541606057457983 
52.2 	 0.4549141800627414 
52.3 	 0.4556923386909037 
52.4 	 0.45641445729742613 
52.5 	 0.4569975622107212 
52.6 	 0.4573762689037656 
52.7 	 0.457517701868518 
52.8 	 0.4574259218458949 
52.9 	 0.45713570945885434 
53.0 	 0.4566999262921045 
53.1 	 0.45617596172660413 
53.2 	 0.45561533616943395 
53.3 	 0.45505803408835976 
53.4 	 0.45453108780601537 
53.5 	 0.4540499551716503 
53.6 	 0.4536211785326126 
53.7 	 0.45324522760887603 
53.8 	 0.45291892956960206 
53.9 	 0.4526372772359518 
54.0 	 0.4523946349733587 
54.1 	 0.4521854618942146 
54.2 	 0.4520046924939338 
54.3 	 0.4518478964323645 
54.4 	 0.45171130799806575 
54.5 	 0.45159178598178085 
54.6 	 0.4514867415254435 
54.7 	 0.4513940553991368 
54.8 	 0.45131199637029246 
54.9 	 0.4512391468419641 
55.0 	 0.45117433861190714 
55.1 	 0.4511165995322528 
55.2 	 0.4510651106384689 
55.3 	 0.4510191726581122 
55.4 	 0.45097818049762894 
55.5 	 0.4509416042196549 
55.6 	 0.45090897510116545 
55.7 	 0.45087972835298373 
55.8 	 0.4508445345078949 
55.9 	 0.45083063544609214 
56.0 	 0.4508279984584628 
56.1 	 0.4508343911558979 
56.2 	 0.45084906323490626 
56.3 	 0.4508722199283651 
56.4 	 0.4509047833230668 
56.5 	 0.4509483011775475 
56.6 	 0.4510049388147354 
56.7 	 0.45107752408958457 
56.8 	 0.4511696320391273 
56.9 	 0.451285704450072 
57.0 	 0.45143120450098945 
57.1 	 0.45161280979244406 
57.2 	 0.45183864938571294 
57.3 	 0.45211859239112606 
57.4 	 0.45246459750642043 
57.5 	 0.4528930564841262 
57.6 	 0.45342845786509955 
57.7 	 0.4540836031879725 
57.8 	 0.45483164921275615 
57.9 	 0.45561455232973064 
58.0 	 0.45635329776390987 
58.1 	 0.45696372285551484 
58.2 	 0.4573765534602002 
58.3 	 0.45755353193095055 
58.4 	 0.457493522853884 
58.5 	 0.4572276455333375 
58.6 	 0.45680719298505706 
58.7 	 0.4562898692104754 
58.8 	 0.4557287402204795 
58.9 	 0.4551658424564886 
59.0 	 0.45463021068903736 
59.1 	 0.45413894450564873 
59.2 	 0.4536997653882676 
59.3 	 0.45331388989127586 
59.4 	 0.452978550207476 
59.5 	 0.45268890447478893 
59.6 	 0.45243933131100705 
59.7 	 0.45222421958917736 
59.8 	 0.4520383940653999 
59.9 	 0.45187730289418554 
60.0 	 0.45173706263597446 
60.1 	 0.45161442578650646 
60.2 	 0.45150671157905703 
60.3 	 0.45141172363817034 
60.4 	 0.4513276673656178 
60.5 	 0.4512530739261251 
60.6 	 0.4511867341167772 
60.7 	 0.4511276431590629 
60.8 	 0.4510749561229563 
60.9 	 0.4510279529615676 
61.0 	 0.45098601177756215 
61.1 	 0.4509485888278625 
61.2 	 0.45091520382853834 
61.3 	 0.45088527766821784 
61.4 	 0.45084934381841424 
61.5 	 0.45083494983570005 
61.6 	 0.45083214477282524 
61.7 	 0.45083858679551475 
61.8 	 0.4508534957749805 
61.9 	 0.45087707221971524 
62.0 	 0.45091025100928717 
62.1 	 0.4509546069206407 
62.2 	 0.45101234553815694 
62.3 	 0.45108634861651703 
62.4 	 0.4511802600676306 
62.5 	 0.45129860761712354 
62.6 	 0.4514469602302766 
62.7 	 0.45163212464024 
62.8 	 0.4518623866686433 
62.9 	 0.45214780498594 
63.0 	 0.45250056687992735 
63.1 	 0.4529378831728749 
63.2 	 0.45348480141009195 
63.3 	 0.45415078222416005 
63.4 	 0.45490359547789094 
63.5 	 0.45568220941143095 
63.6 	 0.4564061901763406 
63.7 	 0.45699242337953183 
63.8 	 0.457375068121921 
63.9 	 0.4575206211539009 
64.0 	 0.4574325401717848 
64.1 	 0.4571451826009449 
64.2 	 0.4567112290741227 
64.3 	 0.45618810413754035 
64.4 	 0.45562750352885606 
64.5 	 0.4550696441696207 
64.6 	 0.45454178487708247 
64.7 	 0.45405956902231853 
64.8 	 0.4536296722036569 
64.9 	 0.4532526486806737 
65.0 	 0.4529253717146878 
65.1 	 0.4526428532845226 
65.2 	 0.45239945994251657 
65.3 	 0.45218964348286866 
65.4 	 0.4520083266127401 
65.5 	 0.4518510658322223 
65.6 	 0.4517140826330977 
65.7 	 0.4515942242265884 
65.8 	 0.4514888917265629 
65.9 	 0.4513959574776356 
66.0 	 0.45131368332393423 
66.1 	 0.4512406460710102 
66.2 	 0.451175673040919 
66.3 	 0.4511177885290209 
66.4 	 0.45106617074682126 
66.5 	 0.45102011816910587 
66.6 	 0.45097902388628014 
66.7 	 0.4509423564741705 
66.8 	 0.45090964596849237 
66.9 	 0.4508803260351926 
67.0 	 0.4508450437378575 
67.1 	 0.45083110976568797 
67.2 	 0.45082846616373723 
67.3 	 0.45083487494216967 
67.4 	 0.4508495838914244 
67.5 	 0.45087279871676816 
67.6 	 0.4509054437532471 
67.7 	 0.4509490705458962 
67.8 	 0.45100584970908647 
67.9 	 0.45107861598931204 
68.0 	 0.4511709531043834 
68.1 	 0.45128731358069163 
68.2 	 0.45143317374405867 
68.3 	 0.4516152271829084 
68.4 	 0.4518416223151366 
68.5 	 0.4521222516143144 
68.6 	 0.45246910191938383 
68.7 	 0.4528986746310602 
68.8 	 0.4534355161067132 
68.9 	 0.4540919715246941 
69.0 	 0.4548405162998876 
69.1 	 0.4556227226831358 
69.2 	 0.45635939809253184 
69.3 	 0.45696652612855737 
69.4 	 0.4573752922568386 
69.5 	 0.4575480716865638 
69.6 	 0.4574843388511307 
69.7 	 0.45721564102913065 
69.8 	 0.4567934511769554 
69.9 	 0.4562754301243718 
70.0 	 0.45571445518616566 
70.1 	 0.4551523148093813 
70.2 	 0.4546178026330015 
70.3 	 0.4541278209755831 
70.4 	 0.453689949944771 
70.5 	 0.45330531686941977 
70.6 	 0.4529711059377704 
70.7 	 0.4526824561967244 
70.8 	 0.4524337453970837 
70.9 	 0.45221937172793986 
71.0 	 0.4520341739961334 
71.1 	 0.45187361577041146 
71.2 	 0.4517338284900315 
71.3 	 0.45161157805388685 
71.4 	 0.4515041952578901 
71.5 	 0.4514094934016908 
71.6 	 0.4513256857989727 
71.7 	 0.4512513099751747 
71.8 	 0.45118516178163903 
71.9 	 0.45112624043085503 
72.0 	 0.45107370414307596 
72.1 	 0.4510268353732266 
72.2 	 0.4509850142359523 
72.3 	 0.45094769863600503 
72.4 	 0.45091440966939694 
72.5 	 0.4508845699618872 
72.6 	 0.4508487406191025 
72.7 	 0.45083438846578705 
72.8 	 0.4508315915770303 
72.9 	 0.45083801491177516 
73.0 	 0.4508528806371183 
73.1 	 0.4508763887392776 
73.2 	 0.4509094714760962 
73.3 	 0.450953699188018 
73.4 	 0.45101127124990004 
73.5 	 0.45108506132271686 
73.6 	 0.4511787031173328 
73.7 	 0.4512967117320044 
73.8 	 0.4514446406654972 
73.9 	 0.4516292778323902 
74.0 	 0.45185888625850745 
74.1 	 0.45214349708843504 
74.2 	 0.4524952644583312 
74.3 	 0.45293128002424593 
74.4 	 0.4534765226474123 
74.5 	 0.45414092086722935 
74.6 	 0.4548929560310334 
74.7 	 0.4556720019033317 
74.8 	 0.45639781869739454 
74.9 	 0.4569871564890402 
75.0 	 0.45737372281472793 
75.1 	 0.4575233893519947 
75.2 	 0.4574390107027255 
75.3 	 0.4571545189710079 
75.4 	 0.4567224108970773 
75.5 	 0.4562001435700923 
75.6 	 0.4556395863047085 
75.7 	 0.4550811875428826 
75.8 	 0.4545524321205773 
75.9 	 0.45406914856019764 
76.0 	 0.453638145285832 
76.1 	 0.45326006064594093 
76.2 	 0.45293181363487434 
76.3 	 0.45264843522603637 
76.4 	 0.4524042942347786 
76.5 	 0.4521938354318908 
76.6 	 0.45201197018773537 
76.7 	 0.4518542423730226 
76.8 	 0.45171686121913157 
76.9 	 0.45159666284405364 
77.0 	 0.45149103873371943 
77.1 	 0.45139785310431363 
77.2 	 0.45131536106997083 
77.3 	 0.45124213393920015 
77.4 	 0.4511769945831966 
77.5 	 0.451118963709405 
77.6 	 0.4510672166373619 
77.7 	 0.4510210495008353 
77.8 	 0.450979853479152 
77.9 	 0.4509430955691582 
78.0 	 0.450910304482455 
78.1 	 0.45088091229011584 
78.2 	 0.45084554308604796 
78.3 	 0.4508315747139546 
78.4 	 0.4508289245189398 
78.5 	 0.450835348990581 
78.6 	 0.45085009403904935 
78.7 	 0.4508733658317803 
78.8 	 0.4509060909147744 
78.9 	 0.4509498245589477 
79.0 	 0.45100674258635165 
79.1 	 0.4510796865256448 
79.2 	 0.45117224863544686 
79.3 	 0.4512888920039061 
79.4 	 0.4514351058784671 
79.5 	 0.45161759955024644 
79.6 	 0.45184454043520467 
79.7 	 0.45212584392388977 
79.8 	 0.4524735244623478 
79.9 	 0.4529041924429912 
80.0 	 0.4534424505066849 
